   51             0.707E-03
  101             0.524E-02
  151             0.182E-01
  201             0.401E-01
  251             0.747E-01
  301             0.126E+00
  351             0.205E+00
  401             0.349E+00
  451             0.535E+00
  501             0.812E+00
  551             0.102E+01
  601             0.166E+01
  651             0.161E+01
  701             0.300E+01
  751             0.221E+01
  801             0.469E+01
  851             0.576E+01
  901             0.646E+01
  951             0.810E+01
 1001             0.914E+01
 1051             0.107E+02
 1101             0.124E+02
 1151             0.142E+02
 1201             0.163E+02
 1251             0.189E+02
 1301             0.221E+02
 1351             0.234E+02
 1401             0.276E+02
 1451             0.337E+02
