   51             0.105E-03
  101             0.107E-02
  151             0.369E-02
  201             0.850E-02
  251             0.155E-01
  301             0.267E-01
  351             0.424E-01
  401             0.636E-01
  451             0.928E-01
  501             0.125E+00
  551             0.175E+00
  601             0.244E+00
  651             0.316E+00
  701             0.387E+00
  751             0.489E+00
  801             0.605E+00
  851             0.706E+00
  901             0.869E+00
  951             0.102E+01
 1001             0.122E+01
 1051             0.143E+01
 1101             0.167E+01
 1151             0.191E+01
 1201             0.217E+01
 1251             0.246E+01
 1301             0.278E+01
 1351             0.311E+01
 1401             0.349E+01
 1451             0.391E+01
