 0.00000E+00                                            -0.66667E+00
 0.30000E-01                                            -0.66705E+00
 0.60000E-01                                            -0.66824E+00
 0.90000E-01                                            -0.67028E+00
 0.12000E+00                                            -0.67324E+00
 0.15000E+00                                            -0.67716E+00
 0.18000E+00                                            -0.68207E+00
 0.21000E+00                                            -0.68803E+00
 0.24000E+00                                            -0.69506E+00
 0.27000E+00                                            -0.70318E+00
 0.30000E+00                                            -0.71240E+00
 0.33000E+00                                            -0.72272E+00
 0.36000E+00                                            -0.73413E+00
 0.39000E+00                                            -0.74662E+00
 0.42000E+00                                            -0.76016E+00
 0.45000E+00                                            -0.77470E+00
 0.48000E+00                                            -0.79021E+00
 0.51000E+00                                            -0.80665E+00
 0.54000E+00                                            -0.82395E+00
 0.57000E+00                                            -0.84208E+00
 0.60000E+00                                            -0.86097E+00
 0.63000E+00                                            -0.88058E+00
 0.66000E+00                                            -0.90086E+00
 0.69000E+00                                            -0.92177E+00
 0.72000E+00                                            -0.94324E+00
 0.75000E+00                                            -0.96525E+00
 0.78000E+00                                            -0.98775E+00
 0.81000E+00                                            -0.10107E+01
 0.84000E+00                                            -0.10341E+01
 0.87000E+00                                            -0.10578E+01
 0.90000E+00                                            -0.10820E+01
 0.93000E+00                                            -0.11064E+01
 0.96000E+00                                            -0.11312E+01
 0.99000E+00                                            -0.11562E+01
 0.10200E+01                                            -0.11816E+01
 0.10500E+01                                            -0.12071E+01
 0.10800E+01                                            -0.12329E+01
 0.11100E+01                                            -0.12589E+01
 0.11400E+01                                            -0.12851E+01
 0.11700E+01                                            -0.13115E+01
 0.12000E+01                                            -0.13380E+01
 0.12300E+01                                            -0.13647E+01
 0.12600E+01                                            -0.13916E+01
 0.12900E+01                                            -0.14186E+01
 0.13200E+01                                            -0.14457E+01
 0.13500E+01                                            -0.14730E+01
 0.13800E+01                                            -0.15003E+01
 0.14100E+01                                            -0.15278E+01
 0.14400E+01                                            -0.15554E+01
 0.14700E+01                                            -0.15830E+01
 0.15000E+01                                            -0.16108E+01
 0.15300E+01                                            -0.16387E+01
 0.15600E+01                                            -0.16666E+01
 0.15900E+01                                            -0.16946E+01
 0.16200E+01                                            -0.17227E+01
 0.16500E+01                                            -0.17508E+01
 0.16800E+01                                            -0.17790E+01
 0.17100E+01                                            -0.18073E+01
 0.17400E+01                                            -0.18356E+01
 0.17700E+01                                            -0.18640E+01
 0.18000E+01                                            -0.18925E+01
 0.18300E+01                                            -0.19210E+01
 0.18600E+01                                            -0.19495E+01
 0.18900E+01                                            -0.19781E+01
 0.19200E+01                                            -0.20067E+01
 0.19500E+01                                            -0.20354E+01
 0.19800E+01                                            -0.20641E+01
 0.20100E+01                                            -0.20928E+01
 0.20400E+01                                            -0.21216E+01
 0.20700E+01                                            -0.21505E+01
 0.21000E+01                                            -0.21793E+01
 0.21300E+01                                            -0.22082E+01
 0.21600E+01                                            -0.22371E+01
 0.21900E+01                                            -0.22661E+01
 0.22200E+01                                            -0.22950E+01
 0.22500E+01                                            -0.23240E+01
 0.22800E+01                                            -0.23531E+01
 0.23100E+01                                            -0.23821E+01
 0.23400E+01                                            -0.24112E+01
 0.23700E+01                                            -0.24403E+01
 0.24000E+01                                            -0.24694E+01
 0.24300E+01                                            -0.24986E+01
 0.24600E+01                                            -0.25277E+01
 0.24900E+01                                            -0.25569E+01
 0.25200E+01                                            -0.25861E+01
 0.25500E+01                                            -0.26153E+01
 0.25800E+01                                            -0.26446E+01
 0.26100E+01                                            -0.26738E+01
 0.26400E+01                                            -0.27031E+01
 0.26700E+01                                            -0.27324E+01
 0.27000E+01                                            -0.27617E+01
 0.27300E+01                                            -0.27910E+01
 0.27600E+01                                            -0.28204E+01
 0.27900E+01                                            -0.28497E+01
 0.28200E+01                                            -0.28791E+01
 0.28500E+01                                            -0.29085E+01
 0.28800E+01                                            -0.29379E+01
 0.29100E+01                                            -0.29673E+01
 0.29400E+01                                            -0.29967E+01
 0.29700E+01                                            -0.30261E+01
 0.30000E+01                                            -0.30555E+01
