 0.00000E+00                                            -0.66667E+00
 0.30000E-01                                            -0.66703E+00
 0.60000E-01                                            -0.66810E+00
 0.90000E-01                                            -0.66980E+00
 0.12000E+00                                            -0.67211E+00
 0.15000E+00                                            -0.67496E+00
 0.18000E+00                                            -0.67831E+00
 0.21000E+00                                            -0.68213E+00
 0.24000E+00                                            -0.68637E+00
 0.27000E+00                                            -0.69100E+00
 0.30000E+00                                            -0.69598E+00
 0.33000E+00                                            -0.70130E+00
 0.36000E+00                                            -0.70691E+00
 0.39000E+00                                            -0.71280E+00
 0.42000E+00                                            -0.71895E+00
 0.45000E+00                                            -0.72533E+00
 0.48000E+00                                            -0.73192E+00
 0.51000E+00                                            -0.73871E+00
 0.54000E+00                                            -0.74568E+00
 0.57000E+00                                            -0.75282E+00
 0.60000E+00                                            -0.76012E+00
 0.63000E+00                                            -0.76757E+00
 0.66000E+00                                            -0.77514E+00
 0.69000E+00                                            -0.78284E+00
 0.72000E+00                                            -0.79066E+00
 0.75000E+00                                            -0.79858E+00
 0.78000E+00                                            -0.80661E+00
 0.81000E+00                                            -0.81473E+00
 0.84000E+00                                            -0.82293E+00
 0.87000E+00                                            -0.83122E+00
 0.90000E+00                                            -0.83958E+00
 0.93000E+00                                            -0.84802E+00
 0.96000E+00                                            -0.85652E+00
 0.99000E+00                                            -0.86509E+00
 0.10200E+01                                            -0.87372E+00
 0.10500E+01                                            -0.88240E+00
 0.10800E+01                                            -0.89113E+00
 0.11100E+01                                            -0.89992E+00
 0.11400E+01                                            -0.90875E+00
 0.11700E+01                                            -0.91762E+00
 0.12000E+01                                            -0.92654E+00
 0.12300E+01                                            -0.93550E+00
 0.12600E+01                                            -0.94449E+00
 0.12900E+01                                            -0.95352E+00
 0.13200E+01                                            -0.96259E+00
 0.13500E+01                                            -0.97169E+00
 0.13800E+01                                            -0.98081E+00
 0.14100E+01                                            -0.98997E+00
 0.14400E+01                                            -0.99915E+00
 0.14700E+01                                            -0.10084E+01
 0.15000E+01                                            -0.10176E+01
 0.15300E+01                                            -0.10269E+01
 0.15600E+01                                            -0.10361E+01
 0.15900E+01                                            -0.10454E+01
 0.16200E+01                                            -0.10548E+01
 0.16500E+01                                            -0.10641E+01
 0.16800E+01                                            -0.10735E+01
 0.17100E+01                                            -0.10829E+01
 0.17400E+01                                            -0.10923E+01
 0.17700E+01                                            -0.11017E+01
 0.18000E+01                                            -0.11111E+01
 0.18300E+01                                            -0.11206E+01
 0.18600E+01                                            -0.11300E+01
 0.18900E+01                                            -0.11395E+01
 0.19200E+01                                            -0.11490E+01
 0.19500E+01                                            -0.11585E+01
 0.19800E+01                                            -0.11680E+01
 0.20100E+01                                            -0.11775E+01
 0.20400E+01                                            -0.11871E+01
 0.20700E+01                                            -0.11966E+01
 0.21000E+01                                            -0.12062E+01
 0.21300E+01                                            -0.12158E+01
 0.21600E+01                                            -0.12254E+01
 0.21900E+01                                            -0.12350E+01
 0.22200E+01                                            -0.12446E+01
 0.22500E+01                                            -0.12542E+01
 0.22800E+01                                            -0.12638E+01
 0.23100E+01                                            -0.12734E+01
 0.23400E+01                                            -0.12831E+01
 0.23700E+01                                            -0.12927E+01
 0.24000E+01                                            -0.13024E+01
 0.24300E+01                                            -0.13120E+01
 0.24600E+01                                            -0.13217E+01
 0.24900E+01                                            -0.13314E+01
 0.25200E+01                                            -0.13411E+01
 0.25500E+01                                            -0.13507E+01
 0.25800E+01                                            -0.13604E+01
 0.26100E+01                                            -0.13701E+01
 0.26400E+01                                            -0.13799E+01
 0.26700E+01                                            -0.13896E+01
 0.27000E+01                                            -0.13993E+01
 0.27300E+01                                            -0.14090E+01
 0.27600E+01                                            -0.14187E+01
 0.27900E+01                                            -0.14285E+01
 0.28200E+01                                            -0.14382E+01
 0.28500E+01                                            -0.14480E+01
 0.28800E+01                                            -0.14577E+01
 0.29100E+01                                            -0.14675E+01
 0.29400E+01                                            -0.14772E+01
 0.29700E+01                                            -0.14870E+01
 0.30000E+01                                            -0.14968E+01
