             0.150E-01             0.179E-02
             0.450E-01             0.294E-01
             0.750E-01             0.508E-01
             0.105E+00             0.869E-01
             0.135E+00             0.787E-01
             0.165E+00             0.141E+00
             0.195E+00             0.220E+00
             0.225E+00             0.162E+00
             0.255E+00             0.255E+00
             0.285E+00             0.316E+00
             0.315E+00             0.339E+00
             0.345E+00             0.413E+00
             0.375E+00             0.451E+00
             0.405E+00             0.460E+00
             0.435E+00             0.499E+00
             0.465E+00             0.629E+00
             0.495E+00             0.570E+00
             0.525E+00             0.651E+00
             0.555E+00             0.777E+00
             0.585E+00             0.734E+00
             0.615E+00             0.761E+00
             0.645E+00             0.762E+00
             0.675E+00             0.803E+00
             0.705E+00             0.867E+00
             0.735E+00             0.893E+00
             0.765E+00             0.927E+00
             0.795E+00             0.852E+00
             0.825E+00             0.935E+00
             0.855E+00             0.911E+00
             0.885E+00             0.978E+00
             0.915E+00             0.966E+00
             0.945E+00             0.916E+00
             0.975E+00             0.929E+00
             0.100E+01             0.843E+00
             0.103E+01             0.832E+00
             0.107E+01             0.844E+00
             0.110E+01             0.853E+00
             0.112E+01             0.841E+00
             0.115E+01             0.747E+00
             0.118E+01             0.801E+00
             0.122E+01             0.703E+00
             0.125E+01             0.679E+00
             0.127E+01             0.612E+00
             0.130E+01             0.639E+00
             0.134E+01             0.568E+00
             0.137E+01             0.558E+00
             0.139E+01             0.525E+00
             0.142E+01             0.489E+00
             0.146E+01             0.410E+00
             0.149E+01             0.416E+00
             0.151E+01             0.384E+00
             0.154E+01             0.392E+00
             0.158E+01             0.349E+00
             0.161E+01             0.255E+00
             0.163E+01             0.285E+00
             0.166E+01             0.265E+00
             0.170E+01             0.236E+00
             0.173E+01             0.223E+00
             0.175E+01             0.199E+00
             0.178E+01             0.179E+00
             0.182E+01             0.141E+00
             0.185E+01             0.154E+00
             0.188E+01             0.131E+00
             0.190E+01             0.144E+00
             0.193E+01             0.873E-01
             0.197E+01             0.111E+00
             0.200E+01             0.856E-01
             0.203E+01             0.757E-01
             0.206E+01             0.840E-01
             0.209E+01             0.504E-01
             0.212E+01             0.470E-01
             0.214E+01             0.335E-01
             0.217E+01             0.254E-01
             0.220E+01             0.403E-01
             0.223E+01             0.303E-01
             0.227E+01             0.186E-01
             0.230E+01             0.136E-01
             0.233E+01             0.185E-01
             0.236E+01             0.683E-02
             0.238E+01             0.201E-01
             0.241E+01             0.102E-01
             0.244E+01             0.152E-01
             0.247E+01             0.168E-01
             0.251E+01             0.672E-02
             0.254E+01             0.508E-02
             0.257E+01             0.119E-01
             0.260E+01             0.340E-02
             0.262E+01             0.182E-02
             0.265E+01             0.516E-02
             0.268E+01             0.592E-04
             0.271E+01             0.187E-02
             0.274E+01             0.176E-02
             0.278E+01             0.874E-04
             0.281E+01             0.116E-03
             0.284E+01             0.116E-03
             0.287E+01             0.302E-04
             0.289E+01             0.170E-02
             0.292E+01             0.874E-04
             0.295E+01             0.297E-04
             0.298E+01             0.585E-04
