             0.150E-01             0.107E+01
             0.450E-01             0.948E+00
             0.750E-01             0.936E+00
             0.105E+00             0.978E+00
             0.135E+00             0.873E+00
             0.165E+00             0.899E+00
             0.195E+00             0.845E+00
             0.225E+00             0.854E+00
             0.255E+00             0.705E+00
             0.285E+00             0.748E+00
             0.315E+00             0.766E+00
             0.345E+00             0.769E+00
             0.375E+00             0.692E+00
             0.405E+00             0.676E+00
             0.435E+00             0.694E+00
             0.465E+00             0.655E+00
             0.495E+00             0.650E+00
             0.525E+00             0.590E+00
             0.555E+00             0.629E+00
             0.585E+00             0.581E+00
             0.615E+00             0.534E+00
             0.645E+00             0.595E+00
             0.675E+00             0.579E+00
             0.705E+00             0.525E+00
             0.735E+00             0.488E+00
             0.765E+00             0.502E+00
             0.795E+00             0.467E+00
             0.825E+00             0.464E+00
             0.855E+00             0.446E+00
             0.885E+00             0.416E+00
             0.915E+00             0.464E+00
             0.945E+00             0.471E+00
             0.975E+00             0.386E+00
             0.100E+01             0.383E+00
             0.103E+01             0.360E+00
             0.107E+01             0.404E+00
             0.110E+01             0.390E+00
             0.112E+01             0.337E+00
             0.115E+01             0.353E+00
             0.118E+01             0.306E+00
             0.122E+01             0.332E+00
             0.125E+01             0.311E+00
             0.127E+01             0.264E+00
             0.130E+01             0.299E+00
             0.134E+01             0.276E+00
             0.137E+01             0.256E+00
             0.139E+01             0.258E+00
             0.142E+01             0.302E+00
             0.146E+01             0.253E+00
             0.149E+01             0.216E+00
             0.151E+01             0.246E+00
             0.154E+01             0.235E+00
             0.158E+01             0.220E+00
             0.161E+01             0.251E+00
             0.163E+01             0.209E+00
             0.166E+01             0.213E+00
             0.170E+01             0.195E+00
             0.173E+01             0.165E+00
             0.175E+01             0.183E+00
             0.178E+01             0.181E+00
             0.182E+01             0.160E+00
             0.185E+01             0.165E+00
             0.188E+01             0.155E+00
             0.190E+01             0.160E+00
             0.193E+01             0.188E+00
             0.197E+01             0.163E+00
             0.200E+01             0.142E+00
             0.203E+01             0.132E+00
             0.206E+01             0.156E+00
             0.209E+01             0.134E+00
             0.212E+01             0.126E+00
             0.214E+01             0.155E+00
             0.217E+01             0.142E+00
             0.220E+01             0.111E+00
             0.223E+01             0.133E+00
             0.227E+01             0.116E+00
             0.230E+01             0.668E-01
             0.233E+01             0.879E-01
             0.236E+01             0.966E-01
             0.238E+01             0.808E-01
             0.241E+01             0.913E-01
             0.244E+01             0.843E-01
             0.247E+01             0.755E-01
             0.251E+01             0.826E-01
             0.254E+01             0.808E-01
             0.257E+01             0.878E-01
             0.260E+01             0.860E-01
             0.262E+01             0.685E-01
             0.265E+01             0.755E-01
             0.268E+01             0.878E-01
             0.271E+01             0.615E-01
             0.274E+01             0.685E-01
             0.278E+01             0.615E-01
             0.281E+01             0.597E-01
             0.284E+01             0.527E-01
             0.287E+01             0.615E-01
             0.289E+01             0.755E-01
             0.292E+01             0.650E-01
             0.295E+01             0.474E-01
             0.298E+01             0.492E-01
