             0.150E-01             0.749E+00
             0.450E-01             0.334E+00
             0.750E-01             0.173E+00
             0.105E+00             0.128E+00
             0.135E+00             0.121E+00
             0.165E+00             0.154E+00
             0.195E+00             0.171E+00
             0.225E+00             0.191E+00
             0.255E+00             0.232E+00
             0.285E+00             0.267E+00
             0.315E+00             0.334E+00
             0.345E+00             0.346E+00
             0.375E+00             0.361E+00
             0.405E+00             0.423E+00
             0.435E+00             0.484E+00
             0.465E+00             0.509E+00
             0.495E+00             0.553E+00
             0.525E+00             0.625E+00
             0.555E+00             0.714E+00
             0.585E+00             0.710E+00
             0.615E+00             0.712E+00
             0.645E+00             0.751E+00
             0.675E+00             0.761E+00
             0.705E+00             0.823E+00
             0.735E+00             0.810E+00
             0.765E+00             0.920E+00
             0.795E+00             0.808E+00
             0.825E+00             0.811E+00
             0.855E+00             0.954E+00
             0.885E+00             0.917E+00
             0.915E+00             0.867E+00
             0.945E+00             0.885E+00
             0.975E+00             0.833E+00
             0.100E+01             0.909E+00
             0.103E+01             0.851E+00
             0.107E+01             0.818E+00
             0.110E+01             0.803E+00
             0.112E+01             0.756E+00
             0.115E+01             0.764E+00
             0.118E+01             0.769E+00
             0.122E+01             0.692E+00
             0.125E+01             0.650E+00
             0.127E+01             0.631E+00
             0.130E+01             0.554E+00
             0.134E+01             0.581E+00
             0.137E+01             0.553E+00
             0.139E+01             0.459E+00
             0.142E+01             0.472E+00
             0.146E+01             0.395E+00
             0.149E+01             0.373E+00
             0.151E+01             0.400E+00
             0.154E+01             0.333E+00
             0.158E+01             0.302E+00
             0.161E+01             0.291E+00
             0.163E+01             0.257E+00
             0.166E+01             0.280E+00
             0.170E+01             0.202E+00
             0.173E+01             0.190E+00
             0.175E+01             0.185E+00
             0.178E+01             0.178E+00
             0.182E+01             0.173E+00
             0.185E+01             0.141E+00
             0.188E+01             0.106E+00
             0.190E+01             0.111E+00
             0.193E+01             0.111E+00
             0.197E+01             0.907E-01
             0.200E+01             0.672E-01
             0.203E+01             0.689E-01
             0.206E+01             0.571E-01
             0.209E+01             0.554E-01
             0.212E+01             0.454E-01
             0.214E+01             0.353E-01
             0.217E+01             0.302E-01
             0.220E+01             0.386E-01
             0.223E+01             0.302E-01
             0.227E+01             0.218E-01
             0.230E+01             0.285E-01
             0.233E+01             0.118E-01
             0.236E+01             0.117E-01
             0.238E+01             0.118E-01
             0.241E+01             0.672E-02
             0.244E+01             0.673E-02
             0.247E+01             0.101E-01
             0.251E+01             0.504E-02
             0.254E+01             0.839E-02
             0.257E+01             0.505E-02
             0.260E+01             0.336E-02
             0.262E+01             0.671E-02
             0.265E+01             0.865E-05
             0.268E+01             0.503E-02
             0.271E+01             0.314E-05
             0.274E+01             0.295E-05
             0.278E+01             0.168E-02
             0.281E+01             0.168E-02
             0.284E+01             0.194E-06
             0.287E+01             0.507E-07
             0.289E+01             0.168E-02
             0.292E+01             0.147E-06
             0.295E+01             0.498E-07
             0.298E+01             0.168E-02
