 0.00000E+00                                            -0.40000E+00
 0.30000E-01                                            -0.40379E+00
 0.60000E-01                                            -0.40774E+00
 0.90000E-01                                            -0.41184E+00
 0.12000E+00                                            -0.41607E+00
 0.15000E+00                                            -0.42043E+00
 0.18000E+00                                            -0.42492E+00
 0.21000E+00                                            -0.42955E+00
 0.24000E+00                                            -0.43434E+00
 0.27000E+00                                            -0.43929E+00
 0.30000E+00                                            -0.44444E+00
 0.33000E+00                                            -0.44981E+00
 0.36000E+00                                            -0.45545E+00
 0.39000E+00                                            -0.46139E+00
 0.42000E+00                                            -0.46768E+00
 0.45000E+00                                            -0.47436E+00
 0.48000E+00                                            -0.48147E+00
 0.51000E+00                                            -0.48904E+00
 0.54000E+00                                            -0.49711E+00
 0.57000E+00                                            -0.50570E+00
 0.60000E+00                                            -0.51483E+00
 0.63000E+00                                            -0.52450E+00
 0.66000E+00                                            -0.53471E+00
 0.69000E+00                                            -0.54544E+00
 0.72000E+00                                            -0.55669E+00
 0.75000E+00                                            -0.56843E+00
 0.78000E+00                                            -0.58063E+00
 0.81000E+00                                            -0.59327E+00
 0.84000E+00                                            -0.60631E+00
 0.87000E+00                                            -0.61972E+00
 0.90000E+00                                            -0.63347E+00
 0.93000E+00                                            -0.64754E+00
 0.96000E+00                                            -0.66190E+00
 0.99000E+00                                            -0.67652E+00
 0.10200E+01                                            -0.69138E+00
 0.10500E+01                                            -0.70646E+00
 0.10800E+01                                            -0.72173E+00
 0.11100E+01                                            -0.73719E+00
 0.11400E+01                                            -0.75282E+00
 0.11700E+01                                            -0.76859E+00
 0.12000E+01                                            -0.78450E+00
 0.12300E+01                                            -0.80054E+00
 0.12600E+01                                            -0.81670E+00
 0.12900E+01                                            -0.82403E+00
 0.13200E+01                                            -0.83034E+00
 0.13500E+01                                            -0.83660E+00
 0.13800E+01                                            -0.84282E+00
 0.14100E+01                                            -0.84900E+00
 0.14400E+01                                            -0.85515E+00
 0.14700E+01                                            -0.86127E+00
 0.15000E+01                                            -0.86736E+00
 0.15300E+01                                            -0.87343E+00
 0.15600E+01                                            -0.87948E+00
 0.15900E+01                                            -0.88551E+00
 0.16200E+01                                            -0.89152E+00
 0.16500E+01                                            -0.89751E+00
 0.16800E+01                                            -0.90350E+00
 0.17100E+01                                            -0.90946E+00
 0.17400E+01                                            -0.91542E+00
 0.17700E+01                                            -0.92888E+00
 0.18000E+01                                            -0.94560E+00
 0.18300E+01                                            -0.96235E+00
 0.18600E+01                                            -0.97916E+00
 0.18900E+01                                            -0.99601E+00
 0.19200E+01                                            -0.10129E+01
 0.19500E+01                                            -0.10298E+01
 0.19800E+01                                            -0.10468E+01
 0.20100E+01                                            -0.10638E+01
 0.20400E+01                                            -0.10808E+01
 0.20700E+01                                            -0.10979E+01
 0.21000E+01                                            -0.11150E+01
 0.21300E+01                                            -0.11321E+01
 0.21600E+01                                            -0.11492E+01
 0.21900E+01                                            -0.11664E+01
 0.22200E+01                                            -0.11836E+01
 0.22500E+01                                            -0.12008E+01
 0.22800E+01                                            -0.12181E+01
 0.23100E+01                                            -0.12353E+01
 0.23400E+01                                            -0.12526E+01
 0.23700E+01                                            -0.12699E+01
 0.24000E+01                                            -0.12873E+01
 0.24300E+01                                            -0.13046E+01
 0.24600E+01                                            -0.13220E+01
 0.24900E+01                                            -0.13394E+01
 0.25200E+01                                            -0.13568E+01
 0.25500E+01                                            -0.13742E+01
 0.25800E+01                                            -0.13916E+01
 0.26100E+01                                            -0.14090E+01
 0.26400E+01                                            -0.14265E+01
 0.26700E+01                                            -0.14440E+01
 0.27000E+01                                            -0.14615E+01
 0.27300E+01                                            -0.14790E+01
 0.27600E+01                                            -0.14965E+01
 0.27900E+01                                            -0.15140E+01
 0.28200E+01                                            -0.15315E+01
 0.28500E+01                                            -0.15490E+01
 0.28800E+01                                            -0.15666E+01
 0.29100E+01                                            -0.15842E+01
 0.29400E+01                                            -0.16017E+01
 0.29700E+01                                            -0.16193E+01
 0.30000E+01                                            -0.16369E+01
