 0.00000E+00                                            -0.80000E+00
 0.30000E-01                                            -0.80032E+00
 0.60000E-01                                            -0.80126E+00
 0.90000E-01                                            -0.80284E+00
 0.12000E+00                                            -0.80504E+00
 0.15000E+00                                            -0.80787E+00
 0.18000E+00                                            -0.81133E+00
 0.21000E+00                                            -0.81541E+00
 0.24000E+00                                            -0.82010E+00
 0.27000E+00                                            -0.82540E+00
 0.30000E+00                                            -0.83129E+00
 0.33000E+00                                            -0.83776E+00
 0.36000E+00                                            -0.84479E+00
 0.39000E+00                                            -0.85237E+00
 0.42000E+00                                            -0.86047E+00
 0.45000E+00                                            -0.86908E+00
 0.48000E+00                                            -0.87817E+00
 0.51000E+00                                            -0.88773E+00
 0.54000E+00                                            -0.89772E+00
 0.57000E+00                                            -0.90814E+00
 0.60000E+00                                            -0.91895E+00
 0.63000E+00                                            -0.93013E+00
 0.66000E+00                                            -0.94167E+00
 0.69000E+00                                            -0.95354E+00
 0.72000E+00                                            -0.96572E+00
 0.75000E+00                                            -0.97820E+00
 0.78000E+00                                            -0.99095E+00
 0.81000E+00                                            -0.10040E+01
 0.84000E+00                                            -0.10172E+01
 0.87000E+00                                            -0.10307E+01
 0.90000E+00                                            -0.10444E+01
 0.93000E+00                                            -0.10583E+01
 0.96000E+00                                            -0.10724E+01
 0.99000E+00                                            -0.10867E+01
 0.10200E+01                                            -0.11011E+01
 0.10500E+01                                            -0.11157E+01
 0.10800E+01                                            -0.11305E+01
 0.11100E+01                                            -0.11454E+01
 0.11400E+01                                            -0.11604E+01
 0.11700E+01                                            -0.11755E+01
 0.12000E+01                                            -0.11908E+01
 0.12300E+01                                            -0.12061E+01
 0.12600E+01                                            -0.12216E+01
 0.12900E+01                                            -0.12372E+01
 0.13200E+01                                            -0.12529E+01
 0.13500E+01                                            -0.12686E+01
 0.13800E+01                                            -0.12844E+01
 0.14100E+01                                            -0.13004E+01
 0.14400E+01                                            -0.13164E+01
 0.14700E+01                                            -0.13324E+01
 0.15000E+01                                            -0.13485E+01
 0.15300E+01                                            -0.13647E+01
 0.15600E+01                                            -0.13810E+01
 0.15900E+01                                            -0.13973E+01
 0.16200E+01                                            -0.14137E+01
 0.16500E+01                                            -0.14301E+01
 0.16800E+01                                            -0.14466E+01
 0.17100E+01                                            -0.14631E+01
 0.17400E+01                                            -0.14796E+01
 0.17700E+01                                            -0.14963E+01
 0.18000E+01                                            -0.15129E+01
 0.18300E+01                                            -0.15296E+01
 0.18600E+01                                            -0.15463E+01
 0.18900E+01                                            -0.15631E+01
 0.19200E+01                                            -0.15799E+01
 0.19500E+01                                            -0.15967E+01
 0.19800E+01                                            -0.16136E+01
 0.20100E+01                                            -0.16305E+01
 0.20400E+01                                            -0.16474E+01
 0.20700E+01                                            -0.16644E+01
 0.21000E+01                                            -0.16814E+01
 0.21300E+01                                            -0.16984E+01
 0.21600E+01                                            -0.17154E+01
 0.21900E+01                                            -0.17325E+01
 0.22200E+01                                            -0.17496E+01
 0.22500E+01                                            -0.17667E+01
 0.22800E+01                                            -0.17838E+01
 0.23100E+01                                            -0.18009E+01
 0.23400E+01                                            -0.18181E+01
 0.23700E+01                                            -0.18353E+01
 0.24000E+01                                            -0.18525E+01
 0.24300E+01                                            -0.18697E+01
 0.24600E+01                                            -0.18870E+01
 0.24900E+01                                            -0.19043E+01
 0.25200E+01                                            -0.19215E+01
 0.25500E+01                                            -0.19388E+01
 0.25800E+01                                            -0.19561E+01
 0.26100E+01                                            -0.19735E+01
 0.26400E+01                                            -0.19908E+01
 0.26700E+01                                            -0.20082E+01
 0.27000E+01                                            -0.20255E+01
 0.27300E+01                                            -0.20429E+01
 0.27600E+01                                            -0.20603E+01
 0.27900E+01                                            -0.20777E+01
 0.28200E+01                                            -0.20951E+01
 0.28500E+01                                            -0.21126E+01
 0.28800E+01                                            -0.21300E+01
 0.29100E+01                                            -0.21474E+01
 0.29400E+01                                            -0.21649E+01
 0.29700E+01                                            -0.21824E+01
 0.30000E+01                                            -0.21999E+01
