   51             0.400E-04
  101             0.136E-03
  151             0.334E-03
  201             0.660E-03
  251             0.122E-02
  301             0.186E-02
  351             0.286E-02
  401             0.417E-02
  451             0.584E-02
  501             0.707E-02
  551             0.124E-01
  601             0.139E-01
  651             0.176E-01
  701             0.221E-01
  751             0.345E-01
  801             0.306E-01
  851             0.374E-01
  901             0.446E-01
  951             0.498E-01
 1001             0.575E-01
 1051             0.708E-01
 1101             0.796E-01
 1151             0.891E-01
 1201             0.989E-01
 1251             0.112E+00
 1301             0.125E+00
 1351             0.140E+00
 1401             0.136E+00
 1451             0.149E+00
