   51             0.126E-03
  101             0.104E-02
  151             0.378E-02
  201             0.909E-02
  251             0.178E-01
  301             0.300E-01
  351             0.481E-01
  401             0.710E-01
  451             0.107E+00
  501             0.141E+00
  551             0.197E+00
  601             0.261E+00
  651             0.336E+00
  701             0.420E+00
  751             0.517E+00
  801             0.650E+00
  851             0.782E+00
  901             0.927E+00
  951             0.110E+01
 1001             0.130E+01
 1051             0.151E+01
 1101             0.174E+01
 1151             0.202E+01
 1201             0.228E+01
 1251             0.261E+01
 1301             0.302E+01
 1351             0.328E+01
 1401             0.314E+01
 1451             0.519E+01
