   51             0.246E-03
  101             0.263E-02
  151             0.840E-02
  201             0.202E-01
  251             0.413E-01
  301             0.723E-01
  351             0.115E+00
  401             0.172E+00
  451             0.250E+00
  501             0.348E+00
  551             0.464E+00
  601             0.613E+00
  651             0.773E+00
  701             0.973E+00
  751             0.120E+01
  801             0.146E+01
  851             0.175E+01
  901             0.209E+01
  951             0.245E+01
 1001             0.297E+01
 1051             0.303E+01
 1101             0.315E+01
 1151             0.358E+01
 1201             0.488E+01
 1251             0.544E+01
 1301             0.618E+01
 1351             0.691E+01
 1401             0.768E+01
 1451             0.854E+01
