 0.30000E-01                                            -0.99999E+00
 0.60000E-01                                            -0.10007E+01
 0.90000E-01                                            -0.10019E+01
 0.12000E+00                                            -0.10036E+01
 0.15000E+00                                            -0.10057E+01
 0.18000E+00                                            -0.10084E+01
 0.21000E+00                                            -0.10115E+01
 0.24000E+00                                            -0.10151E+01
 0.27000E+00                                            -0.10192E+01
 0.30000E+00                                            -0.10238E+01
 0.33000E+00                                            -0.10289E+01
 0.36000E+00                                            -0.10344E+01
 0.39000E+00                                            -0.10405E+01
 0.42000E+00                                            -0.10471E+01
 0.45000E+00                                            -0.10539E+01
 0.48000E+00                                            -0.10615E+01
 0.51000E+00                                            -0.10696E+01
 0.54000E+00                                            -0.10783E+01
 0.57000E+00                                            -0.10875E+01
 0.60000E+00                                            -0.10972E+01
 0.63000E+00                                            -0.11070E+01
 0.66000E+00                                            -0.11171E+01
 0.69000E+00                                            -0.11285E+01
 0.72000E+00                                            -0.11405E+01
 0.75000E+00                                            -0.11531E+01
 0.78000E+00                                            -0.11664E+01
 0.81000E+00                                            -0.11803E+01
 0.84000E+00                                            -0.11949E+01
 0.87000E+00                                            -0.12102E+01
 0.90000E+00                                            -0.12262E+01
 0.93000E+00                                            -0.12439E+01
 0.96000E+00                                            -0.12614E+01
 0.99000E+00                                            -0.12798E+01
 0.10200E+01                                            -0.12989E+01
 0.10500E+01                                            -0.13184E+01
 0.10800E+01                                            -0.13384E+01
 0.11100E+01                                            -0.13592E+01
 0.11400E+01                                            -0.13809E+01
 0.11700E+01                                            -0.14027E+01
 0.12000E+01                                            -0.14251E+01
 0.12300E+01                                            -0.14478E+01
 0.12600E+01                                            -0.14709E+01
 0.12900E+01                                            -0.14945E+01
 0.13200E+01                                            -0.15185E+01
 0.13500E+01                                            -0.15428E+01
 0.13800E+01                                            -0.15674E+01
 0.14100E+01                                            -0.15932E+01
 0.14400E+01                                            -0.16184E+01
 0.14700E+01                                            -0.16439E+01
 0.15000E+01                                            -0.16700E+01
 0.15300E+01                                            -0.16960E+01
 0.15600E+01                                            -0.17222E+01
 0.15900E+01                                            -0.17485E+01
 0.16200E+01                                            -0.17751E+01
 0.16500E+01                                            -0.18023E+01
 0.16800E+01                                            -0.18291E+01
 0.17100E+01                                            -0.18561E+01
 0.17400E+01                                            -0.18832E+01
 0.17700E+01                                            -0.19105E+01
 0.18000E+01                                            -0.19380E+01
 0.18300E+01                                            -0.19655E+01
 0.18600E+01                                            -0.19937E+01
 0.18900E+01                                            -0.20213E+01
 0.19200E+01                                            -0.20492E+01
 0.19500E+01                                            -0.20770E+01
 0.19800E+01                                            -0.21050E+01
 0.20100E+01                                            -0.21331E+01
 0.20400E+01                                            -0.21611E+01
 0.20700E+01                                            -0.21893E+01
 0.21000E+01                                            -0.22174E+01
 0.21300E+01                                            -0.22458E+01
 0.21600E+01                                            -0.22742E+01
 0.21900E+01                                            -0.23025E+01
 0.22200E+01                                            -0.23309E+01
 0.22500E+01                                            -0.23593E+01
 0.22800E+01                                            -0.23878E+01
 0.23100E+01                                            -0.24168E+01
 0.23400E+01                                            -0.24454E+01
 0.23700E+01                                            -0.24740E+01
 0.24000E+01                                            -0.25026E+01
 0.24300E+01                                            -0.25313E+01
 0.24600E+01                                            -0.25600E+01
 0.24900E+01                                            -0.25887E+01
 0.25200E+01                                            -0.26176E+01
 0.25500E+01                                            -0.26464E+01
 0.25800E+01                                            -0.26752E+01
 0.26100E+01                                            -0.27041E+01
 0.26400E+01                                            -0.27330E+01
 0.26700E+01                                            -0.27623E+01
 0.27000E+01                                            -0.27913E+01
 0.27300E+01                                            -0.28202E+01
 0.27600E+01                                            -0.28492E+01
 0.27900E+01                                            -0.28782E+01
 0.28200E+01                                            -0.29073E+01
 0.28500E+01                                            -0.29363E+01
 0.28800E+01                                            -0.29654E+01
 0.29100E+01                                            -0.29945E+01
 0.29400E+01                                            -0.30236E+01
 0.29700E+01                                            -0.30527E+01
 0.30000E+01                                            -0.30819E+01
