 0.30000E-01                                            -0.10002E+01
 0.60000E-01                                            -0.10010E+01
 0.90000E-01                                            -0.10022E+01
 0.12000E+00                                            -0.10038E+01
 0.15000E+00                                            -0.10060E+01
 0.18000E+00                                            -0.10086E+01
 0.21000E+00                                            -0.10117E+01
 0.24000E+00                                            -0.10153E+01
 0.27000E+00                                            -0.10194E+01
 0.30000E+00                                            -0.10240E+01
 0.33000E+00                                            -0.10291E+01
 0.36000E+00                                            -0.10347E+01
 0.39000E+00                                            -0.10407E+01
 0.42000E+00                                            -0.10473E+01
 0.45000E+00                                            -0.10541E+01
 0.48000E+00                                            -0.10617E+01
 0.51000E+00                                            -0.10698E+01
 0.54000E+00                                            -0.10785E+01
 0.57000E+00                                            -0.10877E+01
 0.60000E+00                                            -0.10974E+01
 0.63000E+00                                            -0.11072E+01
 0.66000E+00                                            -0.11173E+01
 0.69000E+00                                            -0.11287E+01
 0.72000E+00                                            -0.11407E+01
 0.75000E+00                                            -0.11533E+01
 0.78000E+00                                            -0.11666E+01
 0.81000E+00                                            -0.11805E+01
 0.84000E+00                                            -0.11951E+01
 0.87000E+00                                            -0.12104E+01
 0.90000E+00                                            -0.12264E+01
 0.93000E+00                                            -0.12441E+01
 0.96000E+00                                            -0.12615E+01
 0.99000E+00                                            -0.12800E+01
 0.10200E+01                                            -0.12990E+01
 0.10500E+01                                            -0.13185E+01
 0.10800E+01                                            -0.13386E+01
 0.11100E+01                                            -0.13593E+01
 0.11400E+01                                            -0.13811E+01
 0.11700E+01                                            -0.14029E+01
 0.12000E+01                                            -0.14252E+01
 0.12300E+01                                            -0.14479E+01
 0.12600E+01                                            -0.14711E+01
 0.12900E+01                                            -0.14946E+01
 0.13200E+01                                            -0.15186E+01
 0.13500E+01                                            -0.15429E+01
 0.13800E+01                                            -0.15675E+01
 0.14100E+01                                            -0.15933E+01
 0.14400E+01                                            -0.16185E+01
 0.14700E+01                                            -0.16440E+01
 0.15000E+01                                            -0.16701E+01
 0.15300E+01                                            -0.16961E+01
 0.15600E+01                                            -0.17223E+01
 0.15900E+01                                            -0.17486E+01
 0.16200E+01                                            -0.17751E+01
 0.16500E+01                                            -0.18023E+01
 0.16800E+01                                            -0.18292E+01
 0.17100E+01                                            -0.18562E+01
 0.17400E+01                                            -0.18832E+01
 0.17700E+01                                            -0.19105E+01
 0.18000E+01                                            -0.19380E+01
 0.18300E+01                                            -0.19655E+01
 0.18600E+01                                            -0.19937E+01
 0.18900E+01                                            -0.20213E+01
 0.19200E+01                                            -0.20492E+01
 0.19500E+01                                            -0.20770E+01
 0.19800E+01                                            -0.21050E+01
 0.20100E+01                                            -0.21331E+01
 0.20400E+01                                            -0.21611E+01
 0.20700E+01                                            -0.21893E+01
 0.21000E+01                                            -0.22174E+01
 0.21300E+01                                            -0.22458E+01
 0.21600E+01                                            -0.22742E+01
 0.21900E+01                                            -0.23025E+01
 0.22200E+01                                            -0.23309E+01
 0.22500E+01                                            -0.23593E+01
 0.22800E+01                                            -0.23878E+01
 0.23100E+01                                            -0.24168E+01
 0.23400E+01                                            -0.24454E+01
 0.23700E+01                                            -0.24740E+01
 0.24000E+01                                            -0.25026E+01
 0.24300E+01                                            -0.25313E+01
 0.24600E+01                                            -0.25600E+01
 0.24900E+01                                            -0.25887E+01
 0.25200E+01                                            -0.26176E+01
 0.25500E+01                                            -0.26464E+01
 0.25800E+01                                            -0.26752E+01
 0.26100E+01                                            -0.27041E+01
 0.26400E+01                                            -0.27330E+01
 0.26700E+01                                            -0.27623E+01
 0.27000E+01                                            -0.27913E+01
 0.27300E+01                                            -0.28202E+01
 0.27600E+01                                            -0.28492E+01
 0.27900E+01                                            -0.28782E+01
 0.28200E+01                                            -0.29073E+01
 0.28500E+01                                            -0.29363E+01
 0.28800E+01                                            -0.29654E+01
 0.29100E+01                                            -0.29945E+01
 0.29400E+01                                            -0.30236E+01
 0.29700E+01                                            -0.30527E+01
 0.30000E+01                                            -0.30819E+01
