 0.00000E+00                                            -0.62500E+00
 0.30000E-01                                            -0.63219E+00
 0.60000E-01                                            -0.63990E+00
 0.90000E-01                                            -0.64811E+00
 0.12000E+00                                            -0.65684E+00
 0.15000E+00                                            -0.66607E+00
 0.18000E+00                                            -0.67579E+00
 0.21000E+00                                            -0.68601E+00
 0.24000E+00                                            -0.69671E+00
 0.27000E+00                                            -0.70789E+00
 0.30000E+00                                            -0.71953E+00
 0.33000E+00                                            -0.73163E+00
 0.36000E+00                                            -0.74417E+00
 0.39000E+00                                            -0.75716E+00
 0.42000E+00                                            -0.77056E+00
 0.45000E+00                                            -0.78437E+00
 0.48000E+00                                            -0.79858E+00
 0.51000E+00                                            -0.81318E+00
 0.54000E+00                                            -0.82814E+00
 0.57000E+00                                            -0.84345E+00
 0.60000E+00                                            -0.85909E+00
 0.63000E+00                                            -0.87506E+00
 0.66000E+00                                            -0.89133E+00
 0.69000E+00                                            -0.90790E+00
 0.72000E+00                                            -0.92474E+00
 0.75000E+00                                            -0.94185E+00
 0.78000E+00                                            -0.95920E+00
 0.81000E+00                                            -0.97679E+00
 0.84000E+00                                            -0.99461E+00
 0.87000E+00                                            -0.10126E+01
 0.90000E+00                                            -0.10309E+01
 0.93000E+00                                            -0.10493E+01
 0.96000E+00                                            -0.10679E+01
 0.99000E+00                                            -0.10866E+01
 0.10200E+01                                            -0.11055E+01
 0.10500E+01                                            -0.11246E+01
 0.10800E+01                                            -0.11438E+01
 0.11100E+01                                            -0.11632E+01
 0.11400E+01                                            -0.11826E+01
 0.11700E+01                                            -0.12022E+01
 0.12000E+01                                            -0.12219E+01
 0.12300E+01                                            -0.12418E+01
 0.12600E+01                                            -0.12617E+01
 0.12900E+01                                            -0.12817E+01
 0.13200E+01                                            -0.13018E+01
 0.13500E+01                                            -0.13220E+01
 0.13800E+01                                            -0.13423E+01
 0.14100E+01                                            -0.13626E+01
 0.14400E+01                                            -0.13831E+01
 0.14700E+01                                            -0.14036E+01
 0.15000E+01                                            -0.14241E+01
 0.15300E+01                                            -0.14448E+01
 0.15600E+01                                            -0.14655E+01
 0.15900E+01                                            -0.14862E+01
 0.16200E+01                                            -0.15070E+01
 0.16500E+01                                            -0.15279E+01
 0.16800E+01                                            -0.15488E+01
 0.17100E+01                                            -0.15698E+01
 0.17400E+01                                            -0.15908E+01
 0.17700E+01                                            -0.16118E+01
 0.18000E+01                                            -0.16329E+01
 0.18300E+01                                            -0.16541E+01
 0.18600E+01                                            -0.16753E+01
 0.18900E+01                                            -0.16965E+01
 0.19200E+01                                            -0.17177E+01
 0.19500E+01                                            -0.17390E+01
 0.19800E+01                                            -0.17603E+01
 0.20100E+01                                            -0.17817E+01
 0.20400E+01                                            -0.18031E+01
 0.20700E+01                                            -0.18245E+01
 0.21000E+01                                            -0.18459E+01
 0.21300E+01                                            -0.18674E+01
 0.21600E+01                                            -0.18889E+01
 0.21900E+01                                            -0.19104E+01
 0.22200E+01                                            -0.19319E+01
 0.22500E+01                                            -0.19535E+01
 0.22800E+01                                            -0.19751E+01
 0.23100E+01                                            -0.19967E+01
 0.23400E+01                                            -0.20183E+01
 0.23700E+01                                            -0.20400E+01
 0.24000E+01                                            -0.20616E+01
 0.24300E+01                                            -0.20833E+01
 0.24600E+01                                            -0.21050E+01
 0.24900E+01                                            -0.21268E+01
 0.25200E+01                                            -0.21485E+01
 0.25500E+01                                            -0.21703E+01
 0.25800E+01                                            -0.21920E+01
 0.26100E+01                                            -0.22138E+01
 0.26400E+01                                            -0.22356E+01
 0.26700E+01                                            -0.22575E+01
 0.27000E+01                                            -0.22793E+01
 0.27300E+01                                            -0.23011E+01
 0.27600E+01                                            -0.23230E+01
 0.27900E+01                                            -0.23449E+01
 0.28200E+01                                            -0.23668E+01
 0.28500E+01                                            -0.23887E+01
 0.28800E+01                                            -0.24106E+01
 0.29100E+01                                            -0.24325E+01
 0.29400E+01                                            -0.24544E+01
 0.29700E+01                                            -0.24764E+01
 0.30000E+01                                            -0.24983E+01
