    1             0.100E+02             0.210E-06
    2             0.300E+02             0.526E-05
    3             0.500E+02             0.355E-04
    4             0.700E+02             0.131E-03
    5             0.900E+02             0.353E-03
    6             0.110E+03             0.782E-03
    7             0.130E+03             0.152E-02
    8             0.150E+03             0.269E-02
    9             0.170E+03             0.442E-02
   10             0.190E+03             0.689E-02
   11             0.210E+03             0.103E-01
   12             0.230E+03             0.148E-01
   13             0.250E+03             0.206E-01
   14             0.270E+03             0.280E-01
   15             0.290E+03             0.373E-01
   16             0.310E+03             0.487E-01
   17             0.330E+03             0.625E-01
   18             0.350E+03             0.791E-01
   19             0.370E+03             0.988E-01
   20             0.390E+03             0.122E+00
   21             0.410E+03             0.149E+00
   22             0.430E+03             0.180E+00
   23             0.450E+03             0.216E+00
   24             0.469E+03             0.257E+00
   25             0.489E+03             0.304E+00
   26             0.509E+03             0.357E+00
   27             0.529E+03             0.416E+00
   28             0.549E+03             0.482E+00
   29             0.569E+03             0.556E+00
   30             0.589E+03             0.639E+00
   31             0.609E+03             0.730E+00
   32             0.629E+03             0.831E+00
   33             0.649E+03             0.941E+00
   34             0.669E+03             0.106E+01
   35             0.689E+03             0.120E+01
   36             0.709E+03             0.134E+01
   37             0.729E+03             0.150E+01
   38             0.749E+03             0.167E+01
   39             0.769E+03             0.185E+01
   40             0.789E+03             0.205E+01
   41             0.808E+03             0.227E+01
   42             0.828E+03             0.250E+01
   43             0.848E+03             0.275E+01
   44             0.868E+03             0.302E+01
   45             0.888E+03             0.331E+01
   46             0.908E+03             0.362E+01
   47             0.928E+03             0.395E+01
   48             0.948E+03             0.430E+01
   49             0.968E+03             0.467E+01
   50             0.988E+03             0.507E+01
   51             0.101E+04             0.549E+01
   52             0.103E+04             0.594E+01
   53             0.105E+04             0.642E+01
   54             0.107E+04             0.692E+01
   55             0.109E+04             0.746E+01
   56             0.111E+04             0.802E+01
   57             0.113E+04             0.861E+01
   58             0.115E+04             0.924E+01
   59             0.117E+04             0.990E+01
   60             0.119E+04             0.106E+02
   61             0.121E+04             0.113E+02
   62             0.123E+04             0.121E+02
   63             0.125E+04             0.129E+02
   64             0.127E+04             0.138E+02
   65             0.129E+04             0.146E+02
   66             0.131E+04             0.156E+02
   67             0.133E+04             0.165E+02
   68             0.135E+04             0.176E+02
   69             0.137E+04             0.186E+02
   70             0.139E+04             0.197E+02
   71             0.141E+04             0.209E+02
   72             0.143E+04             0.221E+02
   73             0.145E+04             0.234E+02
   74             0.147E+04             0.247E+02
   75             0.148E+04             0.261E+02
   76             0.150E+04             0.275E+02
   77             0.152E+04             0.290E+02
   78             0.154E+04             0.305E+02
   79             0.156E+04             0.322E+02
   80             0.158E+04             0.338E+02
   81             0.160E+04             0.356E+02
   82             0.162E+04             0.374E+02
   83             0.164E+04             0.392E+02
   84             0.166E+04             0.412E+02
   85             0.168E+04             0.432E+02
   86             0.170E+04             0.453E+02
   87             0.172E+04             0.474E+02
   88             0.174E+04             0.497E+02
   89             0.176E+04             0.520E+02
   90             0.178E+04             0.544E+02
   91             0.180E+04             0.569E+02
   92             0.182E+04             0.594E+02
   93             0.184E+04             0.621E+02
   94             0.186E+04             0.648E+02
   95             0.188E+04             0.676E+02
   96             0.190E+04             0.706E+02
   97             0.192E+04             0.736E+02
   98             0.194E+04             0.767E+02
   99             0.196E+04             0.799E+02
  100             0.198E+04             0.832E+02
  101             0.200E+04             0.866E+02
  102             0.202E+04             0.901E+02
  103             0.204E+04             0.937E+02
  104             0.206E+04             0.974E+02
  105             0.208E+04             0.101E+03
  106             0.210E+04             0.105E+03
  107             0.212E+04             0.109E+03
  108             0.214E+04             0.113E+03
  109             0.216E+04             0.118E+03
  110             0.218E+04             0.122E+03
  111             0.220E+04             0.127E+03
  112             0.222E+04             0.131E+03
  113             0.224E+04             0.136E+03
  114             0.226E+04             0.141E+03
  115             0.228E+04             0.146E+03
  116             0.230E+04             0.151E+03
  117             0.232E+04             0.157E+03
  118             0.234E+04             0.162E+03
  119             0.236E+04             0.168E+03
  120             0.238E+04             0.173E+03
  121             0.240E+04             0.179E+03
  122             0.242E+04             0.185E+03
  123             0.244E+04             0.191E+03
  124             0.246E+04             0.198E+03
  125             0.248E+04             0.204E+03
  126             0.250E+04             0.211E+03
  127             0.252E+04             0.218E+03
  128             0.254E+04             0.225E+03
  129             0.255E+04             0.232E+03
  130             0.257E+04             0.239E+03
  131             0.259E+04             0.247E+03
  132             0.261E+04             0.254E+03
  133             0.263E+04             0.262E+03
  134             0.265E+04             0.270E+03
  135             0.267E+04             0.279E+03
  136             0.269E+04             0.287E+03
  137             0.271E+04             0.296E+03
  138             0.273E+04             0.304E+03
  139             0.275E+04             0.313E+03
  140             0.277E+04             0.323E+03
  141             0.279E+04             0.332E+03
  142             0.281E+04             0.341E+03
  143             0.283E+04             0.351E+03
  144             0.285E+04             0.361E+03
  145             0.287E+04             0.371E+03
  146             0.289E+04             0.382E+03
  147             0.291E+04             0.392E+03
  148             0.293E+04             0.402E+03
  149             0.295E+04             0.413E+03
  150             0.297E+04             0.423E+03
  151             0.299E+04             0.432E+03
  152             0.301E+04             0.440E+03
  153             0.303E+04             0.446E+03
  154             0.305E+04             0.450E+03
  155             0.307E+04             0.450E+03
  156             0.309E+04             0.446E+03
  157             0.311E+04             0.436E+03
  158             0.313E+04             0.420E+03
  159             0.315E+04             0.396E+03
  160             0.317E+04             0.366E+03
  161             0.319E+04             0.329E+03
  162             0.321E+04             0.286E+03
  163             0.323E+04             0.239E+03
  164             0.326E+04             0.189E+03
  165             0.328E+04             0.140E+03
  166             0.330E+04             0.930E+02
  167             0.332E+04             0.524E+02
  168             0.335E+04             0.211E+02
  169             0.337E+04             0.298E+01
  170             0.339E+04             0.187E+01
  171             0.341E+04             0.219E+02
  172             0.344E+04             0.674E+02
  173             0.346E+04             0.143E+03
  174             0.349E+04             0.253E+03
  175             0.351E+04             0.402E+03
  176             0.353E+04             0.595E+03
  177             0.356E+04             0.837E+03
  178             0.358E+04             0.113E+04
  179             0.361E+04             0.149E+04
  180             0.363E+04             0.191E+04
  181             0.366E+04             0.240E+04
  182             0.368E+04             0.297E+04
  183             0.371E+04             0.362E+04
  184             0.374E+04             0.436E+04
  185             0.376E+04             0.520E+04
  186             0.379E+04             0.613E+04
  187             0.381E+04             0.717E+04
  188             0.384E+04             0.832E+04
  189             0.387E+04             0.960E+04
  190             0.389E+04             0.110E+05
  191             0.392E+04             0.125E+05
  192             0.395E+04             0.142E+05
  193             0.398E+04             0.160E+05
  194             0.400E+04             0.180E+05
  195             0.403E+04             0.201E+05
  196             0.406E+04             0.224E+05
  197             0.409E+04             0.249E+05
  198             0.412E+04             0.276E+05
  199             0.414E+04             0.304E+05
  200             0.417E+04             0.335E+05
  201             0.420E+04             0.367E+05
  202             0.423E+04             0.402E+05
  203             0.426E+04             0.439E+05
  204             0.429E+04             0.478E+05
  205             0.432E+04             0.520E+05
  206             0.435E+04             0.564E+05
  207             0.438E+04             0.610E+05
  208             0.441E+04             0.659E+05
  209             0.444E+04             0.711E+05
  210             0.447E+04             0.766E+05
  211             0.450E+04             0.824E+05
  212             0.453E+04             0.885E+05
  213             0.456E+04             0.948E+05
  214             0.459E+04             0.102E+06
  215             0.462E+04             0.109E+06
  216             0.465E+04             0.116E+06
  217             0.468E+04             0.124E+06
  218             0.471E+04             0.132E+06
  219             0.474E+04             0.140E+06
  220             0.478E+04             0.149E+06
  221             0.481E+04             0.158E+06
  222             0.484E+04             0.168E+06
  223             0.487E+04             0.178E+06
  224             0.490E+04             0.188E+06
  225             0.494E+04             0.199E+06
  226             0.497E+04             0.210E+06
  227             0.500E+04             0.222E+06
  228             0.503E+04             0.234E+06
  229             0.507E+04             0.246E+06
  230             0.510E+04             0.259E+06
  231             0.513E+04             0.273E+06
  232             0.517E+04             0.287E+06
  233             0.520E+04             0.302E+06
  234             0.523E+04             0.317E+06
  235             0.527E+04             0.332E+06
  236             0.530E+04             0.348E+06
  237             0.533E+04             0.365E+06
  238             0.537E+04             0.382E+06
  239             0.540E+04             0.400E+06
  240             0.544E+04             0.419E+06
  241             0.547E+04             0.438E+06
  242             0.551E+04             0.457E+06
  243             0.554E+04             0.478E+06
  244             0.558E+04             0.498E+06
  245             0.561E+04             0.520E+06
  246             0.565E+04             0.542E+06
  247             0.568E+04             0.565E+06
  248             0.572E+04             0.588E+06
  249             0.575E+04             0.613E+06
  250             0.579E+04             0.638E+06
  251             0.582E+04             0.663E+06
  252             0.586E+04             0.690E+06
  253             0.590E+04             0.717E+06
  254             0.593E+04             0.744E+06
  255             0.597E+04             0.773E+06
  256             0.601E+04             0.802E+06
  257             0.604E+04             0.833E+06
  258             0.608E+04             0.864E+06
  259             0.612E+04             0.895E+06
  260             0.615E+04             0.928E+06
  261             0.619E+04             0.961E+06
  262             0.623E+04             0.996E+06
  263             0.627E+04             0.103E+07
  264             0.630E+04             0.107E+07
  265             0.634E+04             0.110E+07
  266             0.638E+04             0.114E+07
  267             0.642E+04             0.118E+07
  268             0.645E+04             0.122E+07
  269             0.649E+04             0.126E+07
  270             0.653E+04             0.130E+07
  271             0.657E+04             0.134E+07
  272             0.661E+04             0.139E+07
  273             0.665E+04             0.143E+07
  274             0.669E+04             0.148E+07
  275             0.672E+04             0.152E+07
  276             0.676E+04             0.157E+07
  277             0.680E+04             0.162E+07
  278             0.684E+04             0.167E+07
  279             0.688E+04             0.172E+07
  280             0.692E+04             0.177E+07
  281             0.696E+04             0.183E+07
  282             0.700E+04             0.188E+07
  283             0.704E+04             0.194E+07
  284             0.708E+04             0.199E+07
  285             0.712E+04             0.205E+07
  286             0.716E+04             0.211E+07
  287             0.720E+04             0.217E+07
  288             0.724E+04             0.223E+07
  289             0.728E+04             0.229E+07
  290             0.732E+04             0.236E+07
  291             0.737E+04             0.242E+07
  292             0.741E+04             0.249E+07
  293             0.745E+04             0.255E+07
  294             0.749E+04             0.262E+07
  295             0.753E+04             0.269E+07
  296             0.757E+04             0.276E+07
  297             0.761E+04             0.284E+07
  298             0.766E+04             0.291E+07
  299             0.770E+04             0.299E+07
  300             0.774E+04             0.306E+07
  301             0.778E+04             0.314E+07
  302             0.782E+04             0.322E+07
  303             0.787E+04             0.330E+07
  304             0.791E+04             0.338E+07
  305             0.795E+04             0.347E+07
  306             0.800E+04             0.355E+07
  307             0.804E+04             0.364E+07
  308             0.808E+04             0.373E+07
  309             0.812E+04             0.382E+07
  310             0.817E+04             0.391E+07
  311             0.821E+04             0.400E+07
  312             0.825E+04             0.410E+07
  313             0.830E+04             0.419E+07
  314             0.834E+04             0.429E+07
  315             0.839E+04             0.439E+07
  316             0.843E+04             0.449E+07
  317             0.847E+04             0.459E+07
  318             0.852E+04             0.470E+07
  319             0.856E+04             0.480E+07
  320             0.861E+04             0.491E+07
  321             0.865E+04             0.502E+07
  322             0.870E+04             0.513E+07
  323             0.874E+04             0.524E+07
  324             0.878E+04             0.536E+07
  325             0.883E+04             0.548E+07
  326             0.887E+04             0.559E+07
  327             0.892E+04             0.571E+07
  328             0.897E+04             0.583E+07
  329             0.901E+04             0.596E+07
  330             0.906E+04             0.608E+07
  331             0.910E+04             0.621E+07
  332             0.915E+04             0.634E+07
  333             0.919E+04             0.647E+07
  334             0.924E+04             0.660E+07
  335             0.929E+04             0.674E+07
  336             0.933E+04             0.687E+07
  337             0.938E+04             0.701E+07
  338             0.942E+04             0.715E+07
  339             0.947E+04             0.730E+07
  340             0.952E+04             0.744E+07
  341             0.956E+04             0.759E+07
  342             0.961E+04             0.774E+07
  343             0.966E+04             0.789E+07
  344             0.971E+04             0.804E+07
  345             0.975E+04             0.819E+07
  346             0.980E+04             0.835E+07
  347             0.985E+04             0.851E+07
  348             0.989E+04             0.867E+07
  349             0.994E+04             0.883E+07
  350             0.999E+04             0.900E+07
  351             0.100E+05             0.917E+07
  352             0.101E+05             0.934E+07
  353             0.101E+05             0.951E+07
  354             0.102E+05             0.968E+07
  355             0.102E+05             0.986E+07
  356             0.103E+05             0.100E+08
  357             0.103E+05             0.102E+08
  358             0.104E+05             0.104E+08
  359             0.104E+05             0.106E+08
  360             0.105E+05             0.108E+08
  361             0.105E+05             0.110E+08
  362             0.106E+05             0.112E+08
  363             0.106E+05             0.114E+08
  364             0.107E+05             0.115E+08
  365             0.107E+05             0.117E+08
  366             0.108E+05             0.119E+08
  367             0.108E+05             0.122E+08
  368             0.109E+05             0.124E+08
  369             0.109E+05             0.126E+08
  370             0.110E+05             0.128E+08
  371             0.110E+05             0.130E+08
  372             0.111E+05             0.132E+08
  373             0.111E+05             0.134E+08
  374             0.112E+05             0.137E+08
  375             0.112E+05             0.139E+08
  376             0.113E+05             0.141E+08
  377             0.113E+05             0.143E+08
  378             0.114E+05             0.146E+08
  379             0.114E+05             0.148E+08
  380             0.115E+05             0.150E+08
  381             0.115E+05             0.153E+08
  382             0.116E+05             0.155E+08
  383             0.116E+05             0.158E+08
  384             0.117E+05             0.160E+08
  385             0.117E+05             0.163E+08
  386             0.118E+05             0.165E+08
  387             0.118E+05             0.168E+08
  388             0.119E+05             0.170E+08
  389             0.119E+05             0.173E+08
  390             0.120E+05             0.176E+08
  391             0.120E+05             0.178E+08
  392             0.121E+05             0.181E+08
  393             0.121E+05             0.184E+08
  394             0.122E+05             0.186E+08
  395             0.122E+05             0.189E+08
  396             0.123E+05             0.192E+08
  397             0.123E+05             0.195E+08
  398             0.124E+05             0.198E+08
  399             0.124E+05             0.201E+08
  400             0.125E+05             0.204E+08
  401             0.126E+05             0.207E+08
  402             0.126E+05             0.210E+08
  403             0.127E+05             0.213E+08
  404             0.127E+05             0.216E+08
  405             0.128E+05             0.219E+08
  406             0.128E+05             0.222E+08
  407             0.129E+05             0.225E+08
  408             0.129E+05             0.228E+08
  409             0.130E+05             0.231E+08
  410             0.130E+05             0.234E+08
  411             0.131E+05             0.238E+08
  412             0.131E+05             0.241E+08
  413             0.132E+05             0.244E+08
  414             0.132E+05             0.248E+08
  415             0.133E+05             0.251E+08
  416             0.134E+05             0.255E+08
  417             0.134E+05             0.258E+08
  418             0.135E+05             0.261E+08
  419             0.135E+05             0.265E+08
  420             0.136E+05             0.269E+08
  421             0.136E+05             0.272E+08
  422             0.137E+05             0.276E+08
  423             0.137E+05             0.279E+08
  424             0.138E+05             0.283E+08
  425             0.138E+05             0.287E+08
  426             0.139E+05             0.290E+08
  427             0.140E+05             0.294E+08
  428             0.140E+05             0.298E+08
  429             0.141E+05             0.302E+08
  430             0.141E+05             0.306E+08
  431             0.142E+05             0.310E+08
  432             0.142E+05             0.314E+08
  433             0.143E+05             0.318E+08
  434             0.143E+05             0.322E+08
  435             0.144E+05             0.326E+08
  436             0.145E+05             0.330E+08
  437             0.145E+05             0.334E+08
  438             0.146E+05             0.338E+08
  439             0.146E+05             0.342E+08
  440             0.147E+05             0.346E+08
  441             0.147E+05             0.351E+08
  442             0.148E+05             0.355E+08
  443             0.148E+05             0.359E+08
  444             0.149E+05             0.364E+08
  445             0.150E+05             0.368E+08
  446             0.150E+05             0.372E+08
  447             0.151E+05             0.377E+08
  448             0.151E+05             0.381E+08
  449             0.152E+05             0.386E+08
  450             0.152E+05             0.391E+08
  451             0.153E+05             0.395E+08
  452             0.154E+05             0.400E+08
  453             0.154E+05             0.404E+08
  454             0.155E+05             0.409E+08
  455             0.155E+05             0.414E+08
  456             0.156E+05             0.419E+08
  457             0.156E+05             0.424E+08
  458             0.157E+05             0.428E+08
  459             0.158E+05             0.433E+08
  460             0.158E+05             0.438E+08
  461             0.159E+05             0.443E+08
  462             0.159E+05             0.448E+08
  463             0.160E+05             0.453E+08
  464             0.160E+05             0.458E+08
  465             0.161E+05             0.464E+08
  466             0.162E+05             0.469E+08
  467             0.162E+05             0.474E+08
  468             0.163E+05             0.479E+08
  469             0.163E+05             0.484E+08
  470             0.164E+05             0.490E+08
  471             0.164E+05             0.495E+08
  472             0.165E+05             0.501E+08
  473             0.166E+05             0.506E+08
  474             0.166E+05             0.511E+08
  475             0.167E+05             0.517E+08
  476             0.167E+05             0.523E+08
  477             0.168E+05             0.528E+08
  478             0.169E+05             0.534E+08
  479             0.169E+05             0.539E+08
  480             0.170E+05             0.545E+08
  481             0.170E+05             0.551E+08
  482             0.171E+05             0.557E+08
  483             0.172E+05             0.563E+08
  484             0.172E+05             0.568E+08
  485             0.173E+05             0.574E+08
  486             0.173E+05             0.580E+08
  487             0.174E+05             0.586E+08
  488             0.174E+05             0.592E+08
  489             0.175E+05             0.598E+08
  490             0.176E+05             0.605E+08
  491             0.176E+05             0.611E+08
  492             0.177E+05             0.617E+08
  493             0.177E+05             0.623E+08
  494             0.178E+05             0.629E+08
  495             0.179E+05             0.636E+08
  496             0.179E+05             0.642E+08
  497             0.180E+05             0.648E+08
  498             0.180E+05             0.655E+08
  499             0.181E+05             0.661E+08
  500             0.182E+05             0.668E+08
  501             0.182E+05             0.674E+08
  502             0.183E+05             0.681E+08
  503             0.183E+05             0.688E+08
  504             0.184E+05             0.694E+08
  505             0.185E+05             0.701E+08
  506             0.185E+05             0.708E+08
  507             0.186E+05             0.715E+08
  508             0.186E+05             0.722E+08
  509             0.187E+05             0.729E+08
  510             0.188E+05             0.735E+08
  511             0.188E+05             0.742E+08
  512             0.189E+05             0.749E+08
  513             0.189E+05             0.757E+08
  514             0.190E+05             0.764E+08
  515             0.191E+05             0.771E+08
  516             0.191E+05             0.778E+08
  517             0.192E+05             0.785E+08
  518             0.193E+05             0.793E+08
  519             0.193E+05             0.800E+08
  520             0.194E+05             0.807E+08
  521             0.194E+05             0.815E+08
  522             0.195E+05             0.822E+08
  523             0.196E+05             0.830E+08
  524             0.196E+05             0.837E+08
  525             0.197E+05             0.845E+08
  526             0.197E+05             0.852E+08
  527             0.198E+05             0.860E+08
  528             0.199E+05             0.868E+08
  529             0.199E+05             0.876E+08
  530             0.200E+05             0.883E+08
  531             0.201E+05             0.891E+08
  532             0.201E+05             0.899E+08
  533             0.202E+05             0.907E+08
  534             0.202E+05             0.915E+08
  535             0.203E+05             0.923E+08
  536             0.204E+05             0.931E+08
  537             0.204E+05             0.939E+08
  538             0.205E+05             0.947E+08
  539             0.205E+05             0.956E+08
  540             0.206E+05             0.964E+08
  541             0.207E+05             0.972E+08
  542             0.207E+05             0.980E+08
  543             0.208E+05             0.989E+08
  544             0.209E+05             0.997E+08
  545             0.209E+05             0.101E+09
  546             0.210E+05             0.101E+09
  547             0.210E+05             0.102E+09
  548             0.211E+05             0.103E+09
  549             0.212E+05             0.104E+09
  550             0.212E+05             0.105E+09
  551             0.213E+05             0.106E+09
  552             0.214E+05             0.107E+09
  553             0.214E+05             0.107E+09
  554             0.215E+05             0.108E+09
  555             0.215E+05             0.109E+09
  556             0.216E+05             0.110E+09
  557             0.217E+05             0.111E+09
  558             0.217E+05             0.112E+09
  559             0.218E+05             0.113E+09
  560             0.219E+05             0.114E+09
  561             0.219E+05             0.115E+09
  562             0.220E+05             0.116E+09
  563             0.220E+05             0.117E+09
  564             0.221E+05             0.117E+09
  565             0.222E+05             0.118E+09
  566             0.222E+05             0.119E+09
  567             0.223E+05             0.120E+09
  568             0.224E+05             0.121E+09
  569             0.224E+05             0.122E+09
  570             0.225E+05             0.123E+09
  571             0.226E+05             0.124E+09
  572             0.226E+05             0.125E+09
  573             0.227E+05             0.126E+09
  574             0.227E+05             0.127E+09
  575             0.228E+05             0.128E+09
  576             0.229E+05             0.129E+09
  577             0.229E+05             0.130E+09
  578             0.230E+05             0.131E+09
  579             0.231E+05             0.132E+09
  580             0.231E+05             0.133E+09
  581             0.232E+05             0.134E+09
  582             0.232E+05             0.135E+09
  583             0.233E+05             0.136E+09
  584             0.234E+05             0.137E+09
  585             0.234E+05             0.138E+09
  586             0.235E+05             0.139E+09
  587             0.236E+05             0.140E+09
  588             0.236E+05             0.141E+09
  589             0.237E+05             0.142E+09
  590             0.238E+05             0.143E+09
  591             0.238E+05             0.144E+09
  592             0.239E+05             0.145E+09
  593             0.240E+05             0.146E+09
  594             0.240E+05             0.147E+09
  595             0.241E+05             0.149E+09
  596             0.241E+05             0.150E+09
  597             0.242E+05             0.151E+09
  598             0.243E+05             0.152E+09
  599             0.243E+05             0.153E+09
  600             0.244E+05             0.154E+09
  601             0.245E+05             0.155E+09
  602             0.245E+05             0.156E+09
  603             0.246E+05             0.157E+09
  604             0.247E+05             0.158E+09
  605             0.247E+05             0.159E+09
  606             0.248E+05             0.161E+09
  607             0.248E+05             0.162E+09
  608             0.249E+05             0.163E+09
  609             0.250E+05             0.164E+09
  610             0.250E+05             0.165E+09
  611             0.251E+05             0.166E+09
  612             0.252E+05             0.167E+09
  613             0.252E+05             0.169E+09
  614             0.253E+05             0.170E+09
  615             0.254E+05             0.171E+09
  616             0.254E+05             0.172E+09
  617             0.255E+05             0.173E+09
  618             0.256E+05             0.174E+09
  619             0.256E+05             0.176E+09
  620             0.257E+05             0.177E+09
  621             0.257E+05             0.178E+09
  622             0.258E+05             0.179E+09
  623             0.259E+05             0.180E+09
  624             0.259E+05             0.181E+09
  625             0.260E+05             0.183E+09
  626             0.261E+05             0.184E+09
  627             0.261E+05             0.185E+09
  628             0.262E+05             0.186E+09
  629             0.263E+05             0.188E+09
  630             0.263E+05             0.189E+09
  631             0.264E+05             0.190E+09
  632             0.265E+05             0.191E+09
  633             0.265E+05             0.192E+09
  634             0.266E+05             0.194E+09
  635             0.267E+05             0.195E+09
  636             0.267E+05             0.196E+09
  637             0.268E+05             0.197E+09
  638             0.268E+05             0.199E+09
  639             0.269E+05             0.200E+09
  640             0.270E+05             0.201E+09
  641             0.270E+05             0.202E+09
  642             0.271E+05             0.204E+09
  643             0.272E+05             0.205E+09
  644             0.272E+05             0.206E+09
  645             0.273E+05             0.208E+09
  646             0.274E+05             0.209E+09
  647             0.274E+05             0.210E+09
  648             0.275E+05             0.211E+09
  649             0.276E+05             0.213E+09
  650             0.276E+05             0.214E+09
  651             0.277E+05             0.215E+09
  652             0.278E+05             0.217E+09
  653             0.278E+05             0.218E+09
  654             0.279E+05             0.219E+09
  655             0.279E+05             0.221E+09
  656             0.280E+05             0.222E+09
  657             0.281E+05             0.223E+09
  658             0.281E+05             0.225E+09
  659             0.282E+05             0.226E+09
  660             0.283E+05             0.227E+09
  661             0.283E+05             0.229E+09
  662             0.284E+05             0.230E+09
  663             0.285E+05             0.231E+09
  664             0.285E+05             0.233E+09
  665             0.286E+05             0.234E+09
  666             0.287E+05             0.236E+09
  667             0.287E+05             0.237E+09
  668             0.288E+05             0.238E+09
  669             0.289E+05             0.240E+09
  670             0.289E+05             0.241E+09
  671             0.290E+05             0.242E+09
  672             0.290E+05             0.244E+09
  673             0.291E+05             0.245E+09
  674             0.292E+05             0.247E+09
  675             0.292E+05             0.248E+09
  676             0.293E+05             0.250E+09
  677             0.294E+05             0.251E+09
  678             0.294E+05             0.252E+09
  679             0.295E+05             0.254E+09
  680             0.296E+05             0.255E+09
  681             0.296E+05             0.257E+09
  682             0.297E+05             0.258E+09
  683             0.298E+05             0.259E+09
  684             0.298E+05             0.261E+09
  685             0.299E+05             0.262E+09
  686             0.300E+05             0.264E+09
  687             0.300E+05             0.265E+09
  688             0.301E+05             0.267E+09
  689             0.301E+05             0.268E+09
  690             0.302E+05             0.270E+09
  691             0.303E+05             0.271E+09
  692             0.303E+05             0.273E+09
  693             0.304E+05             0.274E+09
  694             0.305E+05             0.276E+09
  695             0.305E+05             0.277E+09
  696             0.306E+05             0.279E+09
  697             0.307E+05             0.280E+09
  698             0.307E+05             0.281E+09
  699             0.308E+05             0.283E+09
  700             0.309E+05             0.284E+09
  701             0.309E+05             0.286E+09
  702             0.310E+05             0.287E+09
  703             0.310E+05             0.289E+09
  704             0.311E+05             0.291E+09
  705             0.312E+05             0.292E+09
  706             0.312E+05             0.294E+09
  707             0.313E+05             0.295E+09
  708             0.314E+05             0.297E+09
  709             0.314E+05             0.298E+09
  710             0.315E+05             0.300E+09
  711             0.316E+05             0.301E+09
  712             0.316E+05             0.303E+09
  713             0.317E+05             0.304E+09
  714             0.318E+05             0.306E+09
  715             0.318E+05             0.307E+09
  716             0.319E+05             0.309E+09
  717             0.320E+05             0.310E+09
  718             0.320E+05             0.312E+09
  719             0.321E+05             0.314E+09
  720             0.321E+05             0.315E+09
  721             0.322E+05             0.317E+09
  722             0.323E+05             0.318E+09
  723             0.323E+05             0.320E+09
  724             0.324E+05             0.321E+09
  725             0.325E+05             0.323E+09
  726             0.325E+05             0.325E+09
  727             0.326E+05             0.326E+09
  728             0.327E+05             0.328E+09
  729             0.327E+05             0.329E+09
  730             0.328E+05             0.331E+09
  731             0.328E+05             0.333E+09
  732             0.329E+05             0.334E+09
  733             0.330E+05             0.336E+09
  734             0.330E+05             0.337E+09
  735             0.331E+05             0.339E+09
  736             0.332E+05             0.341E+09
  737             0.332E+05             0.342E+09
  738             0.333E+05             0.344E+09
  739             0.334E+05             0.345E+09
  740             0.334E+05             0.347E+09
  741             0.335E+05             0.349E+09
  742             0.335E+05             0.350E+09
  743             0.336E+05             0.352E+09
  744             0.337E+05             0.354E+09
  745             0.337E+05             0.355E+09
  746             0.338E+05             0.357E+09
  747             0.339E+05             0.359E+09
  748             0.339E+05             0.360E+09
  749             0.340E+05             0.362E+09
  750             0.341E+05             0.363E+09
  751             0.341E+05             0.365E+09
  752             0.342E+05             0.367E+09
  753             0.342E+05             0.368E+09
  754             0.343E+05             0.370E+09
  755             0.344E+05             0.372E+09
  756             0.344E+05             0.373E+09
  757             0.345E+05             0.375E+09
  758             0.346E+05             0.377E+09
  759             0.346E+05             0.378E+09
  760             0.347E+05             0.380E+09
  761             0.347E+05             0.382E+09
  762             0.348E+05             0.383E+09
  763             0.349E+05             0.385E+09
  764             0.349E+05             0.387E+09
  765             0.350E+05             0.389E+09
  766             0.351E+05             0.390E+09
  767             0.351E+05             0.392E+09
  768             0.352E+05             0.394E+09
  769             0.353E+05             0.395E+09
  770             0.353E+05             0.397E+09
  771             0.354E+05             0.399E+09
  772             0.354E+05             0.400E+09
  773             0.355E+05             0.402E+09
  774             0.356E+05             0.404E+09
  775             0.356E+05             0.405E+09
  776             0.357E+05             0.407E+09
  777             0.358E+05             0.409E+09
  778             0.358E+05             0.411E+09
  779             0.359E+05             0.412E+09
  780             0.359E+05             0.414E+09
  781             0.360E+05             0.416E+09
  782             0.361E+05             0.417E+09
  783             0.361E+05             0.419E+09
  784             0.362E+05             0.421E+09
  785             0.362E+05             0.423E+09
  786             0.363E+05             0.424E+09
  787             0.364E+05             0.426E+09
  788             0.364E+05             0.428E+09
  789             0.365E+05             0.430E+09
  790             0.366E+05             0.431E+09
  791             0.366E+05             0.433E+09
  792             0.367E+05             0.435E+09
  793             0.367E+05             0.436E+09
  794             0.368E+05             0.438E+09
  795             0.369E+05             0.440E+09
  796             0.369E+05             0.442E+09
  797             0.370E+05             0.443E+09
  798             0.370E+05             0.445E+09
  799             0.371E+05             0.447E+09
  800             0.372E+05             0.449E+09
  801             0.372E+05             0.450E+09
  802             0.373E+05             0.452E+09
  803             0.374E+05             0.454E+09
  804             0.374E+05             0.456E+09
  805             0.375E+05             0.457E+09
  806             0.375E+05             0.459E+09
  807             0.376E+05             0.461E+09
  808             0.377E+05             0.463E+09
  809             0.377E+05             0.464E+09
  810             0.378E+05             0.466E+09
  811             0.378E+05             0.468E+09
  812             0.379E+05             0.470E+09
  813             0.380E+05             0.472E+09
  814             0.380E+05             0.473E+09
  815             0.381E+05             0.475E+09
  816             0.381E+05             0.477E+09
  817             0.382E+05             0.479E+09
  818             0.383E+05             0.480E+09
  819             0.383E+05             0.482E+09
  820             0.384E+05             0.484E+09
  821             0.384E+05             0.486E+09
  822             0.385E+05             0.487E+09
  823             0.386E+05             0.489E+09
  824             0.386E+05             0.491E+09
  825             0.387E+05             0.493E+09
  826             0.387E+05             0.494E+09
  827             0.388E+05             0.496E+09
  828             0.389E+05             0.498E+09
  829             0.389E+05             0.500E+09
  830             0.390E+05             0.502E+09
  831             0.390E+05             0.503E+09
  832             0.391E+05             0.505E+09
  833             0.392E+05             0.507E+09
  834             0.392E+05             0.509E+09
  835             0.393E+05             0.510E+09
  836             0.393E+05             0.512E+09
  837             0.394E+05             0.514E+09
  838             0.395E+05             0.516E+09
  839             0.395E+05             0.518E+09
  840             0.396E+05             0.519E+09
  841             0.396E+05             0.521E+09
  842             0.397E+05             0.523E+09
  843             0.398E+05             0.525E+09
  844             0.398E+05             0.526E+09
  845             0.399E+05             0.528E+09
  846             0.399E+05             0.530E+09
  847             0.400E+05             0.532E+09
  848             0.400E+05             0.534E+09
  849             0.401E+05             0.535E+09
  850             0.402E+05             0.537E+09
  851             0.402E+05             0.539E+09
  852             0.403E+05             0.541E+09
  853             0.403E+05             0.542E+09
  854             0.404E+05             0.544E+09
  855             0.405E+05             0.546E+09
  856             0.405E+05             0.548E+09
  857             0.406E+05             0.549E+09
  858             0.406E+05             0.551E+09
  859             0.407E+05             0.553E+09
  860             0.407E+05             0.555E+09
  861             0.408E+05             0.557E+09
  862             0.409E+05             0.558E+09
  863             0.409E+05             0.560E+09
  864             0.410E+05             0.562E+09
  865             0.410E+05             0.564E+09
  866             0.411E+05             0.565E+09
  867             0.411E+05             0.567E+09
  868             0.412E+05             0.569E+09
  869             0.413E+05             0.571E+09
  870             0.413E+05             0.572E+09
  871             0.414E+05             0.574E+09
  872             0.414E+05             0.576E+09
  873             0.415E+05             0.578E+09
  874             0.415E+05             0.580E+09
  875             0.416E+05             0.581E+09
  876             0.417E+05             0.583E+09
  877             0.417E+05             0.585E+09
  878             0.418E+05             0.587E+09
  879             0.418E+05             0.588E+09
  880             0.419E+05             0.590E+09
  881             0.419E+05             0.592E+09
  882             0.420E+05             0.594E+09
  883             0.421E+05             0.595E+09
  884             0.421E+05             0.597E+09
  885             0.422E+05             0.599E+09
  886             0.422E+05             0.601E+09
  887             0.423E+05             0.602E+09
  888             0.423E+05             0.604E+09
  889             0.424E+05             0.606E+09
  890             0.424E+05             0.608E+09
  891             0.425E+05             0.609E+09
  892             0.426E+05             0.611E+09
  893             0.426E+05             0.613E+09
  894             0.427E+05             0.615E+09
  895             0.427E+05             0.616E+09
  896             0.428E+05             0.618E+09
  897             0.428E+05             0.620E+09
  898             0.429E+05             0.621E+09
  899             0.429E+05             0.623E+09
  900             0.430E+05             0.625E+09
  901             0.430E+05             0.627E+09
  902             0.431E+05             0.628E+09
  903             0.432E+05             0.630E+09
  904             0.432E+05             0.632E+09
  905             0.433E+05             0.634E+09
  906             0.433E+05             0.635E+09
  907             0.434E+05             0.637E+09
  908             0.434E+05             0.639E+09
  909             0.435E+05             0.640E+09
  910             0.435E+05             0.642E+09
  911             0.436E+05             0.644E+09
  912             0.436E+05             0.646E+09
  913             0.437E+05             0.647E+09
  914             0.437E+05             0.649E+09
  915             0.438E+05             0.651E+09
  916             0.439E+05             0.652E+09
  917             0.439E+05             0.654E+09
  918             0.440E+05             0.656E+09
  919             0.440E+05             0.657E+09
  920             0.441E+05             0.659E+09
  921             0.441E+05             0.661E+09
  922             0.442E+05             0.662E+09
  923             0.442E+05             0.664E+09
  924             0.443E+05             0.666E+09
  925             0.443E+05             0.667E+09
  926             0.444E+05             0.669E+09
  927             0.444E+05             0.671E+09
  928             0.445E+05             0.672E+09
  929             0.445E+05             0.674E+09
  930             0.446E+05             0.676E+09
  931             0.446E+05             0.677E+09
  932             0.447E+05             0.679E+09
  933             0.447E+05             0.681E+09
  934             0.448E+05             0.682E+09
  935             0.448E+05             0.684E+09
  936             0.449E+05             0.686E+09
  937             0.449E+05             0.687E+09
  938             0.450E+05             0.689E+09
  939             0.450E+05             0.691E+09
  940             0.451E+05             0.692E+09
  941             0.452E+05             0.694E+09
  942             0.452E+05             0.696E+09
  943             0.453E+05             0.697E+09
  944             0.453E+05             0.699E+09
  945             0.454E+05             0.700E+09
  946             0.454E+05             0.702E+09
  947             0.455E+05             0.704E+09
  948             0.455E+05             0.705E+09
  949             0.456E+05             0.707E+09
  950             0.456E+05             0.708E+09
  951             0.457E+05             0.710E+09
  952             0.457E+05             0.712E+09
  953             0.458E+05             0.713E+09
  954             0.458E+05             0.715E+09
  955             0.459E+05             0.716E+09
  956             0.459E+05             0.718E+09
  957             0.460E+05             0.719E+09
  958             0.460E+05             0.721E+09
  959             0.461E+05             0.723E+09
  960             0.461E+05             0.724E+09
  961             0.461E+05             0.726E+09
  962             0.462E+05             0.727E+09
  963             0.462E+05             0.729E+09
  964             0.463E+05             0.730E+09
  965             0.463E+05             0.732E+09
  966             0.464E+05             0.733E+09
  967             0.464E+05             0.735E+09
  968             0.465E+05             0.737E+09
  969             0.465E+05             0.738E+09
  970             0.466E+05             0.740E+09
  971             0.466E+05             0.741E+09
  972             0.467E+05             0.743E+09
  973             0.467E+05             0.744E+09
  974             0.468E+05             0.746E+09
  975             0.468E+05             0.747E+09
  976             0.469E+05             0.749E+09
  977             0.469E+05             0.750E+09
  978             0.470E+05             0.752E+09
  979             0.470E+05             0.753E+09
  980             0.471E+05             0.755E+09
  981             0.471E+05             0.756E+09
  982             0.472E+05             0.758E+09
  983             0.472E+05             0.759E+09
  984             0.472E+05             0.760E+09
  985             0.473E+05             0.762E+09
  986             0.473E+05             0.763E+09
  987             0.474E+05             0.765E+09
  988             0.474E+05             0.766E+09
  989             0.475E+05             0.768E+09
  990             0.475E+05             0.769E+09
  991             0.476E+05             0.771E+09
  992             0.476E+05             0.772E+09
  993             0.477E+05             0.773E+09
  994             0.477E+05             0.775E+09
  995             0.478E+05             0.776E+09
  996             0.478E+05             0.778E+09
  997             0.478E+05             0.779E+09
  998             0.479E+05             0.780E+09
  999             0.479E+05             0.782E+09
 1000             0.480E+05             0.783E+09
 1001             0.480E+05             0.785E+09
 1002             0.481E+05             0.786E+09
 1003             0.481E+05             0.787E+09
 1004             0.482E+05             0.789E+09
 1005             0.482E+05             0.790E+09
 1006             0.482E+05             0.791E+09
 1007             0.483E+05             0.793E+09
 1008             0.483E+05             0.794E+09
 1009             0.484E+05             0.795E+09
 1010             0.484E+05             0.797E+09
 1011             0.485E+05             0.798E+09
 1012             0.485E+05             0.799E+09
 1013             0.485E+05             0.801E+09
 1014             0.486E+05             0.802E+09
 1015             0.486E+05             0.803E+09
 1016             0.487E+05             0.805E+09
 1017             0.487E+05             0.806E+09
 1018             0.488E+05             0.807E+09
 1019             0.488E+05             0.809E+09
 1020             0.488E+05             0.810E+09
 1021             0.489E+05             0.811E+09
 1022             0.489E+05             0.812E+09
 1023             0.490E+05             0.814E+09
 1024             0.490E+05             0.815E+09
 1025             0.491E+05             0.816E+09
 1026             0.491E+05             0.817E+09
 1027             0.491E+05             0.819E+09
 1028             0.492E+05             0.820E+09
 1029             0.492E+05             0.821E+09
 1030             0.493E+05             0.822E+09
 1031             0.493E+05             0.823E+09
 1032             0.493E+05             0.825E+09
 1033             0.494E+05             0.826E+09
 1034             0.494E+05             0.827E+09
 1035             0.495E+05             0.828E+09
 1036             0.495E+05             0.829E+09
 1037             0.496E+05             0.831E+09
 1038             0.496E+05             0.832E+09
 1039             0.496E+05             0.833E+09
 1040             0.497E+05             0.834E+09
 1041             0.497E+05             0.835E+09
 1042             0.498E+05             0.836E+09
 1043             0.498E+05             0.838E+09
 1044             0.498E+05             0.839E+09
 1045             0.499E+05             0.840E+09
 1046             0.499E+05             0.841E+09
 1047             0.499E+05             0.842E+09
 1048             0.500E+05             0.843E+09
 1049             0.500E+05             0.844E+09
 1050             0.501E+05             0.845E+09
 1051             0.501E+05             0.846E+09
 1052             0.501E+05             0.848E+09
 1053             0.502E+05             0.849E+09
 1054             0.502E+05             0.850E+09
 1055             0.503E+05             0.851E+09
 1056             0.503E+05             0.852E+09
 1057             0.503E+05             0.853E+09
 1058             0.504E+05             0.854E+09
 1059             0.504E+05             0.855E+09
 1060             0.504E+05             0.856E+09
 1061             0.505E+05             0.857E+09
 1062             0.505E+05             0.858E+09
 1063             0.506E+05             0.859E+09
 1064             0.506E+05             0.860E+09
 1065             0.506E+05             0.861E+09
 1066             0.507E+05             0.862E+09
 1067             0.507E+05             0.863E+09
 1068             0.507E+05             0.864E+09
 1069             0.508E+05             0.865E+09
 1070             0.508E+05             0.866E+09
 1071             0.509E+05             0.867E+09
 1072             0.509E+05             0.868E+09
 1073             0.509E+05             0.869E+09
 1074             0.510E+05             0.870E+09
 1075             0.510E+05             0.870E+09
 1076             0.510E+05             0.871E+09
 1077             0.511E+05             0.872E+09
 1078             0.511E+05             0.873E+09
 1079             0.511E+05             0.874E+09
 1080             0.512E+05             0.875E+09
 1081             0.512E+05             0.876E+09
 1082             0.512E+05             0.877E+09
 1083             0.513E+05             0.878E+09
 1084             0.513E+05             0.878E+09
 1085             0.513E+05             0.879E+09
 1086             0.514E+05             0.880E+09
 1087             0.514E+05             0.881E+09
 1088             0.514E+05             0.882E+09
 1089             0.515E+05             0.883E+09
 1090             0.515E+05             0.883E+09
 1091             0.515E+05             0.884E+09
 1092             0.516E+05             0.885E+09
 1093             0.516E+05             0.886E+09
 1094             0.516E+05             0.887E+09
 1095             0.517E+05             0.887E+09
 1096             0.517E+05             0.888E+09
 1097             0.517E+05             0.889E+09
 1098             0.518E+05             0.890E+09
 1099             0.518E+05             0.890E+09
 1100             0.518E+05             0.891E+09
 1101             0.519E+05             0.892E+09
 1102             0.519E+05             0.892E+09
 1103             0.519E+05             0.893E+09
 1104             0.520E+05             0.894E+09
 1105             0.520E+05             0.895E+09
 1106             0.520E+05             0.895E+09
 1107             0.521E+05             0.896E+09
 1108             0.521E+05             0.897E+09
 1109             0.521E+05             0.897E+09
 1110             0.522E+05             0.898E+09
 1111             0.522E+05             0.899E+09
 1112             0.522E+05             0.899E+09
 1113             0.522E+05             0.900E+09
 1114             0.523E+05             0.900E+09
 1115             0.523E+05             0.901E+09
 1116             0.523E+05             0.902E+09
 1117             0.524E+05             0.902E+09
 1118             0.524E+05             0.903E+09
 1119             0.524E+05             0.903E+09
 1120             0.525E+05             0.904E+09
 1121             0.525E+05             0.904E+09
 1122             0.525E+05             0.905E+09
 1123             0.525E+05             0.906E+09
 1124             0.526E+05             0.906E+09
 1125             0.526E+05             0.907E+09
 1126             0.526E+05             0.907E+09
 1127             0.527E+05             0.908E+09
 1128             0.527E+05             0.908E+09
 1129             0.527E+05             0.909E+09
 1130             0.527E+05             0.909E+09
 1131             0.528E+05             0.909E+09
 1132             0.528E+05             0.910E+09
 1133             0.528E+05             0.910E+09
 1134             0.529E+05             0.911E+09
 1135             0.529E+05             0.911E+09
 1136             0.529E+05             0.912E+09
 1137             0.529E+05             0.912E+09
 1138             0.530E+05             0.913E+09
 1139             0.530E+05             0.913E+09
 1140             0.530E+05             0.913E+09
 1141             0.530E+05             0.914E+09
 1142             0.531E+05             0.914E+09
 1143             0.531E+05             0.914E+09
 1144             0.531E+05             0.915E+09
 1145             0.531E+05             0.915E+09
 1146             0.532E+05             0.915E+09
 1147             0.532E+05             0.916E+09
 1148             0.532E+05             0.916E+09
 1149             0.532E+05             0.916E+09
 1150             0.533E+05             0.917E+09
 1151             0.533E+05             0.917E+09
 1152             0.533E+05             0.917E+09
 1153             0.533E+05             0.917E+09
 1154             0.534E+05             0.918E+09
 1155             0.534E+05             0.918E+09
 1156             0.534E+05             0.918E+09
 1157             0.534E+05             0.918E+09
 1158             0.535E+05             0.919E+09
 1159             0.535E+05             0.919E+09
 1160             0.535E+05             0.919E+09
 1161             0.535E+05             0.919E+09
 1162             0.536E+05             0.919E+09
 1163             0.536E+05             0.920E+09
 1164             0.536E+05             0.920E+09
 1165             0.536E+05             0.920E+09
 1166             0.536E+05             0.920E+09
 1167             0.537E+05             0.920E+09
 1168             0.537E+05             0.920E+09
 1169             0.537E+05             0.920E+09
 1170             0.537E+05             0.920E+09
 1171             0.537E+05             0.921E+09
 1172             0.538E+05             0.921E+09
 1173             0.538E+05             0.921E+09
 1174             0.538E+05             0.921E+09
 1175             0.538E+05             0.921E+09
 1176             0.539E+05             0.921E+09
 1177             0.539E+05             0.921E+09
 1178             0.539E+05             0.921E+09
 1179             0.539E+05             0.921E+09
 1180             0.539E+05             0.921E+09
 1181             0.540E+05             0.921E+09
 1182             0.540E+05             0.921E+09
 1183             0.540E+05             0.921E+09
 1184             0.540E+05             0.921E+09
 1185             0.540E+05             0.921E+09
 1186             0.540E+05             0.920E+09
 1187             0.541E+05             0.920E+09
 1188             0.541E+05             0.920E+09
 1189             0.541E+05             0.920E+09
 1190             0.541E+05             0.920E+09
 1191             0.541E+05             0.920E+09
 1192             0.542E+05             0.920E+09
 1193             0.542E+05             0.920E+09
 1194             0.542E+05             0.919E+09
 1195             0.542E+05             0.919E+09
 1196             0.542E+05             0.919E+09
 1197             0.542E+05             0.919E+09
 1198             0.543E+05             0.918E+09
 1199             0.543E+05             0.918E+09
 1200             0.543E+05             0.918E+09
 1201             0.543E+05             0.918E+09
 1202             0.543E+05             0.917E+09
 1203             0.543E+05             0.917E+09
 1204             0.543E+05             0.917E+09
 1205             0.544E+05             0.916E+09
 1206             0.544E+05             0.916E+09
 1207             0.544E+05             0.916E+09
 1208             0.544E+05             0.915E+09
 1209             0.544E+05             0.915E+09
 1210             0.544E+05             0.915E+09
 1211             0.544E+05             0.914E+09
 1212             0.545E+05             0.914E+09
 1213             0.545E+05             0.913E+09
 1214             0.545E+05             0.913E+09
 1215             0.545E+05             0.912E+09
 1216             0.545E+05             0.912E+09
 1217             0.545E+05             0.911E+09
 1218             0.545E+05             0.910E+09
 1219             0.545E+05             0.909E+09
 1220             0.545E+05             0.909E+09
 1221             0.545E+05             0.908E+09
 1222             0.546E+05             0.908E+09
 1223             0.546E+05             0.907E+09
 1224             0.546E+05             0.907E+09
 1225             0.546E+05             0.905E+09
 1226             0.546E+05             0.906E+09
 1227             0.546E+05             0.904E+09
 1228             0.546E+05             0.905E+09
 1229             0.546E+05             0.904E+09
 1230             0.547E+05             0.904E+09
 1231             0.547E+05             0.903E+09
 1232             0.547E+05             0.903E+09
 1233             0.547E+05             0.902E+09
 1234             0.547E+05             0.902E+09
 1235             0.547E+05             0.901E+09
 1236             0.547E+05             0.902E+09
 1237             0.547E+05             0.901E+09
 1238             0.548E+05             0.901E+09
 1239             0.548E+05             0.900E+09
 1240             0.548E+05             0.901E+09
 1241             0.548E+05             0.900E+09
 1242             0.548E+05             0.900E+09
 1243             0.548E+05             0.899E+09
 1244             0.549E+05             0.900E+09
 1245             0.549E+05             0.899E+09
 1246             0.549E+05             0.900E+09
 1247             0.549E+05             0.899E+09
 1248             0.549E+05             0.900E+09
 1249             0.549E+05             0.898E+09
 1250             0.550E+05             0.899E+09
 1251             0.550E+05             0.898E+09
 1252             0.550E+05             0.899E+09
 1253             0.550E+05             0.898E+09
 1254             0.551E+05             0.899E+09
 1255             0.551E+05             0.898E+09
 1256             0.551E+05             0.899E+09
 1257             0.551E+05             0.898E+09
 1258             0.551E+05             0.900E+09
 1259             0.551E+05             0.898E+09
 1260             0.552E+05             0.900E+09
 1261             0.552E+05             0.899E+09
 1262             0.552E+05             0.900E+09
 1263             0.552E+05             0.899E+09
 1264             0.553E+05             0.900E+09
 1265             0.553E+05             0.899E+09
 1266             0.553E+05             0.901E+09
 1267             0.553E+05             0.899E+09
 1268             0.554E+05             0.901E+09
 1269             0.554E+05             0.900E+09
 1270             0.554E+05             0.902E+09
 1271             0.554E+05             0.900E+09
 1272             0.555E+05             0.902E+09
 1273             0.555E+05             0.901E+09
 1274             0.555E+05             0.903E+09
 1275             0.555E+05             0.902E+09
 1276             0.556E+05             0.904E+09
 1277             0.556E+05             0.903E+09
 1278             0.556E+05             0.905E+09
 1279             0.556E+05             0.903E+09
 1280             0.557E+05             0.906E+09
 1281             0.557E+05             0.904E+09
 1282             0.557E+05             0.907E+09
 1283             0.557E+05             0.905E+09
 1284             0.558E+05             0.908E+09
 1285             0.558E+05             0.907E+09
 1286             0.559E+05             0.909E+09
 1287             0.559E+05             0.908E+09
 1288             0.559E+05             0.911E+09
 1289             0.559E+05             0.909E+09
 1290             0.560E+05             0.912E+09
 1291             0.560E+05             0.911E+09
 1292             0.561E+05             0.914E+09
 1293             0.561E+05             0.912E+09
 1294             0.561E+05             0.915E+09
 1295             0.561E+05             0.914E+09
 1296             0.562E+05             0.917E+09
 1297             0.562E+05             0.916E+09
 1298             0.563E+05             0.919E+09
 1299             0.563E+05             0.918E+09
 1300             0.564E+05             0.922E+09
 1301             0.564E+05             0.921E+09
 1302             0.564E+05             0.924E+09
 1303             0.564E+05             0.923E+09
 1304             0.565E+05             0.927E+09
 1305             0.565E+05             0.926E+09
 1306             0.566E+05             0.930E+09
 1307             0.566E+05             0.929E+09
 1308             0.567E+05             0.933E+09
 1309             0.567E+05             0.932E+09
 1310             0.568E+05             0.937E+09
 1311             0.568E+05             0.936E+09
 1312             0.569E+05             0.941E+09
 1313             0.569E+05             0.940E+09
 1314             0.570E+05             0.946E+09
 1315             0.570E+05             0.945E+09
 1316             0.572E+05             0.951E+09
 1317             0.572E+05             0.950E+09
 1318             0.573E+05             0.958E+09
 1319             0.573E+05             0.957E+09
 1320             0.575E+05             0.967E+09
 1321             0.575E+05             0.966E+09
