    1             0.999E+01             0.169E-03
    2             0.299E+02             0.422E-02
    3             0.498E+02             0.286E-01
    4             0.697E+02             0.106E+00
    5             0.895E+02             0.286E+00
    6             0.109E+03             0.635E+00
    7             0.129E+03             0.124E+01
    8             0.149E+03             0.219E+01
    9             0.168E+03             0.362E+01
   10             0.188E+03             0.565E+01
   11             0.207E+03             0.844E+01
   12             0.227E+03             0.122E+02
   13             0.246E+03             0.170E+02
   14             0.265E+03             0.232E+02
   15             0.284E+03             0.310E+02
   16             0.304E+03             0.406E+02
   17             0.323E+03             0.522E+02
   18             0.342E+03             0.663E+02
   19             0.361E+03             0.830E+02
   20             0.380E+03             0.103E+03
   21             0.399E+03             0.126E+03
   22             0.418E+03             0.153E+03
   23             0.436E+03             0.184E+03
   24             0.455E+03             0.219E+03
   25             0.474E+03             0.260E+03
   26             0.493E+03             0.305E+03
   27             0.511E+03             0.357E+03
   28             0.530E+03             0.416E+03
   29             0.548E+03             0.481E+03
   30             0.566E+03             0.554E+03
   31             0.585E+03             0.635E+03
   32             0.603E+03             0.724E+03
   33             0.621E+03             0.823E+03
   34             0.639E+03             0.932E+03
   35             0.658E+03             0.105E+04
   36             0.676E+03             0.118E+04
   37             0.694E+03             0.133E+04
   38             0.711E+03             0.148E+04
   39             0.729E+03             0.165E+04
   40             0.747E+03             0.184E+04
   41             0.765E+03             0.204E+04
   42             0.783E+03             0.225E+04
   43             0.800E+03             0.249E+04
   44             0.818E+03             0.274E+04
   45             0.835E+03             0.301E+04
   46             0.853E+03             0.330E+04
   47             0.870E+03             0.361E+04
   48             0.887E+03             0.395E+04
   49             0.904E+03             0.430E+04
   50             0.922E+03             0.469E+04
   51             0.939E+03             0.510E+04
   52             0.956E+03             0.553E+04
   53             0.973E+03             0.600E+04
   54             0.989E+03             0.649E+04
   55             0.101E+04             0.701E+04
   56             0.102E+04             0.757E+04
   57             0.104E+04             0.816E+04
   58             0.106E+04             0.879E+04
   59             0.107E+04             0.945E+04
   60             0.109E+04             0.102E+05
   61             0.111E+04             0.109E+05
   62             0.112E+04             0.117E+05
   63             0.114E+04             0.125E+05
   64             0.115E+04             0.134E+05
   65             0.117E+04             0.143E+05
   66             0.119E+04             0.153E+05
   67             0.120E+04             0.163E+05
   68             0.122E+04             0.174E+05
   69             0.123E+04             0.185E+05
   70             0.125E+04             0.197E+05
   71             0.127E+04             0.209E+05
   72             0.128E+04             0.222E+05
   73             0.130E+04             0.236E+05
   74             0.131E+04             0.250E+05
   75             0.133E+04             0.266E+05
   76             0.134E+04             0.281E+05
   77             0.136E+04             0.298E+05
   78             0.137E+04             0.315E+05
   79             0.139E+04             0.333E+05
   80             0.140E+04             0.352E+05
   81             0.142E+04             0.372E+05
   82             0.143E+04             0.393E+05
   83             0.145E+04             0.414E+05
   84             0.146E+04             0.437E+05
   85             0.148E+04             0.461E+05
   86             0.149E+04             0.485E+05
   87             0.150E+04             0.511E+05
   88             0.152E+04             0.538E+05
   89             0.153E+04             0.566E+05
   90             0.155E+04             0.595E+05
   91             0.156E+04             0.626E+05
   92             0.157E+04             0.657E+05
   93             0.159E+04             0.690E+05
   94             0.160E+04             0.725E+05
   95             0.161E+04             0.761E+05
   96             0.163E+04             0.798E+05
   97             0.164E+04             0.837E+05
   98             0.165E+04             0.877E+05
   99             0.167E+04             0.920E+05
  100             0.168E+04             0.964E+05
  101             0.169E+04             0.101E+06
  102             0.170E+04             0.106E+06
  103             0.172E+04             0.111E+06
  104             0.173E+04             0.116E+06
  105             0.174E+04             0.121E+06
  106             0.175E+04             0.127E+06
  107             0.177E+04             0.133E+06
  108             0.178E+04             0.139E+06
  109             0.179E+04             0.145E+06
  110             0.180E+04             0.152E+06
  111             0.181E+04             0.159E+06
  112             0.182E+04             0.166E+06
  113             0.183E+04             0.173E+06
  114             0.184E+04             0.181E+06
  115             0.185E+04             0.189E+06
  116             0.186E+04             0.198E+06
  117             0.187E+04             0.207E+06
  118             0.188E+04             0.217E+06
  119             0.189E+04             0.227E+06
  120             0.190E+04             0.237E+06
  121             0.191E+04             0.249E+06
  122             0.192E+04             0.260E+06
  123             0.193E+04             0.275E+06
  124             0.194E+04             0.285E+06
  125             0.194E+04             0.305E+06
  126             0.195E+04             0.310E+06
  127             0.195E+04             0.332E+06
  128             0.197E+04             0.334E+06
  129             0.197E+04             0.358E+06
  130             0.199E+04             0.358E+06
  131             0.199E+04             0.382E+06
  132             0.201E+04             0.381E+06
  133             0.201E+04             0.406E+06
  134             0.203E+04             0.404E+06
  135             0.203E+04             0.430E+06
  136             0.206E+04             0.426E+06
  137             0.206E+04             0.452E+06
  138             0.208E+04             0.448E+06
  139             0.208E+04             0.475E+06
  140             0.211E+04             0.469E+06
  141             0.211E+04             0.497E+06
  142             0.213E+04             0.490E+06
  143             0.213E+04             0.518E+06
  144             0.216E+04             0.510E+06
  145             0.216E+04             0.539E+06
  146             0.218E+04             0.529E+06
  147             0.218E+04             0.559E+06
  148             0.221E+04             0.549E+06
  149             0.221E+04             0.579E+06
  150             0.224E+04             0.567E+06
  151             0.224E+04             0.598E+06
  152             0.227E+04             0.585E+06
  153             0.227E+04             0.616E+06
  154             0.229E+04             0.602E+06
  155             0.229E+04             0.634E+06
  156             0.232E+04             0.619E+06
  157             0.232E+04             0.651E+06
  158             0.235E+04             0.635E+06
  159             0.235E+04             0.667E+06
  160             0.238E+04             0.651E+06
  161             0.238E+04             0.683E+06
  162             0.241E+04             0.665E+06
  163             0.241E+04             0.698E+06
  164             0.245E+04             0.679E+06
  165             0.245E+04             0.713E+06
  166             0.248E+04             0.693E+06
  167             0.248E+04             0.726E+06
  168             0.251E+04             0.705E+06
  169             0.251E+04             0.739E+06
  170             0.254E+04             0.717E+06
  171             0.254E+04             0.751E+06
  172             0.258E+04             0.728E+06
  173             0.258E+04             0.763E+06
  174             0.261E+04             0.738E+06
  175             0.261E+04             0.773E+06
  176             0.265E+04             0.748E+06
  177             0.265E+04             0.783E+06
  178             0.268E+04             0.757E+06
  179             0.268E+04             0.792E+06
  180             0.272E+04             0.765E+06
  181             0.272E+04             0.800E+06
  182             0.275E+04             0.772E+06
  183             0.275E+04             0.807E+06
  184             0.279E+04             0.778E+06
  185             0.279E+04             0.814E+06
  186             0.282E+04             0.784E+06
  187             0.282E+04             0.820E+06
  188             0.286E+04             0.789E+06
  189             0.286E+04             0.825E+06
  190             0.290E+04             0.793E+06
  191             0.290E+04             0.829E+06
  192             0.294E+04             0.796E+06
  193             0.294E+04             0.832E+06
  194             0.298E+04             0.798E+06
  195             0.298E+04             0.834E+06
  196             0.302E+04             0.799E+06
  197             0.302E+04             0.836E+06
  198             0.306E+04             0.800E+06
  199             0.306E+04             0.836E+06
  200             0.310E+04             0.800E+06
  201             0.310E+04             0.836E+06
  202             0.314E+04             0.799E+06
  203             0.314E+04             0.835E+06
  204             0.318E+04             0.797E+06
  205             0.318E+04             0.833E+06
  206             0.322E+04             0.795E+06
  207             0.322E+04             0.831E+06
  208             0.326E+04             0.791E+06
  209             0.326E+04             0.827E+06
  210             0.330E+04             0.787E+06
  211             0.330E+04             0.823E+06
  212             0.335E+04             0.782E+06
  213             0.335E+04             0.818E+06
  214             0.339E+04             0.777E+06
  215             0.339E+04             0.812E+06
  216             0.343E+04             0.770E+06
  217             0.343E+04             0.806E+06
  218             0.348E+04             0.763E+06
  219             0.348E+04             0.798E+06
  220             0.352E+04             0.755E+06
  221             0.352E+04             0.790E+06
  222             0.357E+04             0.746E+06
  223             0.357E+04             0.781E+06
  224             0.361E+04             0.737E+06
  225             0.361E+04             0.772E+06
  226             0.366E+04             0.727E+06
  227             0.366E+04             0.762E+06
  228             0.370E+04             0.716E+06
  229             0.370E+04             0.751E+06
  230             0.375E+04             0.705E+06
  231             0.375E+04             0.739E+06
  232             0.380E+04             0.693E+06
  233             0.380E+04             0.727E+06
  234             0.385E+04             0.680E+06
  235             0.385E+04             0.714E+06
  236             0.389E+04             0.667E+06
  237             0.389E+04             0.700E+06
  238             0.394E+04             0.653E+06
  239             0.394E+04             0.686E+06
  240             0.399E+04             0.639E+06
  241             0.399E+04             0.671E+06
  242             0.404E+04             0.624E+06
  243             0.404E+04             0.656E+06
  244             0.409E+04             0.609E+06
  245             0.409E+04             0.641E+06
  246             0.414E+04             0.593E+06
  247             0.414E+04             0.624E+06
  248             0.419E+04             0.577E+06
  249             0.419E+04             0.608E+06
  250             0.424E+04             0.560E+06
  251             0.424E+04             0.591E+06
  252             0.429E+04             0.543E+06
  253             0.429E+04             0.573E+06
  254             0.434E+04             0.526E+06
  255             0.434E+04             0.555E+06
  256             0.440E+04             0.508E+06
  257             0.440E+04             0.537E+06
  258             0.445E+04             0.490E+06
  259             0.445E+04             0.518E+06
  260             0.450E+04             0.472E+06
  261             0.450E+04             0.499E+06
  262             0.456E+04             0.453E+06
  263             0.456E+04             0.480E+06
  264             0.461E+04             0.434E+06
  265             0.461E+04             0.461E+06
  266             0.467E+04             0.415E+06
  267             0.467E+04             0.442E+06
  268             0.472E+04             0.396E+06
  269             0.472E+04             0.422E+06
  270             0.478E+04             0.377E+06
  271             0.478E+04             0.402E+06
  272             0.483E+04             0.358E+06
  273             0.483E+04             0.383E+06
  274             0.489E+04             0.339E+06
  275             0.489E+04             0.363E+06
  276             0.494E+04             0.320E+06
  277             0.494E+04             0.343E+06
  278             0.500E+04             0.301E+06
  279             0.500E+04             0.323E+06
  280             0.506E+04             0.282E+06
  281             0.506E+04             0.304E+06
  282             0.512E+04             0.264E+06
  283             0.512E+04             0.284E+06
  284             0.517E+04             0.245E+06
  285             0.517E+04             0.265E+06
  286             0.523E+04             0.227E+06
  287             0.523E+04             0.246E+06
  288             0.529E+04             0.209E+06
  289             0.529E+04             0.228E+06
  290             0.535E+04             0.191E+06
  291             0.535E+04             0.209E+06
  292             0.541E+04             0.174E+06
  293             0.541E+04             0.191E+06
  294             0.547E+04             0.158E+06
  295             0.547E+04             0.174E+06
  296             0.553E+04             0.142E+06
  297             0.553E+04             0.157E+06
  298             0.559E+04             0.126E+06
  299             0.559E+04             0.141E+06
  300             0.566E+04             0.111E+06
  301             0.566E+04             0.125E+06
  302             0.572E+04             0.969E+05
  303             0.572E+04             0.110E+06
  304             0.578E+04             0.834E+05
  305             0.578E+04             0.953E+05
  306             0.584E+04             0.706E+05
  307             0.584E+04             0.817E+05
  308             0.591E+04             0.588E+05
  309             0.591E+04             0.689E+05
  310             0.597E+04             0.478E+05
  311             0.597E+04             0.569E+05
  312             0.604E+04             0.378E+05
  313             0.604E+04             0.460E+05
  314             0.610E+04             0.288E+05
  315             0.610E+04             0.360E+05
  316             0.617E+04             0.209E+05
  317             0.617E+04             0.271E+05
  318             0.623E+04             0.142E+05
  319             0.623E+04             0.194E+05
  320             0.630E+04             0.871E+04
  321             0.630E+04             0.128E+05
  322             0.636E+04             0.449E+04
  323             0.636E+04             0.757E+04
  324             0.643E+04             0.162E+04
  325             0.643E+04             0.363E+04
  326             0.650E+04             0.172E+03
  327             0.650E+04             0.110E+04
  328             0.656E+04             0.209E+03
  329             0.656E+04             0.306E+02
  330             0.663E+04             0.180E+04
  331             0.663E+04             0.505E+03
  332             0.670E+04             0.502E+04
  333             0.670E+04             0.259E+04
  334             0.677E+04             0.994E+04
  335             0.677E+04             0.635E+04
  336             0.684E+04             0.166E+05
  337             0.684E+04             0.119E+05
  338             0.691E+04             0.252E+05
  339             0.691E+04             0.192E+05
  340             0.698E+04             0.356E+05
  341             0.698E+04             0.285E+05
  342             0.705E+04             0.481E+05
  343             0.705E+04             0.397E+05
  344             0.712E+04             0.626E+05
  345             0.712E+04             0.530E+05
  346             0.719E+04             0.793E+05
  347             0.719E+04             0.684E+05
  348             0.726E+04             0.982E+05
  349             0.726E+04             0.860E+05
  350             0.734E+04             0.119E+06
  351             0.734E+04             0.106E+06
  352             0.741E+04             0.143E+06
  353             0.741E+04             0.128E+06
  354             0.748E+04             0.169E+06
  355             0.748E+04             0.153E+06
  356             0.755E+04             0.198E+06
  357             0.755E+04             0.180E+06
  358             0.763E+04             0.229E+06
  359             0.763E+04             0.210E+06
  360             0.770E+04             0.263E+06
  361             0.770E+04             0.243E+06
  362             0.778E+04             0.300E+06
  363             0.778E+04             0.278E+06
  364             0.785E+04             0.339E+06
  365             0.785E+04             0.316E+06
  366             0.793E+04             0.382E+06
  367             0.793E+04             0.358E+06
  368             0.800E+04             0.428E+06
  369             0.800E+04             0.402E+06
  370             0.808E+04             0.477E+06
  371             0.808E+04             0.449E+06
  372             0.816E+04             0.529E+06
  373             0.816E+04             0.500E+06
  374             0.823E+04             0.584E+06
  375             0.823E+04             0.554E+06
  376             0.831E+04             0.643E+06
  377             0.831E+04             0.611E+06
  378             0.839E+04             0.706E+06
  379             0.839E+04             0.672E+06
  380             0.847E+04             0.772E+06
  381             0.847E+04             0.737E+06
  382             0.855E+04             0.842E+06
  383             0.855E+04             0.805E+06
  384             0.863E+04             0.915E+06
  385             0.863E+04             0.877E+06
  386             0.871E+04             0.993E+06
  387             0.871E+04             0.953E+06
  388             0.879E+04             0.107E+07
  389             0.879E+04             0.103E+07
  390             0.887E+04             0.116E+07
  391             0.887E+04             0.112E+07
  392             0.895E+04             0.125E+07
  393             0.895E+04             0.121E+07
  394             0.903E+04             0.134E+07
  395             0.903E+04             0.130E+07
  396             0.911E+04             0.144E+07
  397             0.911E+04             0.140E+07
  398             0.919E+04             0.155E+07
  399             0.919E+04             0.150E+07
  400             0.928E+04             0.165E+07
  401             0.928E+04             0.160E+07
  402             0.936E+04             0.177E+07
  403             0.936E+04             0.171E+07
  404             0.944E+04             0.188E+07
  405             0.944E+04             0.183E+07
  406             0.953E+04             0.201E+07
  407             0.953E+04             0.195E+07
  408             0.961E+04             0.213E+07
  409             0.961E+04             0.208E+07
  410             0.970E+04             0.227E+07
  411             0.970E+04             0.221E+07
  412             0.978E+04             0.240E+07
  413             0.978E+04             0.234E+07
  414             0.987E+04             0.255E+07
  415             0.987E+04             0.248E+07
  416             0.995E+04             0.270E+07
  417             0.995E+04             0.263E+07
  418             0.100E+05             0.285E+07
  419             0.100E+05             0.278E+07
  420             0.101E+05             0.301E+07
  421             0.101E+05             0.294E+07
  422             0.102E+05             0.318E+07
  423             0.102E+05             0.311E+07
  424             0.103E+05             0.335E+07
  425             0.103E+05             0.328E+07
  426             0.104E+05             0.353E+07
  427             0.104E+05             0.345E+07
  428             0.105E+05             0.371E+07
  429             0.105E+05             0.364E+07
  430             0.106E+05             0.390E+07
  431             0.106E+05             0.382E+07
  432             0.107E+05             0.410E+07
  433             0.107E+05             0.402E+07
  434             0.107E+05             0.430E+07
  435             0.107E+05             0.422E+07
  436             0.108E+05             0.451E+07
  437             0.108E+05             0.443E+07
  438             0.109E+05             0.473E+07
  439             0.109E+05             0.464E+07
  440             0.110E+05             0.496E+07
  441             0.110E+05             0.487E+07
  442             0.111E+05             0.519E+07
  443             0.111E+05             0.510E+07
  444             0.112E+05             0.543E+07
  445             0.112E+05             0.533E+07
  446             0.113E+05             0.567E+07
  447             0.113E+05             0.558E+07
  448             0.114E+05             0.592E+07
  449             0.114E+05             0.583E+07
  450             0.115E+05             0.619E+07
  451             0.115E+05             0.609E+07
  452             0.116E+05             0.645E+07
  453             0.116E+05             0.635E+07
  454             0.117E+05             0.673E+07
  455             0.117E+05             0.663E+07
  456             0.118E+05             0.702E+07
  457             0.118E+05             0.691E+07
  458             0.119E+05             0.731E+07
  459             0.119E+05             0.720E+07
  460             0.119E+05             0.761E+07
  461             0.119E+05             0.750E+07
  462             0.120E+05             0.792E+07
  463             0.120E+05             0.781E+07
  464             0.121E+05             0.824E+07
  465             0.121E+05             0.812E+07
  466             0.122E+05             0.856E+07
  467             0.122E+05             0.845E+07
  468             0.123E+05             0.890E+07
  469             0.123E+05             0.878E+07
  470             0.124E+05             0.924E+07
  471             0.124E+05             0.912E+07
  472             0.125E+05             0.960E+07
  473             0.125E+05             0.947E+07
  474             0.126E+05             0.996E+07
  475             0.126E+05             0.984E+07
  476             0.127E+05             0.103E+08
  477             0.127E+05             0.102E+08
  478             0.128E+05             0.107E+08
  479             0.128E+05             0.106E+08
  480             0.129E+05             0.111E+08
  481             0.129E+05             0.110E+08
  482             0.130E+05             0.115E+08
  483             0.130E+05             0.114E+08
  484             0.131E+05             0.119E+08
  485             0.131E+05             0.118E+08
  486             0.132E+05             0.123E+08
  487             0.132E+05             0.122E+08
  488             0.133E+05             0.128E+08
  489             0.133E+05             0.126E+08
  490             0.134E+05             0.132E+08
  491             0.134E+05             0.131E+08
  492             0.135E+05             0.137E+08
  493             0.135E+05             0.135E+08
  494             0.136E+05             0.141E+08
  495             0.136E+05             0.140E+08
  496             0.137E+05             0.146E+08
  497             0.137E+05             0.145E+08
  498             0.138E+05             0.151E+08
  499             0.138E+05             0.149E+08
  500             0.139E+05             0.156E+08
  501             0.139E+05             0.154E+08
  502             0.140E+05             0.161E+08
  503             0.140E+05             0.159E+08
  504             0.141E+05             0.166E+08
  505             0.141E+05             0.165E+08
  506             0.143E+05             0.172E+08
  507             0.143E+05             0.170E+08
  508             0.144E+05             0.177E+08
  509             0.144E+05             0.175E+08
  510             0.145E+05             0.182E+08
  511             0.145E+05             0.181E+08
  512             0.146E+05             0.188E+08
  513             0.146E+05             0.186E+08
  514             0.147E+05             0.194E+08
  515             0.147E+05             0.192E+08
  516             0.148E+05             0.200E+08
  517             0.148E+05             0.198E+08
  518             0.149E+05             0.206E+08
  519             0.149E+05             0.204E+08
  520             0.150E+05             0.212E+08
  521             0.150E+05             0.210E+08
  522             0.151E+05             0.218E+08
  523             0.151E+05             0.217E+08
  524             0.152E+05             0.225E+08
  525             0.152E+05             0.223E+08
  526             0.153E+05             0.231E+08
  527             0.153E+05             0.230E+08
  528             0.154E+05             0.238E+08
  529             0.154E+05             0.236E+08
  530             0.155E+05             0.245E+08
  531             0.155E+05             0.243E+08
  532             0.157E+05             0.252E+08
  533             0.157E+05             0.250E+08
  534             0.158E+05             0.259E+08
  535             0.158E+05             0.257E+08
  536             0.159E+05             0.266E+08
  537             0.159E+05             0.264E+08
  538             0.160E+05             0.274E+08
  539             0.160E+05             0.272E+08
  540             0.161E+05             0.281E+08
  541             0.161E+05             0.279E+08
  542             0.162E+05             0.289E+08
  543             0.162E+05             0.287E+08
  544             0.163E+05             0.297E+08
  545             0.163E+05             0.295E+08
  546             0.164E+05             0.305E+08
  547             0.164E+05             0.303E+08
  548             0.165E+05             0.313E+08
  549             0.165E+05             0.311E+08
  550             0.167E+05             0.321E+08
  551             0.167E+05             0.319E+08
  552             0.168E+05             0.330E+08
  553             0.168E+05             0.328E+08
  554             0.169E+05             0.339E+08
  555             0.169E+05             0.336E+08
  556             0.170E+05             0.347E+08
  557             0.170E+05             0.345E+08
  558             0.171E+05             0.356E+08
  559             0.171E+05             0.354E+08
  560             0.172E+05             0.365E+08
  561             0.172E+05             0.363E+08
  562             0.174E+05             0.375E+08
  563             0.174E+05             0.372E+08
  564             0.175E+05             0.384E+08
  565             0.175E+05             0.382E+08
  566             0.176E+05             0.394E+08
  567             0.176E+05             0.391E+08
  568             0.177E+05             0.404E+08
  569             0.177E+05             0.401E+08
  570             0.178E+05             0.414E+08
  571             0.178E+05             0.411E+08
  572             0.179E+05             0.424E+08
  573             0.179E+05             0.421E+08
  574             0.181E+05             0.434E+08
  575             0.181E+05             0.431E+08
  576             0.182E+05             0.445E+08
  577             0.182E+05             0.442E+08
  578             0.183E+05             0.455E+08
  579             0.183E+05             0.453E+08
  580             0.184E+05             0.466E+08
  581             0.184E+05             0.463E+08
  582             0.185E+05             0.477E+08
  583             0.185E+05             0.474E+08
  584             0.187E+05             0.488E+08
  585             0.187E+05             0.486E+08
  586             0.188E+05             0.500E+08
  587             0.188E+05             0.497E+08
  588             0.189E+05             0.511E+08
  589             0.189E+05             0.509E+08
  590             0.190E+05             0.523E+08
  591             0.190E+05             0.520E+08
  592             0.191E+05             0.535E+08
  593             0.191E+05             0.532E+08
  594             0.193E+05             0.547E+08
  595             0.193E+05             0.545E+08
  596             0.194E+05             0.560E+08
  597             0.194E+05             0.557E+08
  598             0.195E+05             0.572E+08
  599             0.195E+05             0.569E+08
  600             0.196E+05             0.585E+08
  601             0.196E+05             0.582E+08
  602             0.198E+05             0.599E+08
  603             0.198E+05             0.595E+08
  604             0.199E+05             0.613E+08
  605             0.199E+05             0.609E+08
  606             0.200E+05             0.628E+08
  607             0.200E+05             0.625E+08
  608             0.202E+05             0.645E+08
  609             0.202E+05             0.642E+08
  610             0.203E+05             0.664E+08
  611             0.203E+05             0.661E+08
  612             0.205E+05             0.687E+08
  613             0.205E+05             0.684E+08
  614             0.207E+05             0.714E+08
  615             0.207E+05             0.710E+08
  616             0.209E+05             0.745E+08
  617             0.209E+05             0.742E+08
  618             0.212E+05             0.784E+08
  619             0.212E+05             0.780E+08
  620             0.215E+05             0.836E+08
  621             0.215E+05             0.832E+08
