    1             0.100E+02             0.911E-05
    2             0.300E+02             0.228E-03
    3             0.500E+02             0.154E-02
    4             0.699E+02             0.571E-02
    5             0.899E+02             0.154E-01
    6             0.110E+03             0.340E-01
    7             0.130E+03             0.661E-01
    8             0.150E+03             0.117E+00
    9             0.170E+03             0.192E+00
   10             0.189E+03             0.300E+00
   11             0.209E+03             0.448E+00
   12             0.229E+03             0.644E+00
   13             0.249E+03             0.899E+00
   14             0.269E+03             0.122E+01
   15             0.289E+03             0.163E+01
   16             0.309E+03             0.213E+01
   17             0.328E+03             0.273E+01
   18             0.348E+03             0.346E+01
   19             0.368E+03             0.432E+01
   20             0.388E+03             0.534E+01
   21             0.407E+03             0.652E+01
   22             0.427E+03             0.790E+01
   23             0.447E+03             0.948E+01
   24             0.467E+03             0.113E+02
   25             0.486E+03             0.133E+02
   26             0.506E+03             0.157E+02
   27             0.526E+03             0.183E+02
   28             0.545E+03             0.212E+02
   29             0.565E+03             0.245E+02
   30             0.585E+03             0.281E+02
   31             0.604E+03             0.321E+02
   32             0.624E+03             0.366E+02
   33             0.644E+03             0.415E+02
   34             0.663E+03             0.469E+02
   35             0.683E+03             0.527E+02
   36             0.702E+03             0.592E+02
   37             0.722E+03             0.662E+02
   38             0.741E+03             0.738E+02
   39             0.761E+03             0.820E+02
   40             0.780E+03             0.909E+02
   41             0.800E+03             0.101E+03
   42             0.819E+03             0.111E+03
   43             0.839E+03             0.122E+03
   44             0.858E+03             0.134E+03
   45             0.878E+03             0.147E+03
   46             0.897E+03             0.161E+03
   47             0.917E+03             0.175E+03
   48             0.936E+03             0.191E+03
   49             0.956E+03             0.208E+03
   50             0.975E+03             0.226E+03
   51             0.994E+03             0.245E+03
   52             0.101E+04             0.265E+03
   53             0.103E+04             0.286E+03
   54             0.105E+04             0.309E+03
   55             0.107E+04             0.333E+03
   56             0.109E+04             0.358E+03
   57             0.111E+04             0.385E+03
   58             0.113E+04             0.413E+03
   59             0.115E+04             0.443E+03
   60             0.117E+04             0.474E+03
   61             0.119E+04             0.507E+03
   62             0.121E+04             0.542E+03
   63             0.123E+04             0.578E+03
   64             0.125E+04             0.617E+03
   65             0.126E+04             0.657E+03
   66             0.128E+04             0.699E+03
   67             0.130E+04             0.743E+03
   68             0.132E+04             0.789E+03
   69             0.134E+04             0.838E+03
   70             0.136E+04             0.888E+03
   71             0.138E+04             0.941E+03
   72             0.140E+04             0.996E+03
   73             0.142E+04             0.105E+04
   74             0.144E+04             0.111E+04
   75             0.146E+04             0.118E+04
   76             0.147E+04             0.124E+04
   77             0.149E+04             0.131E+04
   78             0.151E+04             0.138E+04
   79             0.153E+04             0.145E+04
   80             0.155E+04             0.153E+04
   81             0.157E+04             0.161E+04
   82             0.159E+04             0.169E+04
   83             0.161E+04             0.178E+04
   84             0.163E+04             0.187E+04
   85             0.165E+04             0.196E+04
   86             0.166E+04             0.206E+04
   87             0.168E+04             0.216E+04
   88             0.170E+04             0.226E+04
   89             0.172E+04             0.237E+04
   90             0.174E+04             0.248E+04
   91             0.176E+04             0.259E+04
   92             0.178E+04             0.271E+04
   93             0.180E+04             0.283E+04
   94             0.182E+04             0.296E+04
   95             0.183E+04             0.309E+04
   96             0.185E+04             0.322E+04
   97             0.187E+04             0.336E+04
   98             0.189E+04             0.351E+04
   99             0.191E+04             0.365E+04
  100             0.193E+04             0.381E+04
  101             0.195E+04             0.397E+04
  102             0.197E+04             0.413E+04
  103             0.198E+04             0.430E+04
  104             0.200E+04             0.447E+04
  105             0.202E+04             0.465E+04
  106             0.204E+04             0.483E+04
  107             0.206E+04             0.502E+04
  108             0.208E+04             0.522E+04
  109             0.210E+04             0.542E+04
  110             0.212E+04             0.562E+04
  111             0.213E+04             0.584E+04
  112             0.215E+04             0.605E+04
  113             0.217E+04             0.628E+04
  114             0.219E+04             0.651E+04
  115             0.221E+04             0.675E+04
  116             0.223E+04             0.699E+04
  117             0.224E+04             0.724E+04
  118             0.226E+04             0.750E+04
  119             0.228E+04             0.776E+04
  120             0.230E+04             0.803E+04
  121             0.232E+04             0.831E+04
  122             0.234E+04             0.860E+04
  123             0.236E+04             0.889E+04
  124             0.237E+04             0.919E+04
  125             0.239E+04             0.950E+04
  126             0.241E+04             0.981E+04
  127             0.243E+04             0.101E+05
  128             0.245E+04             0.105E+05
  129             0.247E+04             0.108E+05
  130             0.248E+04             0.112E+05
  131             0.250E+04             0.115E+05
  132             0.252E+04             0.119E+05
  133             0.254E+04             0.123E+05
  134             0.256E+04             0.126E+05
  135             0.258E+04             0.130E+05
  136             0.259E+04             0.134E+05
  137             0.261E+04             0.138E+05
  138             0.263E+04             0.143E+05
  139             0.265E+04             0.147E+05
  140             0.267E+04             0.151E+05
  141             0.269E+04             0.156E+05
  142             0.270E+04             0.160E+05
  143             0.272E+04             0.165E+05
  144             0.274E+04             0.170E+05
  145             0.276E+04             0.175E+05
  146             0.278E+04             0.180E+05
  147             0.279E+04             0.185E+05
  148             0.281E+04             0.190E+05
  149             0.283E+04             0.196E+05
  150             0.285E+04             0.201E+05
  151             0.287E+04             0.207E+05
  152             0.288E+04             0.212E+05
  153             0.290E+04             0.218E+05
  154             0.292E+04             0.224E+05
  155             0.294E+04             0.230E+05
  156             0.296E+04             0.236E+05
  157             0.297E+04             0.243E+05
  158             0.299E+04             0.249E+05
  159             0.301E+04             0.256E+05
  160             0.303E+04             0.262E+05
  161             0.305E+04             0.269E+05
  162             0.306E+04             0.276E+05
  163             0.308E+04             0.283E+05
  164             0.310E+04             0.291E+05
  165             0.312E+04             0.298E+05
  166             0.314E+04             0.306E+05
  167             0.315E+04             0.313E+05
  168             0.317E+04             0.321E+05
  169             0.319E+04             0.329E+05
  170             0.321E+04             0.337E+05
  171             0.322E+04             0.346E+05
  172             0.324E+04             0.354E+05
  173             0.326E+04             0.363E+05
  174             0.328E+04             0.371E+05
  175             0.329E+04             0.380E+05
  176             0.331E+04             0.389E+05
  177             0.333E+04             0.399E+05
  178             0.335E+04             0.408E+05
  179             0.337E+04             0.418E+05
  180             0.338E+04             0.428E+05
  181             0.340E+04             0.437E+05
  182             0.342E+04             0.448E+05
  183             0.344E+04             0.458E+05
  184             0.345E+04             0.468E+05
  185             0.347E+04             0.479E+05
  186             0.349E+04             0.490E+05
  187             0.351E+04             0.501E+05
  188             0.352E+04             0.512E+05
  189             0.354E+04             0.524E+05
  190             0.356E+04             0.535E+05
  191             0.358E+04             0.547E+05
  192             0.359E+04             0.559E+05
  193             0.361E+04             0.571E+05
  194             0.363E+04             0.584E+05
  195             0.365E+04             0.596E+05
  196             0.366E+04             0.609E+05
  197             0.368E+04             0.622E+05
  198             0.370E+04             0.636E+05
  199             0.372E+04             0.649E+05
  200             0.373E+04             0.663E+05
  201             0.375E+04             0.677E+05
  202             0.377E+04             0.691E+05
  203             0.378E+04             0.705E+05
  204             0.380E+04             0.720E+05
  205             0.382E+04             0.735E+05
  206             0.384E+04             0.750E+05
  207             0.385E+04             0.765E+05
  208             0.387E+04             0.781E+05
  209             0.389E+04             0.797E+05
  210             0.390E+04             0.813E+05
  211             0.392E+04             0.829E+05
  212             0.394E+04             0.845E+05
  213             0.396E+04             0.862E+05
  214             0.397E+04             0.879E+05
  215             0.399E+04             0.897E+05
  216             0.401E+04             0.914E+05
  217             0.402E+04             0.932E+05
  218             0.404E+04             0.950E+05
  219             0.406E+04             0.969E+05
  220             0.408E+04             0.987E+05
  221             0.409E+04             0.101E+06
  222             0.411E+04             0.103E+06
  223             0.413E+04             0.105E+06
  224             0.414E+04             0.106E+06
  225             0.416E+04             0.108E+06
  226             0.418E+04             0.111E+06
  227             0.419E+04             0.113E+06
  228             0.421E+04             0.115E+06
  229             0.423E+04             0.117E+06
  230             0.425E+04             0.119E+06
  231             0.426E+04             0.121E+06
  232             0.428E+04             0.123E+06
  233             0.430E+04             0.126E+06
  234             0.431E+04             0.128E+06
  235             0.433E+04             0.130E+06
  236             0.435E+04             0.133E+06
  237             0.436E+04             0.135E+06
  238             0.438E+04             0.137E+06
  239             0.440E+04             0.140E+06
  240             0.441E+04             0.142E+06
  241             0.443E+04             0.145E+06
  242             0.445E+04             0.147E+06
  243             0.446E+04             0.150E+06
  244             0.448E+04             0.153E+06
  245             0.450E+04             0.155E+06
  246             0.451E+04             0.158E+06
  247             0.453E+04             0.161E+06
  248             0.455E+04             0.163E+06
  249             0.456E+04             0.166E+06
  250             0.458E+04             0.169E+06
  251             0.460E+04             0.172E+06
  252             0.461E+04             0.175E+06
  253             0.463E+04             0.178E+06
  254             0.464E+04             0.181E+06
  255             0.466E+04             0.184E+06
  256             0.468E+04             0.187E+06
  257             0.469E+04             0.190E+06
  258             0.471E+04             0.193E+06
  259             0.473E+04             0.196E+06
  260             0.474E+04             0.200E+06
  261             0.476E+04             0.203E+06
  262             0.478E+04             0.206E+06
  263             0.479E+04             0.210E+06
  264             0.481E+04             0.213E+06
  265             0.482E+04             0.217E+06
  266             0.484E+04             0.220E+06
  267             0.486E+04             0.224E+06
  268             0.487E+04             0.227E+06
  269             0.489E+04             0.231E+06
  270             0.491E+04             0.234E+06
  271             0.492E+04             0.238E+06
  272             0.494E+04             0.242E+06
  273             0.495E+04             0.246E+06
  274             0.497E+04             0.250E+06
  275             0.499E+04             0.253E+06
  276             0.500E+04             0.257E+06
  277             0.502E+04             0.261E+06
  278             0.503E+04             0.266E+06
  279             0.505E+04             0.270E+06
  280             0.507E+04             0.274E+06
  281             0.508E+04             0.278E+06
  282             0.510E+04             0.282E+06
  283             0.511E+04             0.287E+06
  284             0.513E+04             0.291E+06
  285             0.515E+04             0.295E+06
  286             0.516E+04             0.300E+06
  287             0.518E+04             0.304E+06
  288             0.519E+04             0.309E+06
  289             0.521E+04             0.313E+06
  290             0.523E+04             0.318E+06
  291             0.524E+04             0.323E+06
  292             0.526E+04             0.328E+06
  293             0.527E+04             0.332E+06
  294             0.529E+04             0.337E+06
  295             0.530E+04             0.342E+06
  296             0.532E+04             0.347E+06
  297             0.534E+04             0.352E+06
  298             0.535E+04             0.358E+06
  299             0.537E+04             0.363E+06
  300             0.538E+04             0.368E+06
  301             0.540E+04             0.373E+06
  302             0.541E+04             0.379E+06
  303             0.543E+04             0.384E+06
  304             0.545E+04             0.390E+06
  305             0.546E+04             0.395E+06
  306             0.548E+04             0.401E+06
  307             0.549E+04             0.406E+06
  308             0.551E+04             0.412E+06
  309             0.552E+04             0.418E+06
  310             0.554E+04             0.424E+06
  311             0.555E+04             0.430E+06
  312             0.557E+04             0.436E+06
  313             0.559E+04             0.442E+06
  314             0.560E+04             0.448E+06
  315             0.562E+04             0.454E+06
  316             0.563E+04             0.460E+06
  317             0.565E+04             0.467E+06
  318             0.566E+04             0.473E+06
  319             0.568E+04             0.480E+06
  320             0.569E+04             0.486E+06
  321             0.571E+04             0.493E+06
  322             0.572E+04             0.500E+06
  323             0.574E+04             0.506E+06
  324             0.575E+04             0.513E+06
  325             0.577E+04             0.520E+06
  326             0.578E+04             0.527E+06
  327             0.580E+04             0.534E+06
  328             0.581E+04             0.541E+06
  329             0.583E+04             0.549E+06
  330             0.584E+04             0.556E+06
  331             0.586E+04             0.563E+06
  332             0.587E+04             0.571E+06
  333             0.589E+04             0.578E+06
  334             0.590E+04             0.586E+06
  335             0.592E+04             0.594E+06
  336             0.593E+04             0.601E+06
  337             0.595E+04             0.609E+06
  338             0.596E+04             0.617E+06
  339             0.598E+04             0.625E+06
  340             0.599E+04             0.633E+06
  341             0.601E+04             0.642E+06
  342             0.602E+04             0.650E+06
  343             0.604E+04             0.658E+06
  344             0.605E+04             0.667E+06
  345             0.607E+04             0.675E+06
  346             0.608E+04             0.684E+06
  347             0.610E+04             0.693E+06
  348             0.611E+04             0.701E+06
  349             0.613E+04             0.710E+06
  350             0.614E+04             0.719E+06
  351             0.616E+04             0.728E+06
  352             0.617E+04             0.737E+06
  353             0.619E+04             0.747E+06
  354             0.620E+04             0.756E+06
  355             0.622E+04             0.766E+06
  356             0.623E+04             0.775E+06
  357             0.624E+04             0.785E+06
  358             0.626E+04             0.795E+06
  359             0.627E+04             0.804E+06
  360             0.629E+04             0.814E+06
  361             0.630E+04             0.824E+06
  362             0.632E+04             0.835E+06
  363             0.633E+04             0.845E+06
  364             0.635E+04             0.855E+06
  365             0.636E+04             0.866E+06
  366             0.637E+04             0.876E+06
  367             0.639E+04             0.887E+06
  368             0.640E+04             0.898E+06
  369             0.642E+04             0.909E+06
  370             0.643E+04             0.920E+06
  371             0.645E+04             0.931E+06
  372             0.646E+04             0.942E+06
  373             0.647E+04             0.953E+06
  374             0.649E+04             0.965E+06
  375             0.650E+04             0.976E+06
  376             0.652E+04             0.988E+06
  377             0.653E+04             0.100E+07
  378             0.654E+04             0.101E+07
  379             0.656E+04             0.102E+07
  380             0.657E+04             0.104E+07
  381             0.659E+04             0.105E+07
  382             0.660E+04             0.106E+07
  383             0.661E+04             0.107E+07
  384             0.663E+04             0.109E+07
  385             0.664E+04             0.110E+07
  386             0.666E+04             0.111E+07
  387             0.667E+04             0.112E+07
  388             0.668E+04             0.114E+07
  389             0.670E+04             0.115E+07
  390             0.671E+04             0.116E+07
  391             0.672E+04             0.118E+07
  392             0.674E+04             0.119E+07
  393             0.675E+04             0.120E+07
  394             0.677E+04             0.122E+07
  395             0.678E+04             0.123E+07
  396             0.679E+04             0.125E+07
  397             0.681E+04             0.126E+07
  398             0.682E+04             0.128E+07
  399             0.683E+04             0.129E+07
  400             0.685E+04             0.130E+07
  401             0.686E+04             0.132E+07
  402             0.687E+04             0.133E+07
  403             0.689E+04             0.135E+07
  404             0.690E+04             0.137E+07
  405             0.692E+04             0.138E+07
  406             0.693E+04             0.140E+07
  407             0.694E+04             0.141E+07
  408             0.696E+04             0.143E+07
  409             0.697E+04             0.144E+07
  410             0.698E+04             0.146E+07
  411             0.699E+04             0.148E+07
  412             0.701E+04             0.149E+07
  413             0.702E+04             0.151E+07
  414             0.703E+04             0.153E+07
  415             0.705E+04             0.154E+07
  416             0.706E+04             0.156E+07
  417             0.707E+04             0.158E+07
  418             0.709E+04             0.160E+07
  419             0.710E+04             0.161E+07
  420             0.711E+04             0.163E+07
  421             0.713E+04             0.165E+07
  422             0.714E+04             0.167E+07
  423             0.715E+04             0.168E+07
  424             0.716E+04             0.170E+07
  425             0.718E+04             0.172E+07
  426             0.719E+04             0.174E+07
  427             0.720E+04             0.176E+07
  428             0.722E+04             0.178E+07
  429             0.723E+04             0.180E+07
  430             0.724E+04             0.182E+07
  431             0.725E+04             0.184E+07
  432             0.727E+04             0.186E+07
  433             0.728E+04             0.188E+07
  434             0.729E+04             0.190E+07
  435             0.730E+04             0.192E+07
  436             0.732E+04             0.194E+07
  437             0.733E+04             0.196E+07
  438             0.734E+04             0.198E+07
  439             0.735E+04             0.200E+07
  440             0.737E+04             0.202E+07
  441             0.738E+04             0.205E+07
  442             0.739E+04             0.207E+07
  443             0.740E+04             0.209E+07
  444             0.742E+04             0.211E+07
  445             0.743E+04             0.213E+07
  446             0.744E+04             0.216E+07
  447             0.745E+04             0.218E+07
  448             0.747E+04             0.220E+07
  449             0.748E+04             0.223E+07
  450             0.749E+04             0.225E+07
  451             0.750E+04             0.227E+07
  452             0.751E+04             0.230E+07
  453             0.753E+04             0.232E+07
  454             0.754E+04             0.235E+07
  455             0.755E+04             0.237E+07
  456             0.756E+04             0.240E+07
  457             0.757E+04             0.242E+07
  458             0.759E+04             0.245E+07
  459             0.760E+04             0.247E+07
  460             0.761E+04             0.250E+07
  461             0.762E+04             0.253E+07
  462             0.763E+04             0.255E+07
  463             0.764E+04             0.258E+07
  464             0.766E+04             0.261E+07
  465             0.767E+04             0.263E+07
  466             0.768E+04             0.266E+07
  467             0.769E+04             0.269E+07
  468             0.770E+04             0.272E+07
  469             0.771E+04             0.274E+07
  470             0.772E+04             0.277E+07
  471             0.774E+04             0.280E+07
  472             0.775E+04             0.283E+07
  473             0.776E+04             0.286E+07
  474             0.777E+04             0.289E+07
  475             0.778E+04             0.292E+07
  476             0.779E+04             0.295E+07
  477             0.780E+04             0.298E+07
  478             0.781E+04             0.301E+07
  479             0.783E+04             0.304E+07
  480             0.784E+04             0.308E+07
  481             0.785E+04             0.311E+07
  482             0.786E+04             0.314E+07
  483             0.787E+04             0.317E+07
  484             0.788E+04             0.321E+07
  485             0.789E+04             0.324E+07
  486             0.790E+04             0.327E+07
  487             0.791E+04             0.331E+07
  488             0.792E+04             0.334E+07
  489             0.793E+04             0.338E+07
  490             0.794E+04             0.341E+07
  491             0.795E+04             0.345E+07
  492             0.796E+04             0.348E+07
  493             0.797E+04             0.352E+07
  494             0.798E+04             0.355E+07
  495             0.799E+04             0.359E+07
  496             0.801E+04             0.363E+07
  497             0.802E+04             0.367E+07
  498             0.803E+04             0.370E+07
  499             0.804E+04             0.374E+07
  500             0.805E+04             0.378E+07
  501             0.806E+04             0.382E+07
  502             0.806E+04             0.386E+07
  503             0.807E+04             0.390E+07
  504             0.808E+04             0.394E+07
  505             0.809E+04             0.398E+07
  506             0.810E+04             0.403E+07
  507             0.811E+04             0.407E+07
  508             0.812E+04             0.411E+07
  509             0.813E+04             0.416E+07
  510             0.814E+04             0.420E+07
  511             0.815E+04             0.424E+07
  512             0.816E+04             0.429E+07
  513             0.817E+04             0.434E+07
  514             0.818E+04             0.438E+07
  515             0.819E+04             0.443E+07
  516             0.819E+04             0.448E+07
  517             0.820E+04             0.453E+07
  518             0.821E+04             0.458E+07
  519             0.822E+04             0.463E+07
  520             0.823E+04             0.468E+07
  521             0.824E+04             0.473E+07
  522             0.824E+04             0.478E+07
  523             0.825E+04             0.484E+07
  524             0.826E+04             0.489E+07
  525             0.827E+04             0.495E+07
  526             0.827E+04             0.501E+07
  527             0.828E+04             0.507E+07
  528             0.829E+04             0.512E+07
  529             0.829E+04             0.521E+07
  530             0.830E+04             0.524E+07
  531             0.830E+04             0.533E+07
  532             0.831E+04             0.536E+07
  533             0.831E+04             0.545E+07
  534             0.833E+04             0.547E+07
  535             0.833E+04             0.557E+07
  536             0.835E+04             0.559E+07
  537             0.835E+04             0.568E+07
  538             0.836E+04             0.570E+07
  539             0.836E+04             0.579E+07
  540             0.838E+04             0.581E+07
  541             0.838E+04             0.590E+07
  542             0.840E+04             0.591E+07
  543             0.840E+04             0.601E+07
  544             0.842E+04             0.602E+07
  545             0.842E+04             0.612E+07
  546             0.843E+04             0.613E+07
  547             0.843E+04             0.623E+07
  548             0.845E+04             0.623E+07
  549             0.845E+04             0.633E+07
  550             0.847E+04             0.634E+07
  551             0.847E+04             0.644E+07
  552             0.849E+04             0.644E+07
  553             0.849E+04             0.654E+07
  554             0.851E+04             0.655E+07
  555             0.851E+04             0.665E+07
  556             0.853E+04             0.665E+07
  557             0.853E+04             0.675E+07
  558             0.855E+04             0.675E+07
  559             0.855E+04             0.686E+07
  560             0.857E+04             0.685E+07
  561             0.857E+04             0.696E+07
  562             0.859E+04             0.695E+07
  563             0.859E+04             0.706E+07
  564             0.861E+04             0.705E+07
  565             0.861E+04             0.716E+07
  566             0.864E+04             0.716E+07
  567             0.864E+04             0.726E+07
  568             0.866E+04             0.725E+07
  569             0.866E+04             0.736E+07
  570             0.868E+04             0.735E+07
  571             0.868E+04             0.746E+07
  572             0.870E+04             0.745E+07
  573             0.870E+04             0.756E+07
  574             0.872E+04             0.755E+07
  575             0.872E+04             0.766E+07
  576             0.874E+04             0.765E+07
  577             0.874E+04             0.776E+07
  578             0.877E+04             0.775E+07
  579             0.877E+04             0.786E+07
  580             0.879E+04             0.784E+07
  581             0.879E+04             0.795E+07
  582             0.881E+04             0.794E+07
  583             0.881E+04             0.805E+07
  584             0.884E+04             0.803E+07
  585             0.884E+04             0.815E+07
  586             0.886E+04             0.813E+07
  587             0.886E+04             0.824E+07
  588             0.888E+04             0.822E+07
  589             0.888E+04             0.834E+07
  590             0.891E+04             0.832E+07
  591             0.891E+04             0.843E+07
  592             0.893E+04             0.841E+07
  593             0.893E+04             0.853E+07
  594             0.895E+04             0.851E+07
  595             0.895E+04             0.862E+07
  596             0.898E+04             0.860E+07
  597             0.898E+04             0.872E+07
  598             0.900E+04             0.869E+07
  599             0.900E+04             0.881E+07
  600             0.903E+04             0.878E+07
  601             0.903E+04             0.890E+07
  602             0.905E+04             0.887E+07
  603             0.905E+04             0.899E+07
  604             0.908E+04             0.896E+07
  605             0.908E+04             0.908E+07
  606             0.910E+04             0.905E+07
  607             0.910E+04             0.917E+07
  608             0.913E+04             0.914E+07
  609             0.913E+04             0.926E+07
  610             0.915E+04             0.923E+07
  611             0.915E+04             0.935E+07
  612             0.918E+04             0.932E+07
  613             0.918E+04             0.944E+07
  614             0.920E+04             0.941E+07
  615             0.920E+04             0.953E+07
  616             0.923E+04             0.950E+07
  617             0.923E+04             0.962E+07
  618             0.925E+04             0.958E+07
  619             0.925E+04             0.971E+07
  620             0.928E+04             0.967E+07
  621             0.928E+04             0.980E+07
  622             0.931E+04             0.976E+07
  623             0.931E+04             0.988E+07
  624             0.933E+04             0.984E+07
  625             0.933E+04             0.997E+07
  626             0.936E+04             0.993E+07
  627             0.936E+04             0.101E+08
  628             0.939E+04             0.100E+08
  629             0.939E+04             0.101E+08
  630             0.941E+04             0.101E+08
  631             0.941E+04             0.102E+08
  632             0.944E+04             0.102E+08
  633             0.944E+04             0.103E+08
  634             0.947E+04             0.103E+08
  635             0.947E+04             0.104E+08
  636             0.949E+04             0.103E+08
  637             0.949E+04             0.105E+08
  638             0.952E+04             0.104E+08
  639             0.952E+04             0.106E+08
  640             0.955E+04             0.105E+08
  641             0.955E+04             0.106E+08
  642             0.958E+04             0.106E+08
  643             0.958E+04             0.107E+08
  644             0.960E+04             0.107E+08
  645             0.960E+04             0.108E+08
  646             0.963E+04             0.107E+08
  647             0.963E+04             0.109E+08
  648             0.966E+04             0.108E+08
  649             0.966E+04             0.109E+08
  650             0.969E+04             0.109E+08
  651             0.969E+04             0.110E+08
  652             0.972E+04             0.110E+08
  653             0.972E+04             0.111E+08
  654             0.975E+04             0.110E+08
  655             0.975E+04             0.112E+08
  656             0.978E+04             0.111E+08
  657             0.978E+04             0.112E+08
  658             0.981E+04             0.112E+08
  659             0.981E+04             0.113E+08
  660             0.984E+04             0.112E+08
  661             0.984E+04             0.114E+08
  662             0.987E+04             0.113E+08
  663             0.987E+04             0.114E+08
  664             0.990E+04             0.114E+08
  665             0.990E+04             0.115E+08
  666             0.993E+04             0.114E+08
  667             0.993E+04             0.116E+08
  668             0.996E+04             0.115E+08
  669             0.996E+04             0.116E+08
  670             0.999E+04             0.116E+08
  671             0.999E+04             0.117E+08
  672             0.100E+05             0.116E+08
  673             0.100E+05             0.117E+08
  674             0.101E+05             0.117E+08
  675             0.101E+05             0.118E+08
  676             0.101E+05             0.117E+08
  677             0.101E+05             0.118E+08
  678             0.101E+05             0.118E+08
  679             0.101E+05             0.119E+08
  680             0.102E+05             0.118E+08
  681             0.102E+05             0.119E+08
  682             0.102E+05             0.119E+08
  683             0.102E+05             0.120E+08
  684             0.102E+05             0.119E+08
  685             0.102E+05             0.120E+08
  686             0.103E+05             0.119E+08
  687             0.103E+05             0.121E+08
  688             0.103E+05             0.120E+08
  689             0.103E+05             0.121E+08
  690             0.103E+05             0.120E+08
  691             0.103E+05             0.121E+08
  692             0.104E+05             0.120E+08
  693             0.104E+05             0.122E+08
  694             0.104E+05             0.121E+08
  695             0.104E+05             0.122E+08
  696             0.104E+05             0.121E+08
  697             0.104E+05             0.122E+08
  698             0.105E+05             0.121E+08
  699             0.105E+05             0.123E+08
  700             0.105E+05             0.122E+08
  701             0.105E+05             0.123E+08
  702             0.105E+05             0.122E+08
  703             0.105E+05             0.123E+08
  704             0.106E+05             0.122E+08
  705             0.106E+05             0.123E+08
  706             0.106E+05             0.122E+08
  707             0.106E+05             0.124E+08
  708             0.107E+05             0.122E+08
  709             0.107E+05             0.124E+08
  710             0.107E+05             0.123E+08
  711             0.107E+05             0.124E+08
  712             0.107E+05             0.123E+08
  713             0.107E+05             0.124E+08
  714             0.108E+05             0.123E+08
  715             0.108E+05             0.124E+08
  716             0.108E+05             0.123E+08
  717             0.108E+05             0.124E+08
  718             0.108E+05             0.123E+08
  719             0.108E+05             0.124E+08
  720             0.109E+05             0.123E+08
  721             0.109E+05             0.124E+08
  722             0.109E+05             0.123E+08
  723             0.109E+05             0.124E+08
  724             0.110E+05             0.123E+08
  725             0.110E+05             0.124E+08
  726             0.110E+05             0.123E+08
  727             0.110E+05             0.124E+08
  728             0.110E+05             0.123E+08
  729             0.110E+05             0.124E+08
  730             0.111E+05             0.123E+08
  731             0.111E+05             0.124E+08
  732             0.111E+05             0.122E+08
  733             0.111E+05             0.124E+08
  734             0.112E+05             0.122E+08
  735             0.112E+05             0.124E+08
  736             0.112E+05             0.122E+08
  737             0.112E+05             0.123E+08
  738             0.113E+05             0.122E+08
  739             0.113E+05             0.123E+08
  740             0.113E+05             0.122E+08
  741             0.113E+05             0.123E+08
  742             0.113E+05             0.121E+08
  743             0.113E+05             0.123E+08
  744             0.114E+05             0.121E+08
  745             0.114E+05             0.122E+08
  746             0.114E+05             0.121E+08
  747             0.114E+05             0.122E+08
  748             0.115E+05             0.120E+08
  749             0.115E+05             0.122E+08
  750             0.115E+05             0.120E+08
  751             0.115E+05             0.121E+08
  752             0.116E+05             0.120E+08
  753             0.116E+05             0.121E+08
  754             0.116E+05             0.119E+08
  755             0.116E+05             0.121E+08
  756             0.117E+05             0.119E+08
  757             0.117E+05             0.120E+08
  758             0.117E+05             0.118E+08
  759             0.117E+05             0.120E+08
  760             0.118E+05             0.118E+08
  761             0.118E+05             0.119E+08
  762             0.118E+05             0.117E+08
  763             0.118E+05             0.118E+08
  764             0.119E+05             0.116E+08
  765             0.119E+05             0.118E+08
  766             0.119E+05             0.116E+08
  767             0.119E+05             0.117E+08
  768             0.120E+05             0.115E+08
  769             0.120E+05             0.117E+08
  770             0.120E+05             0.115E+08
  771             0.120E+05             0.116E+08
  772             0.121E+05             0.114E+08
  773             0.121E+05             0.115E+08
  774             0.121E+05             0.113E+08
  775             0.121E+05             0.114E+08
  776             0.122E+05             0.112E+08
  777             0.122E+05             0.114E+08
  778             0.122E+05             0.111E+08
  779             0.122E+05             0.113E+08
  780             0.123E+05             0.111E+08
  781             0.123E+05             0.112E+08
  782             0.123E+05             0.110E+08
  783             0.123E+05             0.111E+08
  784             0.124E+05             0.109E+08
  785             0.124E+05             0.110E+08
  786             0.124E+05             0.108E+08
  787             0.124E+05             0.109E+08
  788             0.125E+05             0.107E+08
  789             0.125E+05             0.108E+08
  790             0.125E+05             0.106E+08
  791             0.125E+05             0.107E+08
  792             0.126E+05             0.105E+08
  793             0.126E+05             0.106E+08
  794             0.126E+05             0.104E+08
  795             0.126E+05             0.105E+08
  796             0.127E+05             0.103E+08
  797             0.127E+05             0.104E+08
  798             0.128E+05             0.102E+08
  799             0.128E+05             0.103E+08
  800             0.128E+05             0.100E+08
  801             0.128E+05             0.102E+08
  802             0.129E+05             0.991E+07
  803             0.129E+05             0.100E+08
  804             0.129E+05             0.979E+07
  805             0.129E+05             0.991E+07
  806             0.130E+05             0.966E+07
  807             0.130E+05             0.979E+07
  808             0.131E+05             0.953E+07
  809             0.131E+05             0.965E+07
  810             0.131E+05             0.939E+07
  811             0.131E+05             0.952E+07
  812             0.132E+05             0.925E+07
  813             0.132E+05             0.938E+07
  814             0.133E+05             0.911E+07
  815             0.133E+05             0.923E+07
  816             0.133E+05             0.896E+07
  817             0.133E+05             0.908E+07
  818             0.134E+05             0.881E+07
  819             0.134E+05             0.893E+07
  820             0.134E+05             0.866E+07
  821             0.134E+05             0.878E+07
  822             0.135E+05             0.850E+07
  823             0.135E+05             0.862E+07
  824             0.136E+05             0.834E+07
  825             0.136E+05             0.846E+07
  826             0.137E+05             0.817E+07
  827             0.137E+05             0.829E+07
  828             0.137E+05             0.801E+07
  829             0.137E+05             0.812E+07
  830             0.138E+05             0.783E+07
  831             0.138E+05             0.795E+07
  832             0.139E+05             0.766E+07
  833             0.139E+05             0.777E+07
  834             0.139E+05             0.748E+07
  835             0.139E+05             0.759E+07
  836             0.140E+05             0.729E+07
  837             0.140E+05             0.740E+07
  838             0.141E+05             0.711E+07
  839             0.141E+05             0.721E+07
  840             0.142E+05             0.692E+07
  841             0.142E+05             0.702E+07
  842             0.142E+05             0.672E+07
  843             0.142E+05             0.682E+07
  844             0.143E+05             0.652E+07
  845             0.143E+05             0.662E+07
  846             0.144E+05             0.632E+07
  847             0.144E+05             0.642E+07
  848             0.145E+05             0.611E+07
  849             0.145E+05             0.621E+07
  850             0.146E+05             0.590E+07
  851             0.146E+05             0.600E+07
  852             0.146E+05             0.569E+07
  853             0.146E+05             0.579E+07
  854             0.147E+05             0.547E+07
  855             0.147E+05             0.557E+07
  856             0.148E+05             0.525E+07
  857             0.148E+05             0.535E+07
  858             0.149E+05             0.503E+07
  859             0.149E+05             0.512E+07
  860             0.150E+05             0.480E+07
  861             0.150E+05             0.489E+07
  862             0.151E+05             0.457E+07
  863             0.151E+05             0.466E+07
  864             0.152E+05             0.434E+07
  865             0.152E+05             0.443E+07
  866             0.153E+05             0.411E+07
  867             0.153E+05             0.419E+07
  868             0.154E+05             0.387E+07
  869             0.154E+05             0.395E+07
  870             0.155E+05             0.363E+07
  871             0.155E+05             0.370E+07
  872             0.156E+05             0.338E+07
  873             0.156E+05             0.345E+07
  874             0.157E+05             0.313E+07
  875             0.157E+05             0.321E+07
  876             0.158E+05             0.289E+07
  877             0.158E+05             0.295E+07
  878             0.159E+05             0.264E+07
  879             0.159E+05             0.270E+07
  880             0.160E+05             0.238E+07
  881             0.160E+05             0.245E+07
  882             0.162E+05             0.213E+07
  883             0.162E+05             0.219E+07
  884             0.163E+05             0.188E+07
  885             0.163E+05             0.194E+07
  886             0.164E+05             0.163E+07
  887             0.164E+05             0.168E+07
  888             0.166E+05             0.138E+07
  889             0.166E+05             0.143E+07
  890             0.167E+05             0.113E+07
  891             0.167E+05             0.118E+07
  892             0.169E+05             0.891E+06
  893             0.169E+05             0.930E+06
  894             0.171E+05             0.657E+06
  895             0.171E+05             0.690E+06
  896             0.173E+05             0.435E+06
  897             0.173E+05             0.461E+06
  898             0.175E+05             0.231E+06
  899             0.175E+05             0.251E+06
  900             0.177E+05             0.628E+05
  901             0.177E+05             0.732E+05
