    1             0.998E+01             0.446E-03
    2             0.299E+02             0.112E-01
    3             0.497E+02             0.759E-01
    4             0.695E+02             0.282E+00
    5             0.891E+02             0.761E+00
    6             0.109E+03             0.169E+01
    7             0.128E+03             0.330E+01
    8             0.148E+03             0.586E+01
    9             0.167E+03             0.969E+01
   10             0.186E+03             0.152E+02
   11             0.205E+03             0.227E+02
   12             0.224E+03             0.328E+02
   13             0.243E+03             0.460E+02
   14             0.262E+03             0.628E+02
   15             0.281E+03             0.840E+02
   16             0.300E+03             0.110E+03
   17             0.318E+03             0.142E+03
   18             0.337E+03             0.181E+03
   19             0.355E+03             0.227E+03
   20             0.373E+03             0.281E+03
   21             0.391E+03             0.345E+03
   22             0.410E+03             0.420E+03
   23             0.428E+03             0.506E+03
   24             0.445E+03             0.606E+03
   25             0.463E+03             0.719E+03
   26             0.481E+03             0.848E+03
   27             0.498E+03             0.995E+03
   28             0.516E+03             0.116E+04
   29             0.533E+03             0.135E+04
   30             0.551E+03             0.155E+04
   31             0.568E+03             0.179E+04
   32             0.585E+03             0.204E+04
   33             0.602E+03             0.233E+04
   34             0.619E+03             0.264E+04
   35             0.635E+03             0.299E+04
   36             0.652E+03             0.338E+04
   37             0.668E+03             0.380E+04
   38             0.685E+03             0.426E+04
   39             0.701E+03             0.476E+04
   40             0.717E+03             0.531E+04
   41             0.733E+03             0.590E+04
   42             0.749E+03             0.655E+04
   43             0.765E+03             0.725E+04
   44             0.780E+03             0.802E+04
   45             0.796E+03             0.884E+04
   46             0.811E+03             0.973E+04
   47             0.827E+03             0.107E+05
   48             0.842E+03             0.117E+05
   49             0.857E+03             0.128E+05
   50             0.871E+03             0.140E+05
   51             0.886E+03             0.153E+05
   52             0.901E+03             0.167E+05
   53             0.915E+03             0.182E+05
   54             0.929E+03             0.198E+05
   55             0.943E+03             0.215E+05
   56             0.957E+03             0.233E+05
   57             0.971E+03             0.253E+05
   58             0.985E+03             0.274E+05
   59             0.998E+03             0.296E+05
   60             0.101E+04             0.320E+05
   61             0.102E+04             0.345E+05
   62             0.104E+04             0.373E+05
   63             0.105E+04             0.402E+05
   64             0.106E+04             0.433E+05
   65             0.107E+04             0.466E+05
   66             0.109E+04             0.501E+05
   67             0.110E+04             0.539E+05
   68             0.111E+04             0.580E+05
   69             0.112E+04             0.623E+05
   70             0.113E+04             0.670E+05
   71             0.114E+04             0.720E+05
   72             0.115E+04             0.774E+05
   73             0.116E+04             0.833E+05
   74             0.117E+04             0.895E+05
   75             0.118E+04             0.972E+05
   76             0.119E+04             0.103E+06
   77             0.119E+04             0.115E+06
   78             0.121E+04             0.118E+06
   79             0.121E+04             0.132E+06
   80             0.123E+04             0.133E+06
   81             0.123E+04             0.148E+06
   82             0.125E+04             0.147E+06
   83             0.125E+04             0.162E+06
   84             0.127E+04             0.160E+06
   85             0.127E+04             0.177E+06
   86             0.129E+04             0.173E+06
   87             0.129E+04             0.190E+06
   88             0.132E+04             0.186E+06
   89             0.132E+04             0.204E+06
   90             0.135E+04             0.198E+06
   91             0.135E+04             0.216E+06
   92             0.137E+04             0.209E+06
   93             0.137E+04             0.228E+06
   94             0.140E+04             0.220E+06
   95             0.140E+04             0.240E+06
   96             0.143E+04             0.231E+06
   97             0.143E+04             0.250E+06
   98             0.146E+04             0.240E+06
   99             0.146E+04             0.260E+06
  100             0.149E+04             0.249E+06
  101             0.149E+04             0.270E+06
  102             0.152E+04             0.258E+06
  103             0.152E+04             0.278E+06
  104             0.155E+04             0.265E+06
  105             0.155E+04             0.286E+06
  106             0.159E+04             0.272E+06
  107             0.159E+04             0.293E+06
  108             0.162E+04             0.278E+06
  109             0.162E+04             0.300E+06
  110             0.166E+04             0.284E+06
  111             0.166E+04             0.305E+06
  112             0.169E+04             0.288E+06
  113             0.169E+04             0.310E+06
  114             0.173E+04             0.292E+06
  115             0.173E+04             0.314E+06
  116             0.177E+04             0.295E+06
  117             0.177E+04             0.317E+06
  118             0.181E+04             0.297E+06
  119             0.181E+04             0.319E+06
  120             0.184E+04             0.298E+06
  121             0.184E+04             0.321E+06
  122             0.188E+04             0.299E+06
  123             0.188E+04             0.321E+06
  124             0.192E+04             0.298E+06
  125             0.192E+04             0.321E+06
  126             0.196E+04             0.297E+06
  127             0.196E+04             0.320E+06
  128             0.201E+04             0.295E+06
  129             0.201E+04             0.318E+06
  130             0.205E+04             0.293E+06
  131             0.205E+04             0.315E+06
  132             0.209E+04             0.289E+06
  133             0.209E+04             0.311E+06
  134             0.214E+04             0.285E+06
  135             0.214E+04             0.307E+06
  136             0.218E+04             0.280E+06
  137             0.218E+04             0.302E+06
  138             0.223E+04             0.275E+06
  139             0.223E+04             0.296E+06
  140             0.227E+04             0.268E+06
  141             0.227E+04             0.289E+06
  142             0.232E+04             0.261E+06
  143             0.232E+04             0.282E+06
  144             0.237E+04             0.254E+06
  145             0.237E+04             0.274E+06
  146             0.241E+04             0.246E+06
  147             0.241E+04             0.266E+06
  148             0.246E+04             0.237E+06
  149             0.246E+04             0.257E+06
  150             0.251E+04             0.228E+06
  151             0.251E+04             0.247E+06
  152             0.256E+04             0.218E+06
  153             0.256E+04             0.237E+06
  154             0.261E+04             0.208E+06
  155             0.261E+04             0.226E+06
  156             0.267E+04             0.197E+06
  157             0.267E+04             0.215E+06
  158             0.272E+04             0.186E+06
  159             0.272E+04             0.204E+06
  160             0.277E+04             0.175E+06
  161             0.277E+04             0.192E+06
  162             0.283E+04             0.164E+06
  163             0.283E+04             0.181E+06
  164             0.288E+04             0.152E+06
  165             0.288E+04             0.168E+06
  166             0.293E+04             0.141E+06
  167             0.293E+04             0.156E+06
  168             0.299E+04             0.129E+06
  169             0.299E+04             0.144E+06
  170             0.305E+04             0.118E+06
  171             0.305E+04             0.132E+06
  172             0.310E+04             0.106E+06
  173             0.310E+04             0.120E+06
  174             0.316E+04             0.947E+05
  175             0.316E+04             0.107E+06
  176             0.322E+04             0.836E+05
  177             0.322E+04             0.956E+05
  178             0.328E+04             0.728E+05
  179             0.328E+04             0.840E+05
  180             0.334E+04             0.625E+05
  181             0.334E+04             0.729E+05
  182             0.340E+04             0.526E+05
  183             0.340E+04             0.621E+05
  184             0.346E+04             0.432E+05
  185             0.346E+04             0.519E+05
  186             0.352E+04             0.346E+05
  187             0.352E+04             0.424E+05
  188             0.359E+04             0.266E+05
  189             0.359E+04             0.336E+05
  190             0.365E+04             0.195E+05
  191             0.365E+04             0.255E+05
  192             0.371E+04             0.134E+05
  193             0.371E+04             0.184E+05
  194             0.378E+04             0.826E+04
  195             0.378E+04             0.123E+05
  196             0.384E+04             0.428E+04
  197             0.384E+04             0.730E+04
  198             0.391E+04             0.155E+04
  199             0.391E+04             0.352E+04
  200             0.398E+04             0.156E+03
  201             0.398E+04             0.106E+04
  202             0.404E+04             0.225E+03
  203             0.404E+04             0.250E+02
  204             0.411E+04             0.186E+04
  205             0.411E+04             0.537E+03
  206             0.418E+04             0.519E+04
  207             0.418E+04             0.271E+04
  208             0.425E+04             0.103E+05
  209             0.425E+04             0.666E+04
  210             0.432E+04             0.174E+05
  211             0.432E+04             0.125E+05
  212             0.439E+04             0.265E+05
  213             0.439E+04             0.204E+05
  214             0.446E+04             0.378E+05
  215             0.446E+04             0.304E+05
  216             0.454E+04             0.513E+05
  217             0.454E+04             0.427E+05
  218             0.461E+04             0.674E+05
  219             0.461E+04             0.574E+05
  220             0.468E+04             0.859E+05
  221             0.468E+04             0.746E+05
  222             0.476E+04             0.107E+06
  223             0.476E+04             0.945E+05
  224             0.483E+04             0.131E+06
  225             0.483E+04             0.117E+06
  226             0.491E+04             0.158E+06
  227             0.491E+04             0.143E+06
  228             0.498E+04             0.189E+06
  229             0.498E+04             0.172E+06
  230             0.506E+04             0.222E+06
  231             0.506E+04             0.204E+06
  232             0.514E+04             0.259E+06
  233             0.514E+04             0.239E+06
  234             0.522E+04             0.300E+06
  235             0.522E+04             0.278E+06
  236             0.530E+04             0.344E+06
  237             0.530E+04             0.321E+06
  238             0.538E+04             0.392E+06
  239             0.538E+04             0.368E+06
  240             0.546E+04             0.445E+06
  241             0.546E+04             0.418E+06
  242             0.554E+04             0.501E+06
  243             0.554E+04             0.473E+06
  244             0.562E+04             0.562E+06
  245             0.562E+04             0.532E+06
  246             0.570E+04             0.627E+06
  247             0.570E+04             0.596E+06
  248             0.579E+04             0.698E+06
  249             0.579E+04             0.665E+06
  250             0.587E+04             0.773E+06
  251             0.587E+04             0.738E+06
  252             0.595E+04             0.853E+06
  253             0.595E+04             0.816E+06
  254             0.604E+04             0.938E+06
  255             0.604E+04             0.900E+06
  256             0.612E+04             0.103E+07
  257             0.612E+04             0.989E+06
  258             0.621E+04             0.113E+07
  259             0.621E+04             0.108E+07
  260             0.630E+04             0.123E+07
  261             0.630E+04             0.118E+07
  262             0.639E+04             0.134E+07
  263             0.639E+04             0.129E+07
  264             0.647E+04             0.145E+07
  265             0.647E+04             0.140E+07
  266             0.656E+04             0.157E+07
  267             0.656E+04             0.152E+07
  268             0.665E+04             0.170E+07
  269             0.665E+04             0.165E+07
  270             0.674E+04             0.183E+07
  271             0.674E+04             0.178E+07
  272             0.684E+04             0.198E+07
  273             0.684E+04             0.192E+07
  274             0.693E+04             0.212E+07
  275             0.693E+04             0.207E+07
  276             0.702E+04             0.228E+07
  277             0.702E+04             0.222E+07
  278             0.711E+04             0.244E+07
  279             0.711E+04             0.238E+07
  280             0.721E+04             0.262E+07
  281             0.721E+04             0.255E+07
  282             0.730E+04             0.280E+07
  283             0.730E+04             0.273E+07
  284             0.740E+04             0.298E+07
  285             0.740E+04             0.291E+07
  286             0.749E+04             0.318E+07
  287             0.749E+04             0.311E+07
  288             0.759E+04             0.339E+07
  289             0.759E+04             0.331E+07
  290             0.769E+04             0.360E+07
  291             0.769E+04             0.352E+07
  292             0.779E+04             0.382E+07
  293             0.779E+04             0.375E+07
  294             0.788E+04             0.406E+07
  295             0.788E+04             0.398E+07
  296             0.798E+04             0.430E+07
  297             0.798E+04             0.422E+07
  298             0.808E+04             0.455E+07
  299             0.808E+04             0.447E+07
  300             0.818E+04             0.481E+07
  301             0.818E+04             0.473E+07
  302             0.829E+04             0.509E+07
  303             0.829E+04             0.500E+07
  304             0.839E+04             0.537E+07
  305             0.839E+04             0.528E+07
  306             0.849E+04             0.567E+07
  307             0.849E+04             0.557E+07
  308             0.859E+04             0.597E+07
  309             0.859E+04             0.587E+07
  310             0.870E+04             0.629E+07
  311             0.870E+04             0.619E+07
  312             0.880E+04             0.662E+07
  313             0.880E+04             0.652E+07
  314             0.891E+04             0.696E+07
  315             0.891E+04             0.685E+07
  316             0.901E+04             0.731E+07
  317             0.901E+04             0.721E+07
  318             0.912E+04             0.768E+07
  319             0.912E+04             0.757E+07
  320             0.923E+04             0.806E+07
  321             0.923E+04             0.794E+07
  322             0.934E+04             0.845E+07
  323             0.934E+04             0.833E+07
  324             0.945E+04             0.885E+07
  325             0.945E+04             0.874E+07
  326             0.956E+04             0.927E+07
  327             0.956E+04             0.915E+07
  328             0.967E+04             0.972E+07
  329             0.967E+04             0.960E+07
  330             0.979E+04             0.102E+08
  331             0.979E+04             0.101E+08
  332             0.992E+04             0.108E+08
  333             0.992E+04             0.107E+08
  334             0.101E+05             0.115E+08
  335             0.101E+05             0.114E+08
  336             0.102E+05             0.124E+08
  337             0.102E+05             0.122E+08
  338             0.104E+05             0.135E+08
  339             0.104E+05             0.134E+08
  340             0.107E+05             0.152E+08
  341             0.107E+05             0.150E+08
