    1             0.100E+02             0.343E-06
    2             0.300E+02             0.858E-05
    3             0.500E+02             0.580E-04
    4             0.700E+02             0.214E-03
    5             0.900E+02             0.577E-03
    6             0.110E+03             0.128E-02
    7             0.130E+03             0.248E-02
    8             0.150E+03             0.438E-02
    9             0.170E+03             0.722E-02
   10             0.190E+03             0.112E-01
   11             0.210E+03             0.168E-01
   12             0.230E+03             0.241E-01
   13             0.250E+03             0.336E-01
   14             0.270E+03             0.458E-01
   15             0.290E+03             0.609E-01
   16             0.310E+03             0.795E-01
   17             0.330E+03             0.102E+00
   18             0.350E+03             0.129E+00
   19             0.370E+03             0.161E+00
   20             0.390E+03             0.199E+00
   21             0.410E+03             0.243E+00
   22             0.429E+03             0.294E+00
   23             0.449E+03             0.353E+00
   24             0.469E+03             0.420E+00
   25             0.489E+03             0.496E+00
   26             0.509E+03             0.582E+00
   27             0.529E+03             0.679E+00
   28             0.549E+03             0.788E+00
   29             0.569E+03             0.909E+00
   30             0.589E+03             0.104E+01
   31             0.609E+03             0.119E+01
   32             0.629E+03             0.136E+01
   33             0.649E+03             0.154E+01
   34             0.669E+03             0.174E+01
   35             0.689E+03             0.195E+01
   36             0.709E+03             0.219E+01
   37             0.728E+03             0.245E+01
   38             0.748E+03             0.273E+01
   39             0.768E+03             0.303E+01
   40             0.788E+03             0.336E+01
   41             0.808E+03             0.371E+01
   42             0.828E+03             0.409E+01
   43             0.848E+03             0.450E+01
   44             0.868E+03             0.494E+01
   45             0.888E+03             0.541E+01
   46             0.908E+03             0.591E+01
   47             0.927E+03             0.645E+01
   48             0.947E+03             0.702E+01
   49             0.967E+03             0.764E+01
   50             0.987E+03             0.829E+01
   51             0.101E+04             0.898E+01
   52             0.103E+04             0.971E+01
   53             0.105E+04             0.105E+02
   54             0.107E+04             0.113E+02
   55             0.109E+04             0.122E+02
   56             0.111E+04             0.131E+02
   57             0.113E+04             0.141E+02
   58             0.115E+04             0.151E+02
   59             0.117E+04             0.162E+02
   60             0.119E+04             0.173E+02
   61             0.121E+04             0.185E+02
   62             0.123E+04             0.198E+02
   63             0.125E+04             0.211E+02
   64             0.127E+04             0.225E+02
   65             0.129E+04             0.239E+02
   66             0.130E+04             0.254E+02
   67             0.132E+04             0.270E+02
   68             0.134E+04             0.287E+02
   69             0.136E+04             0.305E+02
   70             0.138E+04             0.323E+02
   71             0.140E+04             0.342E+02
   72             0.142E+04             0.362E+02
   73             0.144E+04             0.382E+02
   74             0.146E+04             0.404E+02
   75             0.148E+04             0.426E+02
   76             0.150E+04             0.450E+02
   77             0.152E+04             0.474E+02
   78             0.154E+04             0.499E+02
   79             0.156E+04             0.526E+02
   80             0.158E+04             0.553E+02
   81             0.160E+04             0.582E+02
   82             0.162E+04             0.611E+02
   83             0.164E+04             0.642E+02
   84             0.166E+04             0.674E+02
   85             0.168E+04             0.706E+02
   86             0.170E+04             0.741E+02
   87             0.172E+04             0.776E+02
   88             0.174E+04             0.813E+02
   89             0.176E+04             0.850E+02
   90             0.178E+04             0.890E+02
   91             0.180E+04             0.930E+02
   92             0.182E+04             0.972E+02
   93             0.184E+04             0.102E+03
   94             0.186E+04             0.106E+03
   95             0.188E+04             0.111E+03
   96             0.190E+04             0.115E+03
   97             0.192E+04             0.120E+03
   98             0.194E+04             0.125E+03
   99             0.196E+04             0.131E+03
  100             0.198E+04             0.136E+03
  101             0.200E+04             0.142E+03
  102             0.202E+04             0.147E+03
  103             0.204E+04             0.153E+03
  104             0.206E+04             0.159E+03
  105             0.208E+04             0.166E+03
  106             0.210E+04             0.172E+03
  107             0.212E+04             0.179E+03
  108             0.214E+04             0.186E+03
  109             0.216E+04             0.193E+03
  110             0.218E+04             0.200E+03
  111             0.220E+04             0.207E+03
  112             0.222E+04             0.215E+03
  113             0.224E+04             0.223E+03
  114             0.225E+04             0.231E+03
  115             0.227E+04             0.239E+03
  116             0.229E+04             0.248E+03
  117             0.231E+04             0.256E+03
  118             0.233E+04             0.265E+03
  119             0.235E+04             0.274E+03
  120             0.237E+04             0.284E+03
  121             0.239E+04             0.293E+03
  122             0.241E+04             0.303E+03
  123             0.243E+04             0.313E+03
  124             0.245E+04             0.324E+03
  125             0.247E+04             0.335E+03
  126             0.249E+04             0.345E+03
  127             0.251E+04             0.357E+03
  128             0.253E+04             0.368E+03
  129             0.255E+04             0.380E+03
  130             0.257E+04             0.392E+03
  131             0.259E+04             0.404E+03
  132             0.261E+04             0.417E+03
  133             0.263E+04             0.430E+03
  134             0.265E+04             0.443E+03
  135             0.267E+04             0.456E+03
  136             0.269E+04             0.470E+03
  137             0.271E+04             0.484E+03
  138             0.273E+04             0.498E+03
  139             0.275E+04             0.513E+03
  140             0.277E+04             0.528E+03
  141             0.279E+04             0.544E+03
  142             0.281E+04             0.559E+03
  143             0.283E+04             0.575E+03
  144             0.285E+04             0.592E+03
  145             0.287E+04             0.608E+03
  146             0.288E+04             0.626E+03
  147             0.290E+04             0.643E+03
  148             0.292E+04             0.661E+03
  149             0.294E+04             0.679E+03
  150             0.296E+04             0.698E+03
  151             0.298E+04             0.717E+03
  152             0.300E+04             0.736E+03
  153             0.302E+04             0.756E+03
  154             0.304E+04             0.776E+03
  155             0.306E+04             0.796E+03
  156             0.308E+04             0.817E+03
  157             0.310E+04             0.838E+03
  158             0.312E+04             0.860E+03
  159             0.314E+04             0.882E+03
  160             0.316E+04             0.905E+03
  161             0.318E+04             0.928E+03
  162             0.320E+04             0.951E+03
  163             0.322E+04             0.975E+03
  164             0.324E+04             0.100E+04
  165             0.326E+04             0.102E+04
  166             0.328E+04             0.105E+04
  167             0.330E+04             0.108E+04
  168             0.332E+04             0.110E+04
  169             0.334E+04             0.113E+04
  170             0.336E+04             0.116E+04
  171             0.338E+04             0.118E+04
  172             0.340E+04             0.121E+04
  173             0.341E+04             0.124E+04
  174             0.343E+04             0.127E+04
  175             0.345E+04             0.130E+04
  176             0.347E+04             0.133E+04
  177             0.349E+04             0.136E+04
  178             0.351E+04             0.139E+04
  179             0.353E+04             0.142E+04
  180             0.355E+04             0.146E+04
  181             0.357E+04             0.149E+04
  182             0.359E+04             0.152E+04
  183             0.361E+04             0.156E+04
  184             0.363E+04             0.159E+04
  185             0.365E+04             0.163E+04
  186             0.367E+04             0.166E+04
  187             0.369E+04             0.170E+04
  188             0.371E+04             0.173E+04
  189             0.373E+04             0.177E+04
  190             0.375E+04             0.181E+04
  191             0.377E+04             0.185E+04
  192             0.379E+04             0.189E+04
  193             0.381E+04             0.193E+04
  194             0.383E+04             0.197E+04
  195             0.385E+04             0.201E+04
  196             0.386E+04             0.205E+04
  197             0.388E+04             0.209E+04
  198             0.390E+04             0.214E+04
  199             0.392E+04             0.218E+04
  200             0.394E+04             0.223E+04
  201             0.396E+04             0.227E+04
  202             0.398E+04             0.232E+04
  203             0.400E+04             0.236E+04
  204             0.402E+04             0.241E+04
  205             0.404E+04             0.246E+04
  206             0.406E+04             0.251E+04
  207             0.408E+04             0.256E+04
  208             0.410E+04             0.261E+04
  209             0.412E+04             0.266E+04
  210             0.414E+04             0.271E+04
  211             0.416E+04             0.276E+04
  212             0.418E+04             0.282E+04
  213             0.420E+04             0.287E+04
  214             0.422E+04             0.292E+04
  215             0.424E+04             0.298E+04
  216             0.425E+04             0.304E+04
  217             0.427E+04             0.309E+04
  218             0.429E+04             0.315E+04
  219             0.431E+04             0.321E+04
  220             0.433E+04             0.327E+04
  221             0.435E+04             0.333E+04
  222             0.437E+04             0.339E+04
  223             0.439E+04             0.345E+04
  224             0.441E+04             0.352E+04
  225             0.443E+04             0.358E+04
  226             0.445E+04             0.364E+04
  227             0.447E+04             0.371E+04
  228             0.449E+04             0.378E+04
  229             0.451E+04             0.384E+04
  230             0.453E+04             0.391E+04
  231             0.455E+04             0.398E+04
  232             0.457E+04             0.405E+04
  233             0.459E+04             0.412E+04
  234             0.461E+04             0.419E+04
  235             0.462E+04             0.427E+04
  236             0.464E+04             0.434E+04
  237             0.466E+04             0.441E+04
  238             0.468E+04             0.449E+04
  239             0.470E+04             0.456E+04
  240             0.472E+04             0.464E+04
  241             0.474E+04             0.471E+04
  242             0.476E+04             0.478E+04
  243             0.478E+04             0.485E+04
  244             0.480E+04             0.492E+04
  245             0.482E+04             0.498E+04
  246             0.484E+04             0.504E+04
  247             0.486E+04             0.508E+04
  248             0.488E+04             0.511E+04
  249             0.490E+04             0.513E+04
  250             0.492E+04             0.514E+04
  251             0.494E+04             0.512E+04
  252             0.496E+04             0.509E+04
  253             0.498E+04             0.503E+04
  254             0.500E+04             0.496E+04
  255             0.502E+04             0.486E+04
  256             0.504E+04             0.474E+04
  257             0.506E+04             0.460E+04
  258             0.508E+04             0.444E+04
  259             0.510E+04             0.427E+04
  260             0.513E+04             0.408E+04
  261             0.515E+04             0.387E+04
  262             0.517E+04             0.365E+04
  263             0.519E+04             0.341E+04
  264             0.521E+04             0.317E+04
  265             0.524E+04             0.293E+04
  266             0.526E+04             0.267E+04
  267             0.528E+04             0.242E+04
  268             0.530E+04             0.216E+04
  269             0.533E+04             0.191E+04
  270             0.535E+04             0.166E+04
  271             0.537E+04             0.142E+04
  272             0.540E+04             0.119E+04
  273             0.542E+04             0.972E+03
  274             0.544E+04             0.769E+03
  275             0.547E+04             0.584E+03
  276             0.549E+04             0.419E+03
  277             0.551E+04             0.278E+03
  278             0.554E+04             0.162E+03
  279             0.556E+04             0.758E+02
  280             0.559E+04             0.207E+02
  281             0.561E+04             0.747E-01
  282             0.563E+04             0.169E+02
  283             0.566E+04             0.741E+02
  284             0.568E+04             0.175E+03
  285             0.571E+04             0.322E+03
  286             0.573E+04             0.518E+03
  287             0.576E+04             0.767E+03
  288             0.578E+04             0.107E+04
  289             0.581E+04             0.143E+04
  290             0.583E+04             0.186E+04
  291             0.586E+04             0.235E+04
  292             0.588E+04             0.291E+04
  293             0.591E+04             0.354E+04
  294             0.594E+04             0.425E+04
  295             0.596E+04             0.503E+04
  296             0.599E+04             0.590E+04
  297             0.601E+04             0.685E+04
  298             0.604E+04             0.789E+04
  299             0.606E+04             0.902E+04
  300             0.609E+04             0.102E+05
  301             0.612E+04             0.116E+05
  302             0.614E+04             0.130E+05
  303             0.617E+04             0.145E+05
  304             0.620E+04             0.162E+05
  305             0.622E+04             0.179E+05
  306             0.625E+04             0.198E+05
  307             0.628E+04             0.218E+05
  308             0.630E+04             0.239E+05
  309             0.633E+04             0.262E+05
  310             0.636E+04             0.286E+05
  311             0.639E+04             0.311E+05
  312             0.641E+04             0.338E+05
  313             0.644E+04             0.366E+05
  314             0.647E+04             0.395E+05
  315             0.650E+04             0.426E+05
  316             0.652E+04             0.459E+05
  317             0.655E+04             0.493E+05
  318             0.658E+04             0.529E+05
  319             0.661E+04             0.566E+05
  320             0.664E+04             0.606E+05
  321             0.666E+04             0.647E+05
  322             0.669E+04             0.690E+05
  323             0.672E+04             0.734E+05
  324             0.675E+04             0.781E+05
  325             0.678E+04             0.829E+05
  326             0.681E+04             0.880E+05
  327             0.684E+04             0.932E+05
  328             0.686E+04             0.987E+05
  329             0.689E+04             0.104E+06
  330             0.692E+04             0.110E+06
  331             0.695E+04             0.116E+06
  332             0.698E+04             0.123E+06
  333             0.701E+04             0.129E+06
  334             0.704E+04             0.136E+06
  335             0.707E+04             0.143E+06
  336             0.710E+04             0.150E+06
  337             0.713E+04             0.158E+06
  338             0.716E+04             0.165E+06
  339             0.719E+04             0.174E+06
  340             0.722E+04             0.182E+06
  341             0.725E+04             0.190E+06
  342             0.728E+04             0.199E+06
  343             0.731E+04             0.208E+06
  344             0.734E+04             0.218E+06
  345             0.737E+04             0.227E+06
  346             0.740E+04             0.237E+06
  347             0.743E+04             0.247E+06
  348             0.746E+04             0.258E+06
  349             0.749E+04             0.269E+06
  350             0.752E+04             0.280E+06
  351             0.755E+04             0.291E+06
  352             0.758E+04             0.303E+06
  353             0.761E+04             0.315E+06
  354             0.764E+04             0.327E+06
  355             0.767E+04             0.340E+06
  356             0.770E+04             0.353E+06
  357             0.774E+04             0.366E+06
  358             0.777E+04             0.380E+06
  359             0.780E+04             0.394E+06
  360             0.783E+04             0.409E+06
  361             0.786E+04             0.423E+06
  362             0.789E+04             0.439E+06
  363             0.792E+04             0.454E+06
  364             0.796E+04             0.470E+06
  365             0.799E+04             0.486E+06
  366             0.802E+04             0.503E+06
  367             0.805E+04             0.520E+06
  368             0.808E+04             0.538E+06
  369             0.812E+04             0.555E+06
  370             0.815E+04             0.574E+06
  371             0.818E+04             0.592E+06
  372             0.821E+04             0.611E+06
  373             0.824E+04             0.631E+06
  374             0.828E+04             0.651E+06
  375             0.831E+04             0.671E+06
  376             0.834E+04             0.692E+06
  377             0.837E+04             0.713E+06
  378             0.841E+04             0.735E+06
  379             0.844E+04             0.757E+06
  380             0.847E+04             0.779E+06
  381             0.851E+04             0.803E+06
  382             0.854E+04             0.826E+06
  383             0.857E+04             0.850E+06
  384             0.861E+04             0.874E+06
  385             0.864E+04             0.899E+06
  386             0.867E+04             0.925E+06
  387             0.871E+04             0.951E+06
  388             0.874E+04             0.977E+06
  389             0.877E+04             0.100E+07
  390             0.881E+04             0.103E+07
  391             0.884E+04             0.106E+07
  392             0.887E+04             0.109E+07
  393             0.891E+04             0.112E+07
  394             0.894E+04             0.115E+07
  395             0.897E+04             0.118E+07
  396             0.901E+04             0.121E+07
  397             0.904E+04             0.124E+07
  398             0.908E+04             0.127E+07
  399             0.911E+04             0.130E+07
  400             0.915E+04             0.133E+07
  401             0.918E+04             0.137E+07
  402             0.921E+04             0.140E+07
  403             0.925E+04             0.144E+07
  404             0.928E+04             0.147E+07
  405             0.932E+04             0.151E+07
  406             0.935E+04             0.154E+07
  407             0.939E+04             0.158E+07
  408             0.942E+04             0.162E+07
  409             0.946E+04             0.166E+07
  410             0.949E+04             0.169E+07
  411             0.953E+04             0.173E+07
  412             0.956E+04             0.177E+07
  413             0.960E+04             0.181E+07
  414             0.963E+04             0.186E+07
  415             0.967E+04             0.190E+07
  416             0.970E+04             0.194E+07
  417             0.974E+04             0.198E+07
  418             0.977E+04             0.203E+07
  419             0.981E+04             0.207E+07
  420             0.984E+04             0.212E+07
  421             0.988E+04             0.216E+07
  422             0.992E+04             0.221E+07
  423             0.995E+04             0.226E+07
  424             0.999E+04             0.230E+07
  425             0.100E+05             0.235E+07
  426             0.101E+05             0.240E+07
  427             0.101E+05             0.245E+07
  428             0.101E+05             0.250E+07
  429             0.102E+05             0.255E+07
  430             0.102E+05             0.261E+07
  431             0.102E+05             0.266E+07
  432             0.103E+05             0.271E+07
  433             0.103E+05             0.277E+07
  434             0.103E+05             0.282E+07
  435             0.104E+05             0.288E+07
  436             0.104E+05             0.293E+07
  437             0.105E+05             0.299E+07
  438             0.105E+05             0.305E+07
  439             0.105E+05             0.311E+07
  440             0.106E+05             0.317E+07
  441             0.106E+05             0.323E+07
  442             0.106E+05             0.329E+07
  443             0.107E+05             0.335E+07
  444             0.107E+05             0.342E+07
  445             0.108E+05             0.348E+07
  446             0.108E+05             0.354E+07
  447             0.108E+05             0.361E+07
  448             0.109E+05             0.367E+07
  449             0.109E+05             0.374E+07
  450             0.109E+05             0.381E+07
  451             0.110E+05             0.388E+07
  452             0.110E+05             0.395E+07
  453             0.111E+05             0.402E+07
  454             0.111E+05             0.409E+07
  455             0.111E+05             0.416E+07
  456             0.112E+05             0.423E+07
  457             0.112E+05             0.431E+07
  458             0.112E+05             0.438E+07
  459             0.113E+05             0.446E+07
  460             0.113E+05             0.453E+07
  461             0.114E+05             0.461E+07
  462             0.114E+05             0.469E+07
  463             0.114E+05             0.477E+07
  464             0.115E+05             0.485E+07
  465             0.115E+05             0.493E+07
  466             0.115E+05             0.501E+07
  467             0.116E+05             0.509E+07
  468             0.116E+05             0.518E+07
  469             0.117E+05             0.526E+07
  470             0.117E+05             0.535E+07
  471             0.117E+05             0.543E+07
  472             0.118E+05             0.552E+07
  473             0.118E+05             0.561E+07
  474             0.119E+05             0.570E+07
  475             0.119E+05             0.579E+07
  476             0.119E+05             0.588E+07
  477             0.120E+05             0.597E+07
  478             0.120E+05             0.606E+07
  479             0.121E+05             0.616E+07
  480             0.121E+05             0.625E+07
  481             0.121E+05             0.635E+07
  482             0.122E+05             0.645E+07
  483             0.122E+05             0.654E+07
  484             0.122E+05             0.664E+07
  485             0.123E+05             0.674E+07
  486             0.123E+05             0.684E+07
  487             0.124E+05             0.695E+07
  488             0.124E+05             0.705E+07
  489             0.124E+05             0.715E+07
  490             0.125E+05             0.726E+07
  491             0.125E+05             0.737E+07
  492             0.126E+05             0.747E+07
  493             0.126E+05             0.758E+07
  494             0.126E+05             0.769E+07
  495             0.127E+05             0.780E+07
  496             0.127E+05             0.791E+07
  497             0.128E+05             0.803E+07
  498             0.128E+05             0.814E+07
  499             0.128E+05             0.825E+07
  500             0.129E+05             0.837E+07
  501             0.129E+05             0.849E+07
  502             0.130E+05             0.860E+07
  503             0.130E+05             0.872E+07
  504             0.130E+05             0.884E+07
  505             0.131E+05             0.896E+07
  506             0.131E+05             0.909E+07
  507             0.132E+05             0.921E+07
  508             0.132E+05             0.934E+07
  509             0.132E+05             0.946E+07
  510             0.133E+05             0.959E+07
  511             0.133E+05             0.972E+07
  512             0.134E+05             0.985E+07
  513             0.134E+05             0.998E+07
  514             0.134E+05             0.101E+08
  515             0.135E+05             0.102E+08
  516             0.135E+05             0.104E+08
  517             0.136E+05             0.105E+08
  518             0.136E+05             0.106E+08
  519             0.137E+05             0.108E+08
  520             0.137E+05             0.109E+08
  521             0.137E+05             0.111E+08
  522             0.138E+05             0.112E+08
  523             0.138E+05             0.113E+08
  524             0.139E+05             0.115E+08
  525             0.139E+05             0.116E+08
  526             0.139E+05             0.118E+08
  527             0.140E+05             0.119E+08
  528             0.140E+05             0.121E+08
  529             0.141E+05             0.122E+08
  530             0.141E+05             0.124E+08
  531             0.141E+05             0.125E+08
  532             0.142E+05             0.127E+08
  533             0.142E+05             0.128E+08
  534             0.143E+05             0.130E+08
  535             0.143E+05             0.131E+08
  536             0.144E+05             0.133E+08
  537             0.144E+05             0.135E+08
  538             0.144E+05             0.136E+08
  539             0.145E+05             0.138E+08
  540             0.145E+05             0.139E+08
  541             0.146E+05             0.141E+08
  542             0.146E+05             0.143E+08
  543             0.146E+05             0.144E+08
  544             0.147E+05             0.146E+08
  545             0.147E+05             0.148E+08
  546             0.148E+05             0.149E+08
  547             0.148E+05             0.151E+08
  548             0.149E+05             0.153E+08
  549             0.149E+05             0.155E+08
  550             0.149E+05             0.156E+08
  551             0.150E+05             0.158E+08
  552             0.150E+05             0.160E+08
  553             0.151E+05             0.162E+08
  554             0.151E+05             0.164E+08
  555             0.152E+05             0.165E+08
  556             0.152E+05             0.167E+08
  557             0.152E+05             0.169E+08
  558             0.153E+05             0.171E+08
  559             0.153E+05             0.173E+08
  560             0.154E+05             0.175E+08
  561             0.154E+05             0.177E+08
  562             0.155E+05             0.178E+08
  563             0.155E+05             0.180E+08
  564             0.155E+05             0.182E+08
  565             0.156E+05             0.184E+08
  566             0.156E+05             0.186E+08
  567             0.157E+05             0.188E+08
  568             0.157E+05             0.190E+08
  569             0.158E+05             0.192E+08
  570             0.158E+05             0.194E+08
  571             0.158E+05             0.196E+08
  572             0.159E+05             0.198E+08
  573             0.159E+05             0.200E+08
  574             0.160E+05             0.202E+08
  575             0.160E+05             0.205E+08
  576             0.161E+05             0.207E+08
  577             0.161E+05             0.209E+08
  578             0.161E+05             0.211E+08
  579             0.162E+05             0.213E+08
  580             0.162E+05             0.215E+08
  581             0.163E+05             0.217E+08
  582             0.163E+05             0.220E+08
  583             0.164E+05             0.222E+08
  584             0.164E+05             0.224E+08
  585             0.164E+05             0.226E+08
  586             0.165E+05             0.228E+08
  587             0.165E+05             0.231E+08
  588             0.166E+05             0.233E+08
  589             0.166E+05             0.235E+08
  590             0.167E+05             0.238E+08
  591             0.167E+05             0.240E+08
  592             0.168E+05             0.242E+08
  593             0.168E+05             0.245E+08
  594             0.168E+05             0.247E+08
  595             0.169E+05             0.249E+08
  596             0.169E+05             0.252E+08
  597             0.170E+05             0.254E+08
  598             0.170E+05             0.256E+08
  599             0.171E+05             0.259E+08
  600             0.171E+05             0.261E+08
  601             0.171E+05             0.264E+08
  602             0.172E+05             0.266E+08
  603             0.172E+05             0.269E+08
  604             0.173E+05             0.271E+08
  605             0.173E+05             0.274E+08
  606             0.174E+05             0.276E+08
  607             0.174E+05             0.279E+08
  608             0.175E+05             0.281E+08
  609             0.175E+05             0.284E+08
  610             0.175E+05             0.286E+08
  611             0.176E+05             0.289E+08
  612             0.176E+05             0.292E+08
  613             0.177E+05             0.294E+08
  614             0.177E+05             0.297E+08
  615             0.178E+05             0.300E+08
  616             0.178E+05             0.302E+08
  617             0.179E+05             0.305E+08
  618             0.179E+05             0.308E+08
  619             0.179E+05             0.310E+08
  620             0.180E+05             0.313E+08
  621             0.180E+05             0.316E+08
  622             0.181E+05             0.319E+08
  623             0.181E+05             0.321E+08
  624             0.182E+05             0.324E+08
  625             0.182E+05             0.327E+08
  626             0.183E+05             0.330E+08
  627             0.183E+05             0.333E+08
  628             0.183E+05             0.335E+08
  629             0.184E+05             0.338E+08
  630             0.184E+05             0.341E+08
  631             0.185E+05             0.344E+08
  632             0.185E+05             0.347E+08
  633             0.186E+05             0.350E+08
  634             0.186E+05             0.353E+08
  635             0.187E+05             0.356E+08
  636             0.187E+05             0.359E+08
  637             0.187E+05             0.362E+08
  638             0.188E+05             0.365E+08
  639             0.188E+05             0.368E+08
  640             0.189E+05             0.371E+08
  641             0.189E+05             0.374E+08
  642             0.190E+05             0.377E+08
  643             0.190E+05             0.380E+08
  644             0.191E+05             0.383E+08
  645             0.191E+05             0.386E+08
  646             0.191E+05             0.389E+08
  647             0.192E+05             0.392E+08
  648             0.192E+05             0.395E+08
  649             0.193E+05             0.399E+08
  650             0.193E+05             0.402E+08
  651             0.194E+05             0.405E+08
  652             0.194E+05             0.408E+08
  653             0.195E+05             0.411E+08
  654             0.195E+05             0.415E+08
  655             0.196E+05             0.418E+08
  656             0.196E+05             0.421E+08
  657             0.196E+05             0.424E+08
  658             0.197E+05             0.428E+08
  659             0.197E+05             0.431E+08
  660             0.198E+05             0.434E+08
  661             0.198E+05             0.438E+08
  662             0.199E+05             0.441E+08
  663             0.199E+05             0.444E+08
  664             0.200E+05             0.448E+08
  665             0.200E+05             0.451E+08
  666             0.201E+05             0.454E+08
  667             0.201E+05             0.458E+08
  668             0.201E+05             0.461E+08
  669             0.202E+05             0.465E+08
  670             0.202E+05             0.468E+08
  671             0.203E+05             0.472E+08
  672             0.203E+05             0.475E+08
  673             0.204E+05             0.479E+08
  674             0.204E+05             0.482E+08
  675             0.205E+05             0.486E+08
  676             0.205E+05             0.489E+08
  677             0.205E+05             0.493E+08
  678             0.206E+05             0.496E+08
  679             0.206E+05             0.500E+08
  680             0.207E+05             0.504E+08
  681             0.207E+05             0.507E+08
  682             0.208E+05             0.511E+08
  683             0.208E+05             0.514E+08
  684             0.209E+05             0.518E+08
  685             0.209E+05             0.522E+08
  686             0.210E+05             0.526E+08
  687             0.210E+05             0.529E+08
  688             0.211E+05             0.533E+08
  689             0.211E+05             0.537E+08
  690             0.211E+05             0.540E+08
  691             0.212E+05             0.544E+08
  692             0.212E+05             0.548E+08
  693             0.213E+05             0.552E+08
  694             0.213E+05             0.556E+08
  695             0.214E+05             0.559E+08
  696             0.214E+05             0.563E+08
  697             0.215E+05             0.567E+08
  698             0.215E+05             0.571E+08
  699             0.216E+05             0.575E+08
  700             0.216E+05             0.579E+08
  701             0.216E+05             0.583E+08
  702             0.217E+05             0.587E+08
  703             0.217E+05             0.591E+08
  704             0.218E+05             0.594E+08
  705             0.218E+05             0.598E+08
  706             0.219E+05             0.602E+08
  707             0.219E+05             0.606E+08
  708             0.220E+05             0.610E+08
  709             0.220E+05             0.614E+08
  710             0.221E+05             0.618E+08
  711             0.221E+05             0.623E+08
  712             0.221E+05             0.627E+08
  713             0.222E+05             0.631E+08
  714             0.222E+05             0.635E+08
  715             0.223E+05             0.639E+08
  716             0.223E+05             0.643E+08
  717             0.224E+05             0.647E+08
  718             0.224E+05             0.651E+08
  719             0.225E+05             0.655E+08
  720             0.225E+05             0.660E+08
  721             0.226E+05             0.664E+08
  722             0.226E+05             0.668E+08
  723             0.226E+05             0.672E+08
  724             0.227E+05             0.676E+08
  725             0.227E+05             0.681E+08
  726             0.228E+05             0.685E+08
  727             0.228E+05             0.689E+08
  728             0.229E+05             0.694E+08
  729             0.229E+05             0.698E+08
  730             0.230E+05             0.702E+08
  731             0.230E+05             0.706E+08
  732             0.231E+05             0.711E+08
  733             0.231E+05             0.715E+08
  734             0.232E+05             0.719E+08
  735             0.232E+05             0.724E+08
  736             0.232E+05             0.728E+08
  737             0.233E+05             0.733E+08
  738             0.233E+05             0.737E+08
  739             0.234E+05             0.741E+08
  740             0.234E+05             0.746E+08
  741             0.235E+05             0.750E+08
  742             0.235E+05             0.755E+08
  743             0.236E+05             0.759E+08
  744             0.236E+05             0.764E+08
  745             0.237E+05             0.768E+08
  746             0.237E+05             0.773E+08
  747             0.237E+05             0.777E+08
  748             0.238E+05             0.782E+08
  749             0.238E+05             0.786E+08
  750             0.239E+05             0.791E+08
  751             0.239E+05             0.796E+08
  752             0.240E+05             0.800E+08
  753             0.240E+05             0.805E+08
  754             0.241E+05             0.809E+08
  755             0.241E+05             0.814E+08
  756             0.242E+05             0.819E+08
  757             0.242E+05             0.823E+08
  758             0.242E+05             0.828E+08
  759             0.243E+05             0.833E+08
  760             0.243E+05             0.837E+08
  761             0.244E+05             0.842E+08
  762             0.244E+05             0.847E+08
  763             0.245E+05             0.852E+08
  764             0.245E+05             0.856E+08
  765             0.246E+05             0.861E+08
  766             0.246E+05             0.866E+08
  767             0.247E+05             0.871E+08
  768             0.247E+05             0.875E+08
  769             0.248E+05             0.880E+08
  770             0.248E+05             0.885E+08
  771             0.248E+05             0.890E+08
  772             0.249E+05             0.895E+08
  773             0.249E+05             0.899E+08
  774             0.250E+05             0.904E+08
  775             0.250E+05             0.909E+08
  776             0.251E+05             0.914E+08
  777             0.251E+05             0.919E+08
  778             0.252E+05             0.924E+08
  779             0.252E+05             0.929E+08
  780             0.253E+05             0.934E+08
  781             0.253E+05             0.939E+08
  782             0.253E+05             0.944E+08
  783             0.254E+05             0.949E+08
  784             0.254E+05             0.953E+08
  785             0.255E+05             0.958E+08
  786             0.255E+05             0.963E+08
  787             0.256E+05             0.968E+08
  788             0.256E+05             0.973E+08
  789             0.257E+05             0.978E+08
  790             0.257E+05             0.984E+08
  791             0.258E+05             0.989E+08
  792             0.258E+05             0.994E+08
  793             0.258E+05             0.999E+08
  794             0.259E+05             0.100E+09
  795             0.259E+05             0.101E+09
  796             0.260E+05             0.101E+09
  797             0.260E+05             0.102E+09
  798             0.261E+05             0.102E+09
  799             0.261E+05             0.103E+09
  800             0.262E+05             0.103E+09
  801             0.262E+05             0.104E+09
  802             0.263E+05             0.104E+09
  803             0.263E+05             0.105E+09
  804             0.263E+05             0.105E+09
  805             0.264E+05             0.106E+09
  806             0.264E+05             0.107E+09
  807             0.265E+05             0.107E+09
  808             0.265E+05             0.108E+09
  809             0.266E+05             0.108E+09
  810             0.266E+05             0.109E+09
  811             0.267E+05             0.109E+09
  812             0.267E+05             0.110E+09
  813             0.267E+05             0.110E+09
  814             0.268E+05             0.111E+09
  815             0.268E+05             0.111E+09
  816             0.269E+05             0.112E+09
  817             0.269E+05             0.112E+09
  818             0.270E+05             0.113E+09
  819             0.270E+05             0.113E+09
  820             0.271E+05             0.114E+09
  821             0.271E+05             0.114E+09
  822             0.272E+05             0.115E+09
  823             0.272E+05             0.115E+09
  824             0.272E+05             0.116E+09
  825             0.273E+05             0.117E+09
  826             0.273E+05             0.117E+09
  827             0.274E+05             0.118E+09
  828             0.274E+05             0.118E+09
  829             0.275E+05             0.119E+09
  830             0.275E+05             0.119E+09
  831             0.276E+05             0.120E+09
  832             0.276E+05             0.120E+09
  833             0.276E+05             0.121E+09
  834             0.277E+05             0.121E+09
  835             0.277E+05             0.122E+09
  836             0.278E+05             0.123E+09
  837             0.278E+05             0.123E+09
  838             0.279E+05             0.124E+09
  839             0.279E+05             0.124E+09
  840             0.280E+05             0.125E+09
  841             0.280E+05             0.125E+09
  842             0.280E+05             0.126E+09
  843             0.281E+05             0.126E+09
  844             0.281E+05             0.127E+09
  845             0.282E+05             0.127E+09
  846             0.282E+05             0.128E+09
  847             0.283E+05             0.129E+09
  848             0.283E+05             0.129E+09
  849             0.284E+05             0.130E+09
  850             0.284E+05             0.130E+09
  851             0.284E+05             0.131E+09
  852             0.285E+05             0.131E+09
  853             0.285E+05             0.132E+09
  854             0.286E+05             0.132E+09
  855             0.286E+05             0.133E+09
  856             0.287E+05             0.134E+09
  857             0.287E+05             0.134E+09
  858             0.288E+05             0.135E+09
  859             0.288E+05             0.135E+09
  860             0.288E+05             0.136E+09
  861             0.289E+05             0.136E+09
  862             0.289E+05             0.137E+09
  863             0.290E+05             0.137E+09
  864             0.290E+05             0.138E+09
  865             0.291E+05             0.139E+09
  866             0.291E+05             0.139E+09
  867             0.291E+05             0.140E+09
  868             0.292E+05             0.140E+09
  869             0.292E+05             0.141E+09
  870             0.293E+05             0.141E+09
  871             0.293E+05             0.142E+09
  872             0.294E+05             0.142E+09
  873             0.294E+05             0.143E+09
  874             0.295E+05             0.144E+09
  875             0.295E+05             0.144E+09
  876             0.295E+05             0.145E+09
  877             0.296E+05             0.145E+09
  878             0.296E+05             0.146E+09
  879             0.297E+05             0.146E+09
  880             0.297E+05             0.147E+09
  881             0.298E+05             0.148E+09
  882             0.298E+05             0.148E+09
  883             0.298E+05             0.149E+09
  884             0.299E+05             0.149E+09
  885             0.299E+05             0.150E+09
  886             0.300E+05             0.150E+09
  887             0.300E+05             0.151E+09
  888             0.301E+05             0.152E+09
  889             0.301E+05             0.152E+09
  890             0.301E+05             0.153E+09
  891             0.302E+05             0.153E+09
  892             0.302E+05             0.154E+09
  893             0.303E+05             0.154E+09
  894             0.303E+05             0.155E+09
  895             0.304E+05             0.156E+09
  896             0.304E+05             0.156E+09
  897             0.304E+05             0.157E+09
  898             0.305E+05             0.157E+09
  899             0.305E+05             0.158E+09
  900             0.306E+05             0.158E+09
  901             0.306E+05             0.159E+09
  902             0.307E+05             0.160E+09
  903             0.307E+05             0.160E+09
  904             0.307E+05             0.161E+09
  905             0.308E+05             0.161E+09
  906             0.308E+05             0.162E+09
  907             0.309E+05             0.162E+09
  908             0.309E+05             0.163E+09
  909             0.310E+05             0.164E+09
  910             0.310E+05             0.164E+09
  911             0.310E+05             0.165E+09
  912             0.311E+05             0.165E+09
  913             0.311E+05             0.166E+09
  914             0.312E+05             0.166E+09
  915             0.312E+05             0.167E+09
  916             0.313E+05             0.168E+09
  917             0.313E+05             0.168E+09
  918             0.313E+05             0.169E+09
  919             0.314E+05             0.169E+09
  920             0.314E+05             0.170E+09
  921             0.315E+05             0.170E+09
  922             0.315E+05             0.171E+09
  923             0.315E+05             0.172E+09
  924             0.316E+05             0.172E+09
  925             0.316E+05             0.173E+09
  926             0.317E+05             0.173E+09
  927             0.317E+05             0.174E+09
  928             0.318E+05             0.174E+09
  929             0.318E+05             0.175E+09
  930             0.318E+05             0.176E+09
  931             0.319E+05             0.176E+09
  932             0.319E+05             0.177E+09
  933             0.320E+05             0.177E+09
  934             0.320E+05             0.178E+09
  935             0.320E+05             0.178E+09
  936             0.321E+05             0.179E+09
  937             0.321E+05             0.180E+09
  938             0.322E+05             0.180E+09
  939             0.322E+05             0.181E+09
  940             0.323E+05             0.181E+09
  941             0.323E+05             0.182E+09
  942             0.323E+05             0.182E+09
  943             0.324E+05             0.183E+09
  944             0.324E+05             0.184E+09
  945             0.325E+05             0.184E+09
  946             0.325E+05             0.185E+09
  947             0.325E+05             0.185E+09
  948             0.326E+05             0.186E+09
  949             0.326E+05             0.186E+09
  950             0.327E+05             0.187E+09
  951             0.327E+05             0.188E+09
  952             0.327E+05             0.188E+09
  953             0.328E+05             0.189E+09
  954             0.328E+05             0.189E+09
  955             0.329E+05             0.190E+09
  956             0.329E+05             0.190E+09
  957             0.329E+05             0.191E+09
  958             0.330E+05             0.191E+09
  959             0.330E+05             0.192E+09
  960             0.331E+05             0.193E+09
  961             0.331E+05             0.193E+09
  962             0.331E+05             0.194E+09
  963             0.332E+05             0.194E+09
  964             0.332E+05             0.195E+09
  965             0.333E+05             0.195E+09
  966             0.333E+05             0.196E+09
  967             0.333E+05             0.197E+09
  968             0.334E+05             0.197E+09
  969             0.334E+05             0.198E+09
  970             0.335E+05             0.198E+09
  971             0.335E+05             0.199E+09
  972             0.335E+05             0.199E+09
  973             0.336E+05             0.200E+09
  974             0.336E+05             0.200E+09
  975             0.337E+05             0.201E+09
  976             0.337E+05             0.202E+09
  977             0.337E+05             0.202E+09
  978             0.338E+05             0.203E+09
  979             0.338E+05             0.203E+09
  980             0.339E+05             0.204E+09
  981             0.339E+05             0.204E+09
  982             0.339E+05             0.205E+09
  983             0.340E+05             0.205E+09
  984             0.340E+05             0.206E+09
  985             0.341E+05             0.206E+09
  986             0.341E+05             0.207E+09
  987             0.341E+05             0.208E+09
  988             0.342E+05             0.208E+09
  989             0.342E+05             0.209E+09
  990             0.343E+05             0.209E+09
  991             0.343E+05             0.210E+09
  992             0.343E+05             0.210E+09
  993             0.344E+05             0.211E+09
  994             0.344E+05             0.211E+09
  995             0.344E+05             0.212E+09
  996             0.345E+05             0.212E+09
  997             0.345E+05             0.213E+09
  998             0.346E+05             0.214E+09
  999             0.346E+05             0.214E+09
 1000             0.346E+05             0.215E+09
 1001             0.347E+05             0.215E+09
 1002             0.347E+05             0.216E+09
 1003             0.348E+05             0.216E+09
 1004             0.348E+05             0.217E+09
 1005             0.348E+05             0.217E+09
 1006             0.349E+05             0.218E+09
 1007             0.349E+05             0.218E+09
 1008             0.349E+05             0.219E+09
 1009             0.350E+05             0.219E+09
 1010             0.350E+05             0.220E+09
 1011             0.351E+05             0.220E+09
 1012             0.351E+05             0.221E+09
 1013             0.351E+05             0.221E+09
 1014             0.352E+05             0.222E+09
 1015             0.352E+05             0.222E+09
 1016             0.352E+05             0.223E+09
 1017             0.353E+05             0.223E+09
 1018             0.353E+05             0.224E+09
 1019             0.354E+05             0.225E+09
 1020             0.354E+05             0.225E+09
 1021             0.354E+05             0.226E+09
 1022             0.355E+05             0.226E+09
 1023             0.355E+05             0.227E+09
 1024             0.355E+05             0.227E+09
 1025             0.356E+05             0.228E+09
 1026             0.356E+05             0.228E+09
 1027             0.356E+05             0.229E+09
 1028             0.357E+05             0.229E+09
 1029             0.357E+05             0.230E+09
 1030             0.358E+05             0.230E+09
 1031             0.358E+05             0.231E+09
 1032             0.358E+05             0.231E+09
 1033             0.359E+05             0.232E+09
 1034             0.359E+05             0.232E+09
 1035             0.359E+05             0.233E+09
 1036             0.360E+05             0.233E+09
 1037             0.360E+05             0.234E+09
 1038             0.360E+05             0.234E+09
 1039             0.361E+05             0.235E+09
 1040             0.361E+05             0.235E+09
 1041             0.362E+05             0.235E+09
 1042             0.362E+05             0.236E+09
 1043             0.362E+05             0.236E+09
 1044             0.363E+05             0.237E+09
 1045             0.363E+05             0.237E+09
 1046             0.363E+05             0.238E+09
 1047             0.364E+05             0.238E+09
 1048             0.364E+05             0.239E+09
 1049             0.364E+05             0.239E+09
 1050             0.365E+05             0.240E+09
 1051             0.365E+05             0.240E+09
 1052             0.365E+05             0.241E+09
 1053             0.366E+05             0.241E+09
 1054             0.366E+05             0.242E+09
 1055             0.366E+05             0.242E+09
 1056             0.367E+05             0.243E+09
 1057             0.367E+05             0.243E+09
 1058             0.368E+05             0.243E+09
 1059             0.368E+05             0.244E+09
 1060             0.368E+05             0.244E+09
 1061             0.369E+05             0.245E+09
 1062             0.369E+05             0.245E+09
 1063             0.369E+05             0.246E+09
 1064             0.370E+05             0.246E+09
 1065             0.370E+05             0.247E+09
 1066             0.370E+05             0.247E+09
 1067             0.371E+05             0.248E+09
 1068             0.371E+05             0.248E+09
 1069             0.371E+05             0.248E+09
 1070             0.372E+05             0.249E+09
 1071             0.372E+05             0.249E+09
 1072             0.372E+05             0.250E+09
 1073             0.373E+05             0.250E+09
 1074             0.373E+05             0.251E+09
 1075             0.373E+05             0.251E+09
 1076             0.374E+05             0.251E+09
 1077             0.374E+05             0.252E+09
 1078             0.374E+05             0.252E+09
 1079             0.375E+05             0.253E+09
 1080             0.375E+05             0.253E+09
 1081             0.375E+05             0.254E+09
 1082             0.376E+05             0.254E+09
 1083             0.376E+05             0.254E+09
 1084             0.376E+05             0.255E+09
 1085             0.377E+05             0.255E+09
 1086             0.377E+05             0.256E+09
 1087             0.377E+05             0.256E+09
 1088             0.378E+05             0.256E+09
 1089             0.378E+05             0.257E+09
 1090             0.378E+05             0.257E+09
 1091             0.379E+05             0.258E+09
 1092             0.379E+05             0.258E+09
 1093             0.379E+05             0.258E+09
 1094             0.380E+05             0.259E+09
 1095             0.380E+05             0.259E+09
 1096             0.380E+05             0.260E+09
 1097             0.381E+05             0.260E+09
 1098             0.381E+05             0.260E+09
 1099             0.381E+05             0.261E+09
 1100             0.381E+05             0.261E+09
 1101             0.382E+05             0.262E+09
 1102             0.382E+05             0.262E+09
 1103             0.382E+05             0.262E+09
 1104             0.383E+05             0.263E+09
 1105             0.383E+05             0.263E+09
 1106             0.383E+05             0.263E+09
 1107             0.384E+05             0.264E+09
 1108             0.384E+05             0.264E+09
 1109             0.384E+05             0.264E+09
 1110             0.385E+05             0.265E+09
 1111             0.385E+05             0.265E+09
 1112             0.385E+05             0.266E+09
 1113             0.386E+05             0.266E+09
 1114             0.386E+05             0.266E+09
 1115             0.386E+05             0.267E+09
 1116             0.386E+05             0.267E+09
 1117             0.387E+05             0.267E+09
 1118             0.387E+05             0.268E+09
 1119             0.387E+05             0.268E+09
 1120             0.388E+05             0.268E+09
 1121             0.388E+05             0.269E+09
 1122             0.388E+05             0.269E+09
 1123             0.389E+05             0.269E+09
 1124             0.389E+05             0.270E+09
 1125             0.389E+05             0.270E+09
 1126             0.389E+05             0.270E+09
 1127             0.390E+05             0.271E+09
 1128             0.390E+05             0.271E+09
 1129             0.390E+05             0.271E+09
 1130             0.391E+05             0.272E+09
 1131             0.391E+05             0.272E+09
 1132             0.391E+05             0.272E+09
 1133             0.392E+05             0.272E+09
 1134             0.392E+05             0.273E+09
 1135             0.392E+05             0.273E+09
 1136             0.392E+05             0.273E+09
 1137             0.393E+05             0.274E+09
 1138             0.393E+05             0.274E+09
 1139             0.393E+05             0.274E+09
 1140             0.394E+05             0.275E+09
 1141             0.394E+05             0.275E+09
 1142             0.394E+05             0.275E+09
 1143             0.394E+05             0.275E+09
 1144             0.395E+05             0.276E+09
 1145             0.395E+05             0.276E+09
 1146             0.395E+05             0.276E+09
 1147             0.396E+05             0.276E+09
 1148             0.396E+05             0.277E+09
 1149             0.396E+05             0.277E+09
 1150             0.396E+05             0.277E+09
 1151             0.397E+05             0.278E+09
 1152             0.397E+05             0.278E+09
 1153             0.397E+05             0.278E+09
 1154             0.398E+05             0.278E+09
 1155             0.398E+05             0.279E+09
 1156             0.398E+05             0.279E+09
 1157             0.398E+05             0.279E+09
 1158             0.399E+05             0.279E+09
 1159             0.399E+05             0.280E+09
 1160             0.399E+05             0.280E+09
 1161             0.399E+05             0.280E+09
 1162             0.400E+05             0.280E+09
 1163             0.400E+05             0.280E+09
 1164             0.400E+05             0.281E+09
 1165             0.400E+05             0.281E+09
 1166             0.401E+05             0.281E+09
 1167             0.401E+05             0.281E+09
 1168             0.401E+05             0.282E+09
 1169             0.402E+05             0.282E+09
 1170             0.402E+05             0.282E+09
 1171             0.402E+05             0.282E+09
 1172             0.402E+05             0.282E+09
 1173             0.403E+05             0.283E+09
 1174             0.403E+05             0.283E+09
 1175             0.403E+05             0.283E+09
 1176             0.403E+05             0.283E+09
 1177             0.404E+05             0.283E+09
 1178             0.404E+05             0.283E+09
 1179             0.404E+05             0.284E+09
 1180             0.404E+05             0.284E+09
 1181             0.405E+05             0.284E+09
 1182             0.405E+05             0.284E+09
 1183             0.405E+05             0.284E+09
 1184             0.405E+05             0.285E+09
 1185             0.406E+05             0.285E+09
 1186             0.406E+05             0.285E+09
 1187             0.406E+05             0.285E+09
 1188             0.406E+05             0.285E+09
 1189             0.407E+05             0.285E+09
 1190             0.407E+05             0.285E+09
 1191             0.407E+05             0.286E+09
 1192             0.407E+05             0.286E+09
 1193             0.408E+05             0.286E+09
 1194             0.408E+05             0.286E+09
 1195             0.408E+05             0.286E+09
 1196             0.408E+05             0.286E+09
 1197             0.409E+05             0.286E+09
 1198             0.409E+05             0.287E+09
 1199             0.409E+05             0.287E+09
 1200             0.409E+05             0.287E+09
 1201             0.409E+05             0.287E+09
 1202             0.410E+05             0.287E+09
 1203             0.410E+05             0.287E+09
 1204             0.410E+05             0.287E+09
 1205             0.410E+05             0.287E+09
 1206             0.411E+05             0.287E+09
 1207             0.411E+05             0.287E+09
 1208             0.411E+05             0.288E+09
 1209             0.411E+05             0.288E+09
 1210             0.412E+05             0.288E+09
 1211             0.412E+05             0.288E+09
 1212             0.412E+05             0.288E+09
 1213             0.412E+05             0.288E+09
 1214             0.412E+05             0.288E+09
 1215             0.413E+05             0.288E+09
 1216             0.413E+05             0.288E+09
 1217             0.413E+05             0.288E+09
 1218             0.413E+05             0.288E+09
 1219             0.414E+05             0.288E+09
 1220             0.414E+05             0.288E+09
 1221             0.414E+05             0.288E+09
 1222             0.414E+05             0.288E+09
 1223             0.414E+05             0.289E+09
 1224             0.415E+05             0.289E+09
 1225             0.415E+05             0.289E+09
 1226             0.415E+05             0.289E+09
 1227             0.415E+05             0.289E+09
 1228             0.415E+05             0.289E+09
 1229             0.416E+05             0.289E+09
 1230             0.416E+05             0.289E+09
 1231             0.416E+05             0.289E+09
 1232             0.416E+05             0.289E+09
 1233             0.416E+05             0.289E+09
 1234             0.417E+05             0.289E+09
 1235             0.417E+05             0.289E+09
 1236             0.417E+05             0.289E+09
 1237             0.417E+05             0.289E+09
 1238             0.417E+05             0.289E+09
 1239             0.418E+05             0.289E+09
 1240             0.418E+05             0.289E+09
 1241             0.418E+05             0.289E+09
 1242             0.418E+05             0.289E+09
 1243             0.418E+05             0.289E+09
 1244             0.419E+05             0.289E+09
 1245             0.419E+05             0.288E+09
 1246             0.419E+05             0.288E+09
 1247             0.419E+05             0.288E+09
 1248             0.419E+05             0.288E+09
 1249             0.419E+05             0.288E+09
 1250             0.420E+05             0.288E+09
 1251             0.420E+05             0.288E+09
 1252             0.420E+05             0.288E+09
 1253             0.420E+05             0.288E+09
 1254             0.420E+05             0.288E+09
 1255             0.421E+05             0.288E+09
 1256             0.421E+05             0.288E+09
 1257             0.421E+05             0.288E+09
 1258             0.421E+05             0.288E+09
 1259             0.421E+05             0.287E+09
 1260             0.421E+05             0.287E+09
 1261             0.422E+05             0.287E+09
 1262             0.422E+05             0.287E+09
 1263             0.422E+05             0.287E+09
 1264             0.422E+05             0.287E+09
 1265             0.422E+05             0.287E+09
 1266             0.422E+05             0.287E+09
 1267             0.423E+05             0.286E+09
 1268             0.423E+05             0.286E+09
 1269             0.423E+05             0.286E+09
 1270             0.423E+05             0.286E+09
 1271             0.423E+05             0.286E+09
 1272             0.423E+05             0.286E+09
 1273             0.423E+05             0.286E+09
 1274             0.424E+05             0.285E+09
 1275             0.424E+05             0.285E+09
 1276             0.424E+05             0.285E+09
 1277             0.424E+05             0.285E+09
 1278             0.424E+05             0.285E+09
 1279             0.424E+05             0.284E+09
 1280             0.425E+05             0.284E+09
 1281             0.425E+05             0.284E+09
 1282             0.425E+05             0.284E+09
 1283             0.425E+05             0.284E+09
 1284             0.425E+05             0.283E+09
 1285             0.425E+05             0.283E+09
 1286             0.425E+05             0.283E+09
 1287             0.425E+05             0.283E+09
 1288             0.426E+05             0.282E+09
 1289             0.426E+05             0.282E+09
 1290             0.426E+05             0.282E+09
 1291             0.426E+05             0.282E+09
 1292             0.426E+05             0.281E+09
 1293             0.426E+05             0.281E+09
 1294             0.426E+05             0.281E+09
 1295             0.426E+05             0.280E+09
 1296             0.426E+05             0.280E+09
 1297             0.427E+05             0.280E+09
 1298             0.427E+05             0.279E+09
 1299             0.427E+05             0.279E+09
 1300             0.427E+05             0.279E+09
 1301             0.427E+05             0.278E+09
 1302             0.427E+05             0.278E+09
 1303             0.427E+05             0.277E+09
 1304             0.427E+05             0.277E+09
 1305             0.427E+05             0.277E+09
 1306             0.427E+05             0.277E+09
 1307             0.427E+05             0.276E+09
 1308             0.428E+05             0.276E+09
 1309             0.428E+05             0.275E+09
 1310             0.428E+05             0.275E+09
 1311             0.428E+05             0.275E+09
 1312             0.428E+05             0.275E+09
 1313             0.428E+05             0.274E+09
 1314             0.428E+05             0.274E+09
 1315             0.428E+05             0.274E+09
 1316             0.429E+05             0.274E+09
 1317             0.429E+05             0.273E+09
 1318             0.429E+05             0.273E+09
 1319             0.429E+05             0.273E+09
 1320             0.429E+05             0.273E+09
 1321             0.429E+05             0.272E+09
 1322             0.429E+05             0.273E+09
 1323             0.429E+05             0.272E+09
 1324             0.430E+05             0.272E+09
 1325             0.430E+05             0.272E+09
 1326             0.430E+05             0.272E+09
 1327             0.430E+05             0.271E+09
 1328             0.430E+05             0.272E+09
 1329             0.430E+05             0.271E+09
 1330             0.431E+05             0.271E+09
 1331             0.431E+05             0.271E+09
 1332             0.431E+05             0.271E+09
 1333             0.431E+05             0.270E+09
 1334             0.431E+05             0.271E+09
 1335             0.431E+05             0.270E+09
 1336             0.432E+05             0.270E+09
 1337             0.432E+05             0.270E+09
 1338             0.432E+05             0.270E+09
 1339             0.432E+05             0.270E+09
 1340             0.432E+05             0.270E+09
 1341             0.432E+05             0.269E+09
 1342             0.433E+05             0.270E+09
 1343             0.433E+05             0.269E+09
 1344             0.433E+05             0.270E+09
 1345             0.433E+05             0.269E+09
 1346             0.433E+05             0.270E+09
 1347             0.433E+05             0.269E+09
 1348             0.434E+05             0.270E+09
 1349             0.434E+05             0.269E+09
 1350             0.434E+05             0.269E+09
 1351             0.434E+05             0.269E+09
 1352             0.434E+05             0.269E+09
 1353             0.434E+05             0.269E+09
 1354             0.435E+05             0.269E+09
 1355             0.435E+05             0.269E+09
 1356             0.435E+05             0.269E+09
 1357             0.435E+05             0.269E+09
 1358             0.436E+05             0.269E+09
 1359             0.436E+05             0.269E+09
 1360             0.436E+05             0.269E+09
 1361             0.436E+05             0.269E+09
 1362             0.436E+05             0.270E+09
 1363             0.436E+05             0.269E+09
 1364             0.437E+05             0.270E+09
 1365             0.437E+05             0.269E+09
 1366             0.437E+05             0.270E+09
 1367             0.437E+05             0.269E+09
 1368             0.438E+05             0.270E+09
 1369             0.438E+05             0.269E+09
 1370             0.438E+05             0.270E+09
 1371             0.438E+05             0.269E+09
 1372             0.439E+05             0.270E+09
 1373             0.439E+05             0.270E+09
 1374             0.439E+05             0.270E+09
 1375             0.439E+05             0.270E+09
 1376             0.440E+05             0.271E+09
 1377             0.440E+05             0.270E+09
 1378             0.440E+05             0.271E+09
 1379             0.440E+05             0.270E+09
 1380             0.441E+05             0.271E+09
 1381             0.441E+05             0.270E+09
 1382             0.441E+05             0.271E+09
 1383             0.441E+05             0.271E+09
 1384             0.442E+05             0.272E+09
 1385             0.442E+05             0.271E+09
 1386             0.442E+05             0.272E+09
 1387             0.442E+05             0.272E+09
 1388             0.443E+05             0.273E+09
 1389             0.443E+05             0.272E+09
 1390             0.443E+05             0.273E+09
 1391             0.443E+05             0.272E+09
 1392             0.444E+05             0.273E+09
 1393             0.444E+05             0.273E+09
 1394             0.444E+05             0.274E+09
 1395             0.444E+05             0.273E+09
 1396             0.445E+05             0.274E+09
 1397             0.445E+05             0.274E+09
 1398             0.445E+05             0.275E+09
 1399             0.445E+05             0.274E+09
 1400             0.446E+05             0.276E+09
 1401             0.446E+05             0.275E+09
 1402             0.447E+05             0.276E+09
 1403             0.447E+05             0.276E+09
 1404             0.447E+05             0.277E+09
 1405             0.447E+05             0.276E+09
 1406             0.448E+05             0.278E+09
 1407             0.448E+05             0.277E+09
 1408             0.448E+05             0.278E+09
 1409             0.448E+05             0.278E+09
 1410             0.449E+05             0.279E+09
 1411             0.449E+05             0.278E+09
 1412             0.450E+05             0.280E+09
 1413             0.450E+05             0.279E+09
 1414             0.450E+05             0.281E+09
 1415             0.450E+05             0.280E+09
 1416             0.451E+05             0.282E+09
 1417             0.451E+05             0.281E+09
 1418             0.452E+05             0.283E+09
 1419             0.452E+05             0.282E+09
 1420             0.452E+05             0.284E+09
 1421             0.452E+05             0.283E+09
 1422             0.453E+05             0.285E+09
 1423             0.453E+05             0.284E+09
 1424             0.454E+05             0.286E+09
 1425             0.454E+05             0.285E+09
 1426             0.455E+05             0.287E+09
 1427             0.455E+05             0.287E+09
 1428             0.455E+05             0.289E+09
 1429             0.455E+05             0.288E+09
 1430             0.456E+05             0.290E+09
 1431             0.456E+05             0.289E+09
 1432             0.457E+05             0.291E+09
 1433             0.457E+05             0.291E+09
 1434             0.458E+05             0.293E+09
 1435             0.458E+05             0.292E+09
 1436             0.459E+05             0.295E+09
 1437             0.459E+05             0.294E+09
 1438             0.460E+05             0.296E+09
 1439             0.460E+05             0.296E+09
 1440             0.461E+05             0.298E+09
 1441             0.461E+05             0.298E+09
 1442             0.462E+05             0.300E+09
 1443             0.462E+05             0.300E+09
 1444             0.463E+05             0.302E+09
 1445             0.463E+05             0.302E+09
 1446             0.464E+05             0.305E+09
 1447             0.464E+05             0.304E+09
 1448             0.465E+05             0.307E+09
 1449             0.465E+05             0.307E+09
 1450             0.466E+05             0.310E+09
 1451             0.466E+05             0.309E+09
 1452             0.467E+05             0.313E+09
 1453             0.467E+05             0.312E+09
 1454             0.469E+05             0.317E+09
 1455             0.469E+05             0.316E+09
 1456             0.470E+05             0.321E+09
 1457             0.470E+05             0.320E+09
 1458             0.472E+05             0.325E+09
 1459             0.472E+05             0.325E+09
 1460             0.474E+05             0.332E+09
 1461             0.474E+05             0.331E+09
