    1             0.100E+02             0.914E-06
    2             0.300E+02             0.228E-04
    3             0.500E+02             0.154E-03
    4             0.700E+02             0.571E-03
    5             0.900E+02             0.154E-02
    6             0.110E+03             0.340E-02
    7             0.130E+03             0.661E-02
    8             0.150E+03             0.117E-01
    9             0.170E+03             0.192E-01
   10             0.190E+03             0.300E-01
   11             0.210E+03             0.447E-01
   12             0.230E+03             0.643E-01
   13             0.250E+03             0.897E-01
   14             0.270E+03             0.122E+00
   15             0.290E+03             0.162E+00
   16             0.310E+03             0.212E+00
   17             0.329E+03             0.272E+00
   18             0.349E+03             0.344E+00
   19             0.369E+03             0.430E+00
   20             0.389E+03             0.531E+00
   21             0.409E+03             0.649E+00
   22             0.429E+03             0.785E+00
   23             0.449E+03             0.942E+00
   24             0.469E+03             0.112E+01
   25             0.489E+03             0.132E+01
   26             0.509E+03             0.155E+01
   27             0.529E+03             0.181E+01
   28             0.549E+03             0.210E+01
   29             0.568E+03             0.243E+01
   30             0.588E+03             0.279E+01
   31             0.608E+03             0.318E+01
   32             0.628E+03             0.362E+01
   33             0.648E+03             0.410E+01
   34             0.668E+03             0.463E+01
   35             0.688E+03             0.521E+01
   36             0.708E+03             0.585E+01
   37             0.727E+03             0.653E+01
   38             0.747E+03             0.728E+01
   39             0.767E+03             0.809E+01
   40             0.787E+03             0.897E+01
   41             0.807E+03             0.991E+01
   42             0.827E+03             0.109E+02
   43             0.847E+03             0.120E+02
   44             0.866E+03             0.132E+02
   45             0.886E+03             0.145E+02
   46             0.906E+03             0.158E+02
   47             0.926E+03             0.172E+02
   48             0.946E+03             0.188E+02
   49             0.965E+03             0.204E+02
   50             0.985E+03             0.222E+02
   51             0.101E+04             0.240E+02
   52             0.102E+04             0.260E+02
   53             0.104E+04             0.281E+02
   54             0.106E+04             0.303E+02
   55             0.108E+04             0.326E+02
   56             0.110E+04             0.351E+02
   57             0.112E+04             0.377E+02
   58             0.114E+04             0.404E+02
   59             0.116E+04             0.433E+02
   60             0.118E+04             0.463E+02
   61             0.120E+04             0.495E+02
   62             0.122E+04             0.529E+02
   63             0.124E+04             0.564E+02
   64             0.126E+04             0.602E+02
   65             0.128E+04             0.641E+02
   66             0.130E+04             0.681E+02
   67             0.132E+04             0.724E+02
   68             0.134E+04             0.769E+02
   69             0.136E+04             0.815E+02
   70             0.138E+04             0.864E+02
   71             0.140E+04             0.915E+02
   72             0.142E+04             0.969E+02
   73             0.144E+04             0.102E+03
   74             0.146E+04             0.108E+03
   75             0.148E+04             0.114E+03
   76             0.150E+04             0.121E+03
   77             0.152E+04             0.127E+03
   78             0.154E+04             0.134E+03
   79             0.156E+04             0.141E+03
   80             0.158E+04             0.148E+03
   81             0.160E+04             0.156E+03
   82             0.162E+04             0.164E+03
   83             0.164E+04             0.172E+03
   84             0.166E+04             0.181E+03
   85             0.168E+04             0.189E+03
   86             0.170E+04             0.199E+03
   87             0.172E+04             0.208E+03
   88             0.174E+04             0.218E+03
   89             0.175E+04             0.228E+03
   90             0.177E+04             0.239E+03
   91             0.179E+04             0.250E+03
   92             0.181E+04             0.261E+03
   93             0.183E+04             0.272E+03
   94             0.185E+04             0.284E+03
   95             0.187E+04             0.297E+03
   96             0.189E+04             0.310E+03
   97             0.191E+04             0.323E+03
   98             0.193E+04             0.337E+03
   99             0.195E+04             0.351E+03
  100             0.197E+04             0.365E+03
  101             0.199E+04             0.380E+03
  102             0.201E+04             0.396E+03
  103             0.203E+04             0.412E+03
  104             0.205E+04             0.428E+03
  105             0.207E+04             0.445E+03
  106             0.209E+04             0.462E+03
  107             0.211E+04             0.480E+03
  108             0.213E+04             0.498E+03
  109             0.215E+04             0.517E+03
  110             0.217E+04             0.537E+03
  111             0.219E+04             0.557E+03
  112             0.221E+04             0.577E+03
  113             0.223E+04             0.598E+03
  114             0.225E+04             0.620E+03
  115             0.226E+04             0.642E+03
  116             0.228E+04             0.665E+03
  117             0.230E+04             0.689E+03
  118             0.232E+04             0.713E+03
  119             0.234E+04             0.738E+03
  120             0.236E+04             0.763E+03
  121             0.238E+04             0.789E+03
  122             0.240E+04             0.816E+03
  123             0.242E+04             0.843E+03
  124             0.244E+04             0.871E+03
  125             0.246E+04             0.900E+03
  126             0.248E+04             0.929E+03
  127             0.250E+04             0.959E+03
  128             0.252E+04             0.990E+03
  129             0.254E+04             0.102E+04
  130             0.256E+04             0.105E+04
  131             0.258E+04             0.109E+04
  132             0.260E+04             0.112E+04
  133             0.262E+04             0.116E+04
  134             0.264E+04             0.119E+04
  135             0.265E+04             0.123E+04
  136             0.267E+04             0.127E+04
  137             0.269E+04             0.130E+04
  138             0.271E+04             0.134E+04
  139             0.273E+04             0.138E+04
  140             0.275E+04             0.142E+04
  141             0.277E+04             0.146E+04
  142             0.279E+04             0.151E+04
  143             0.281E+04             0.155E+04
  144             0.283E+04             0.159E+04
  145             0.285E+04             0.164E+04
  146             0.287E+04             0.169E+04
  147             0.289E+04             0.173E+04
  148             0.291E+04             0.178E+04
  149             0.293E+04             0.183E+04
  150             0.295E+04             0.188E+04
  151             0.297E+04             0.193E+04
  152             0.299E+04             0.198E+04
  153             0.300E+04             0.204E+04
  154             0.302E+04             0.209E+04
  155             0.304E+04             0.215E+04
  156             0.306E+04             0.220E+04
  157             0.308E+04             0.226E+04
  158             0.310E+04             0.232E+04
  159             0.312E+04             0.238E+04
  160             0.314E+04             0.244E+04
  161             0.316E+04             0.250E+04
  162             0.318E+04             0.257E+04
  163             0.320E+04             0.263E+04
  164             0.322E+04             0.270E+04
  165             0.324E+04             0.276E+04
  166             0.326E+04             0.283E+04
  167             0.328E+04             0.290E+04
  168             0.330E+04             0.297E+04
  169             0.331E+04             0.305E+04
  170             0.333E+04             0.312E+04
  171             0.335E+04             0.319E+04
  172             0.337E+04             0.327E+04
  173             0.339E+04             0.335E+04
  174             0.341E+04             0.343E+04
  175             0.343E+04             0.351E+04
  176             0.345E+04             0.359E+04
  177             0.347E+04             0.367E+04
  178             0.349E+04             0.376E+04
  179             0.351E+04             0.384E+04
  180             0.353E+04             0.393E+04
  181             0.355E+04             0.402E+04
  182             0.357E+04             0.411E+04
  183             0.359E+04             0.420E+04
  184             0.360E+04             0.430E+04
  185             0.362E+04             0.439E+04
  186             0.364E+04             0.449E+04
  187             0.366E+04             0.459E+04
  188             0.368E+04             0.469E+04
  189             0.370E+04             0.479E+04
  190             0.372E+04             0.489E+04
  191             0.374E+04             0.500E+04
  192             0.376E+04             0.511E+04
  193             0.378E+04             0.521E+04
  194             0.380E+04             0.532E+04
  195             0.382E+04             0.544E+04
  196             0.384E+04             0.555E+04
  197             0.385E+04             0.567E+04
  198             0.387E+04             0.578E+04
  199             0.389E+04             0.590E+04
  200             0.391E+04             0.602E+04
  201             0.393E+04             0.615E+04
  202             0.395E+04             0.627E+04
  203             0.397E+04             0.640E+04
  204             0.399E+04             0.653E+04
  205             0.401E+04             0.666E+04
  206             0.403E+04             0.679E+04
  207             0.405E+04             0.692E+04
  208             0.407E+04             0.706E+04
  209             0.409E+04             0.720E+04
  210             0.410E+04             0.734E+04
  211             0.412E+04             0.748E+04
  212             0.414E+04             0.763E+04
  213             0.416E+04             0.777E+04
  214             0.418E+04             0.792E+04
  215             0.420E+04             0.807E+04
  216             0.422E+04             0.823E+04
  217             0.424E+04             0.838E+04
  218             0.426E+04             0.854E+04
  219             0.428E+04             0.870E+04
  220             0.430E+04             0.886E+04
  221             0.431E+04             0.903E+04
  222             0.433E+04             0.919E+04
  223             0.435E+04             0.936E+04
  224             0.437E+04             0.954E+04
  225             0.439E+04             0.971E+04
  226             0.441E+04             0.989E+04
  227             0.443E+04             0.101E+05
  228             0.445E+04             0.102E+05
  229             0.447E+04             0.104E+05
  230             0.449E+04             0.106E+05
  231             0.451E+04             0.108E+05
  232             0.453E+04             0.110E+05
  233             0.454E+04             0.112E+05
  234             0.456E+04             0.114E+05
  235             0.458E+04             0.116E+05
  236             0.460E+04             0.118E+05
  237             0.462E+04             0.120E+05
  238             0.464E+04             0.122E+05
  239             0.466E+04             0.124E+05
  240             0.468E+04             0.126E+05
  241             0.470E+04             0.128E+05
  242             0.472E+04             0.130E+05
  243             0.473E+04             0.133E+05
  244             0.475E+04             0.135E+05
  245             0.477E+04             0.137E+05
  246             0.479E+04             0.139E+05
  247             0.481E+04             0.142E+05
  248             0.483E+04             0.144E+05
  249             0.485E+04             0.146E+05
  250             0.487E+04             0.149E+05
  251             0.489E+04             0.151E+05
  252             0.491E+04             0.154E+05
  253             0.492E+04             0.156E+05
  254             0.494E+04             0.159E+05
  255             0.496E+04             0.161E+05
  256             0.498E+04             0.164E+05
  257             0.500E+04             0.167E+05
  258             0.502E+04             0.169E+05
  259             0.504E+04             0.172E+05
  260             0.506E+04             0.175E+05
  261             0.508E+04             0.177E+05
  262             0.510E+04             0.180E+05
  263             0.511E+04             0.183E+05
  264             0.513E+04             0.186E+05
  265             0.515E+04             0.189E+05
  266             0.517E+04             0.192E+05
  267             0.519E+04             0.195E+05
  268             0.521E+04             0.198E+05
  269             0.523E+04             0.201E+05
  270             0.525E+04             0.204E+05
  271             0.527E+04             0.207E+05
  272             0.529E+04             0.210E+05
  273             0.530E+04             0.213E+05
  274             0.532E+04             0.216E+05
  275             0.534E+04             0.219E+05
  276             0.536E+04             0.223E+05
  277             0.538E+04             0.226E+05
  278             0.540E+04             0.229E+05
  279             0.542E+04             0.233E+05
  280             0.544E+04             0.236E+05
  281             0.546E+04             0.239E+05
  282             0.547E+04             0.243E+05
  283             0.549E+04             0.246E+05
  284             0.551E+04             0.250E+05
  285             0.553E+04             0.254E+05
  286             0.555E+04             0.257E+05
  287             0.557E+04             0.261E+05
  288             0.559E+04             0.265E+05
  289             0.561E+04             0.268E+05
  290             0.563E+04             0.272E+05
  291             0.564E+04             0.276E+05
  292             0.566E+04             0.280E+05
  293             0.568E+04             0.284E+05
  294             0.570E+04             0.288E+05
  295             0.572E+04             0.292E+05
  296             0.574E+04             0.296E+05
  297             0.576E+04             0.300E+05
  298             0.578E+04             0.304E+05
  299             0.579E+04             0.308E+05
  300             0.581E+04             0.312E+05
  301             0.583E+04             0.317E+05
  302             0.585E+04             0.321E+05
  303             0.587E+04             0.325E+05
  304             0.589E+04             0.330E+05
  305             0.591E+04             0.334E+05
  306             0.593E+04             0.339E+05
  307             0.594E+04             0.343E+05
  308             0.596E+04             0.348E+05
  309             0.598E+04             0.352E+05
  310             0.600E+04             0.357E+05
  311             0.602E+04             0.362E+05
  312             0.604E+04             0.367E+05
  313             0.606E+04             0.371E+05
  314             0.608E+04             0.376E+05
  315             0.609E+04             0.381E+05
  316             0.611E+04             0.386E+05
  317             0.613E+04             0.391E+05
  318             0.615E+04             0.396E+05
  319             0.617E+04             0.401E+05
  320             0.619E+04             0.406E+05
  321             0.621E+04             0.412E+05
  322             0.623E+04             0.417E+05
  323             0.624E+04             0.422E+05
  324             0.626E+04             0.428E+05
  325             0.628E+04             0.433E+05
  326             0.630E+04             0.438E+05
  327             0.632E+04             0.444E+05
  328             0.634E+04             0.450E+05
  329             0.636E+04             0.455E+05
  330             0.638E+04             0.461E+05
  331             0.639E+04             0.467E+05
  332             0.641E+04             0.472E+05
  333             0.643E+04             0.478E+05
  334             0.645E+04             0.484E+05
  335             0.647E+04             0.490E+05
  336             0.649E+04             0.496E+05
  337             0.651E+04             0.502E+05
  338             0.652E+04             0.508E+05
  339             0.654E+04             0.514E+05
  340             0.656E+04             0.520E+05
  341             0.658E+04             0.527E+05
  342             0.660E+04             0.533E+05
  343             0.662E+04             0.539E+05
  344             0.664E+04             0.546E+05
  345             0.665E+04             0.552E+05
  346             0.667E+04             0.559E+05
  347             0.669E+04             0.566E+05
  348             0.671E+04             0.572E+05
  349             0.673E+04             0.579E+05
  350             0.675E+04             0.586E+05
  351             0.677E+04             0.593E+05
  352             0.679E+04             0.600E+05
  353             0.680E+04             0.607E+05
  354             0.682E+04             0.614E+05
  355             0.684E+04             0.621E+05
  356             0.686E+04             0.628E+05
  357             0.688E+04             0.635E+05
  358             0.690E+04             0.643E+05
  359             0.692E+04             0.650E+05
  360             0.693E+04             0.657E+05
  361             0.695E+04             0.665E+05
  362             0.697E+04             0.672E+05
  363             0.699E+04             0.680E+05
  364             0.701E+04             0.688E+05
  365             0.703E+04             0.695E+05
  366             0.704E+04             0.703E+05
  367             0.706E+04             0.711E+05
  368             0.708E+04             0.719E+05
  369             0.710E+04             0.727E+05
  370             0.712E+04             0.735E+05
  371             0.714E+04             0.743E+05
  372             0.716E+04             0.752E+05
  373             0.717E+04             0.760E+05
  374             0.719E+04             0.768E+05
  375             0.721E+04             0.777E+05
  376             0.723E+04             0.785E+05
  377             0.725E+04             0.794E+05
  378             0.727E+04             0.802E+05
  379             0.729E+04             0.811E+05
  380             0.730E+04             0.820E+05
  381             0.732E+04             0.829E+05
  382             0.734E+04             0.838E+05
  383             0.736E+04             0.847E+05
  384             0.738E+04             0.856E+05
  385             0.740E+04             0.865E+05
  386             0.741E+04             0.874E+05
  387             0.743E+04             0.883E+05
  388             0.745E+04             0.893E+05
  389             0.747E+04             0.902E+05
  390             0.749E+04             0.912E+05
  391             0.751E+04             0.921E+05
  392             0.752E+04             0.931E+05
  393             0.754E+04             0.941E+05
  394             0.756E+04             0.951E+05
  395             0.758E+04             0.961E+05
  396             0.760E+04             0.971E+05
  397             0.762E+04             0.981E+05
  398             0.764E+04             0.991E+05
  399             0.765E+04             0.100E+06
  400             0.767E+04             0.101E+06
  401             0.769E+04             0.102E+06
  402             0.771E+04             0.103E+06
  403             0.773E+04             0.104E+06
  404             0.775E+04             0.105E+06
  405             0.776E+04             0.106E+06
  406             0.778E+04             0.108E+06
  407             0.780E+04             0.109E+06
  408             0.782E+04             0.110E+06
  409             0.784E+04             0.111E+06
  410             0.786E+04             0.112E+06
  411             0.787E+04             0.113E+06
  412             0.789E+04             0.114E+06
  413             0.791E+04             0.115E+06
  414             0.793E+04             0.116E+06
  415             0.795E+04             0.118E+06
  416             0.797E+04             0.119E+06
  417             0.798E+04             0.120E+06
  418             0.800E+04             0.121E+06
  419             0.802E+04             0.122E+06
  420             0.804E+04             0.124E+06
  421             0.806E+04             0.125E+06
  422             0.808E+04             0.126E+06
  423             0.809E+04             0.127E+06
  424             0.811E+04             0.128E+06
  425             0.813E+04             0.130E+06
  426             0.815E+04             0.131E+06
  427             0.817E+04             0.132E+06
  428             0.818E+04             0.133E+06
  429             0.820E+04             0.135E+06
  430             0.822E+04             0.136E+06
  431             0.824E+04             0.137E+06
  432             0.826E+04             0.139E+06
  433             0.828E+04             0.140E+06
  434             0.829E+04             0.141E+06
  435             0.831E+04             0.143E+06
  436             0.833E+04             0.144E+06
  437             0.835E+04             0.145E+06
  438             0.837E+04             0.147E+06
  439             0.839E+04             0.148E+06
  440             0.840E+04             0.150E+06
  441             0.842E+04             0.151E+06
  442             0.844E+04             0.152E+06
  443             0.846E+04             0.154E+06
  444             0.848E+04             0.155E+06
  445             0.849E+04             0.157E+06
  446             0.851E+04             0.158E+06
  447             0.853E+04             0.160E+06
  448             0.855E+04             0.161E+06
  449             0.857E+04             0.162E+06
  450             0.859E+04             0.164E+06
  451             0.860E+04             0.165E+06
  452             0.862E+04             0.167E+06
  453             0.864E+04             0.169E+06
  454             0.866E+04             0.170E+06
  455             0.868E+04             0.172E+06
  456             0.869E+04             0.173E+06
  457             0.871E+04             0.175E+06
  458             0.873E+04             0.176E+06
  459             0.875E+04             0.178E+06
  460             0.877E+04             0.179E+06
  461             0.878E+04             0.181E+06
  462             0.880E+04             0.183E+06
  463             0.882E+04             0.184E+06
  464             0.884E+04             0.186E+06
  465             0.886E+04             0.188E+06
  466             0.887E+04             0.189E+06
  467             0.889E+04             0.191E+06
  468             0.891E+04             0.193E+06
  469             0.893E+04             0.194E+06
  470             0.895E+04             0.196E+06
  471             0.897E+04             0.198E+06
  472             0.898E+04             0.200E+06
  473             0.900E+04             0.201E+06
  474             0.902E+04             0.203E+06
  475             0.904E+04             0.205E+06
  476             0.906E+04             0.207E+06
  477             0.907E+04             0.208E+06
  478             0.909E+04             0.210E+06
  479             0.911E+04             0.212E+06
  480             0.913E+04             0.214E+06
  481             0.915E+04             0.216E+06
  482             0.916E+04             0.218E+06
  483             0.918E+04             0.219E+06
  484             0.920E+04             0.221E+06
  485             0.922E+04             0.223E+06
  486             0.924E+04             0.225E+06
  487             0.925E+04             0.227E+06
  488             0.927E+04             0.229E+06
  489             0.929E+04             0.231E+06
  490             0.931E+04             0.233E+06
  491             0.933E+04             0.235E+06
  492             0.934E+04             0.237E+06
  493             0.936E+04             0.239E+06
  494             0.938E+04             0.241E+06
  495             0.940E+04             0.243E+06
  496             0.942E+04             0.245E+06
  497             0.943E+04             0.247E+06
  498             0.945E+04             0.249E+06
  499             0.947E+04             0.251E+06
  500             0.949E+04             0.253E+06
  501             0.951E+04             0.255E+06
  502             0.952E+04             0.257E+06
  503             0.954E+04             0.259E+06
  504             0.956E+04             0.261E+06
  505             0.958E+04             0.263E+06
  506             0.960E+04             0.265E+06
  507             0.961E+04             0.267E+06
  508             0.963E+04             0.269E+06
  509             0.965E+04             0.271E+06
  510             0.967E+04             0.273E+06
  511             0.969E+04             0.275E+06
  512             0.970E+04             0.277E+06
  513             0.972E+04             0.278E+06
  514             0.974E+04             0.280E+06
  515             0.976E+04             0.282E+06
  516             0.978E+04             0.283E+06
  517             0.980E+04             0.285E+06
  518             0.982E+04             0.286E+06
  519             0.983E+04             0.288E+06
  520             0.985E+04             0.289E+06
  521             0.987E+04             0.290E+06
  522             0.989E+04             0.291E+06
  523             0.991E+04             0.292E+06
  524             0.993E+04             0.293E+06
  525             0.995E+04             0.294E+06
  526             0.997E+04             0.295E+06
  527             0.999E+04             0.296E+06
  528             0.100E+05             0.296E+06
  529             0.100E+05             0.297E+06
  530             0.100E+05             0.298E+06
  531             0.101E+05             0.298E+06
  532             0.101E+05             0.298E+06
  533             0.101E+05             0.299E+06
  534             0.101E+05             0.299E+06
  535             0.101E+05             0.299E+06
  536             0.102E+05             0.299E+06
  537             0.102E+05             0.300E+06
  538             0.102E+05             0.300E+06
  539             0.102E+05             0.300E+06
  540             0.102E+05             0.300E+06
  541             0.103E+05             0.299E+06
  542             0.103E+05             0.299E+06
  543             0.103E+05             0.299E+06
  544             0.103E+05             0.299E+06
  545             0.103E+05             0.298E+06
  546             0.104E+05             0.298E+06
  547             0.104E+05             0.297E+06
  548             0.104E+05             0.297E+06
  549             0.104E+05             0.296E+06
  550             0.104E+05             0.296E+06
  551             0.105E+05             0.295E+06
  552             0.105E+05             0.294E+06
  553             0.105E+05             0.294E+06
  554             0.105E+05             0.293E+06
  555             0.105E+05             0.292E+06
  556             0.106E+05             0.291E+06
  557             0.106E+05             0.290E+06
  558             0.106E+05             0.289E+06
  559             0.106E+05             0.288E+06
  560             0.107E+05             0.287E+06
  561             0.107E+05             0.286E+06
  562             0.107E+05             0.285E+06
  563             0.107E+05             0.284E+06
  564             0.107E+05             0.283E+06
  565             0.108E+05             0.281E+06
  566             0.108E+05             0.280E+06
  567             0.108E+05             0.279E+06
  568             0.108E+05             0.277E+06
  569             0.108E+05             0.276E+06
  570             0.109E+05             0.275E+06
  571             0.109E+05             0.273E+06
  572             0.109E+05             0.272E+06
  573             0.109E+05             0.270E+06
  574             0.110E+05             0.268E+06
  575             0.110E+05             0.267E+06
  576             0.110E+05             0.265E+06
  577             0.110E+05             0.264E+06
  578             0.110E+05             0.262E+06
  579             0.111E+05             0.260E+06
  580             0.111E+05             0.258E+06
  581             0.111E+05             0.257E+06
  582             0.111E+05             0.255E+06
  583             0.111E+05             0.253E+06
  584             0.112E+05             0.251E+06
  585             0.112E+05             0.249E+06
  586             0.112E+05             0.247E+06
  587             0.112E+05             0.246E+06
  588             0.113E+05             0.244E+06
  589             0.113E+05             0.242E+06
  590             0.113E+05             0.240E+06
  591             0.113E+05             0.238E+06
  592             0.113E+05             0.236E+06
  593             0.114E+05             0.234E+06
  594             0.114E+05             0.231E+06
  595             0.114E+05             0.229E+06
  596             0.114E+05             0.227E+06
  597             0.115E+05             0.225E+06
  598             0.115E+05             0.223E+06
  599             0.115E+05             0.221E+06
  600             0.115E+05             0.219E+06
  601             0.115E+05             0.216E+06
  602             0.116E+05             0.214E+06
  603             0.116E+05             0.212E+06
  604             0.116E+05             0.210E+06
  605             0.116E+05             0.208E+06
  606             0.117E+05             0.205E+06
  607             0.117E+05             0.203E+06
  608             0.117E+05             0.201E+06
  609             0.117E+05             0.198E+06
  610             0.117E+05             0.196E+06
  611             0.118E+05             0.194E+06
  612             0.118E+05             0.192E+06
  613             0.118E+05             0.189E+06
  614             0.118E+05             0.187E+06
  615             0.119E+05             0.185E+06
  616             0.119E+05             0.182E+06
  617             0.119E+05             0.180E+06
  618             0.119E+05             0.177E+06
  619             0.120E+05             0.175E+06
  620             0.120E+05             0.173E+06
  621             0.120E+05             0.170E+06
  622             0.120E+05             0.168E+06
  623             0.120E+05             0.166E+06
  624             0.121E+05             0.163E+06
  625             0.121E+05             0.161E+06
  626             0.121E+05             0.158E+06
  627             0.121E+05             0.156E+06
  628             0.122E+05             0.154E+06
  629             0.122E+05             0.151E+06
  630             0.122E+05             0.149E+06
  631             0.122E+05             0.147E+06
  632             0.123E+05             0.144E+06
  633             0.123E+05             0.142E+06
  634             0.123E+05             0.139E+06
  635             0.123E+05             0.137E+06
  636             0.123E+05             0.135E+06
  637             0.124E+05             0.132E+06
  638             0.124E+05             0.130E+06
  639             0.124E+05             0.128E+06
  640             0.124E+05             0.125E+06
  641             0.125E+05             0.123E+06
  642             0.125E+05             0.121E+06
  643             0.125E+05             0.118E+06
  644             0.125E+05             0.116E+06
  645             0.126E+05             0.114E+06
  646             0.126E+05             0.111E+06
  647             0.126E+05             0.109E+06
  648             0.126E+05             0.107E+06
  649             0.126E+05             0.105E+06
  650             0.127E+05             0.102E+06
  651             0.127E+05             0.100E+06
  652             0.127E+05             0.978E+05
  653             0.127E+05             0.956E+05
  654             0.128E+05             0.934E+05
  655             0.128E+05             0.912E+05
  656             0.128E+05             0.890E+05
  657             0.128E+05             0.869E+05
  658             0.129E+05             0.847E+05
  659             0.129E+05             0.826E+05
  660             0.129E+05             0.805E+05
  661             0.129E+05             0.784E+05
  662             0.130E+05             0.764E+05
  663             0.130E+05             0.743E+05
  664             0.130E+05             0.723E+05
  665             0.130E+05             0.703E+05
  666             0.130E+05             0.683E+05
  667             0.131E+05             0.663E+05
  668             0.131E+05             0.643E+05
  669             0.131E+05             0.624E+05
  670             0.131E+05             0.605E+05
  671             0.132E+05             0.586E+05
  672             0.132E+05             0.567E+05
  673             0.132E+05             0.549E+05
  674             0.132E+05             0.531E+05
  675             0.133E+05             0.513E+05
  676             0.133E+05             0.495E+05
  677             0.133E+05             0.477E+05
  678             0.133E+05             0.460E+05
  679             0.134E+05             0.443E+05
  680             0.134E+05             0.426E+05
  681             0.134E+05             0.410E+05
  682             0.134E+05             0.393E+05
  683             0.135E+05             0.378E+05
  684             0.135E+05             0.362E+05
  685             0.135E+05             0.346E+05
  686             0.135E+05             0.331E+05
  687             0.136E+05             0.316E+05
  688             0.136E+05             0.302E+05
  689             0.136E+05             0.288E+05
  690             0.136E+05             0.274E+05
  691             0.136E+05             0.260E+05
  692             0.137E+05             0.247E+05
  693             0.137E+05             0.234E+05
  694             0.137E+05             0.221E+05
  695             0.137E+05             0.209E+05
  696             0.138E+05             0.196E+05
  697             0.138E+05             0.185E+05
  698             0.138E+05             0.173E+05
  699             0.138E+05             0.162E+05
  700             0.139E+05             0.151E+05
  701             0.139E+05             0.141E+05
  702             0.139E+05             0.131E+05
  703             0.139E+05             0.121E+05
  704             0.140E+05             0.112E+05
  705             0.140E+05             0.103E+05
  706             0.140E+05             0.941E+04
  707             0.140E+05             0.857E+04
  708             0.141E+05             0.778E+04
  709             0.141E+05             0.702E+04
  710             0.141E+05             0.630E+04
  711             0.141E+05             0.562E+04
  712             0.142E+05             0.497E+04
  713             0.142E+05             0.436E+04
  714             0.142E+05             0.379E+04
  715             0.142E+05             0.326E+04
  716             0.143E+05             0.277E+04
  717             0.143E+05             0.232E+04
  718             0.143E+05             0.190E+04
  719             0.143E+05             0.153E+04
  720             0.144E+05             0.120E+04
  721             0.144E+05             0.902E+03
  722             0.144E+05             0.649E+03
  723             0.144E+05             0.438E+03
  724             0.145E+05             0.268E+03
  725             0.145E+05             0.139E+03
  726             0.145E+05             0.518E+02
  727             0.145E+05             0.676E+01
  728             0.146E+05             0.402E+01
  729             0.146E+05             0.438E+02
  730             0.146E+05             0.126E+03
  731             0.146E+05             0.252E+03
  732             0.147E+05             0.421E+03
  733             0.147E+05             0.633E+03
  734             0.147E+05             0.890E+03
  735             0.147E+05             0.119E+04
  736             0.147E+05             0.153E+04
  737             0.148E+05             0.192E+04
  738             0.148E+05             0.236E+04
  739             0.148E+05             0.283E+04
  740             0.148E+05             0.336E+04
  741             0.149E+05             0.393E+04
  742             0.149E+05             0.454E+04
  743             0.149E+05             0.520E+04
  744             0.149E+05             0.591E+04
  745             0.150E+05             0.666E+04
  746             0.150E+05             0.746E+04
  747             0.150E+05             0.830E+04
  748             0.150E+05             0.919E+04
  749             0.151E+05             0.101E+05
  750             0.151E+05             0.111E+05
  751             0.151E+05             0.121E+05
  752             0.151E+05             0.132E+05
  753             0.152E+05             0.144E+05
  754             0.152E+05             0.155E+05
  755             0.152E+05             0.168E+05
  756             0.152E+05             0.180E+05
  757             0.153E+05             0.193E+05
  758             0.153E+05             0.207E+05
  759             0.153E+05             0.221E+05
  760             0.153E+05             0.236E+05
  761             0.154E+05             0.251E+05
  762             0.154E+05             0.267E+05
  763             0.154E+05             0.283E+05
  764             0.154E+05             0.299E+05
  765             0.155E+05             0.316E+05
  766             0.155E+05             0.334E+05
  767             0.155E+05             0.352E+05
  768             0.155E+05             0.370E+05
  769             0.156E+05             0.389E+05
  770             0.156E+05             0.409E+05
  771             0.156E+05             0.429E+05
  772             0.156E+05             0.450E+05
  773             0.157E+05             0.471E+05
  774             0.157E+05             0.492E+05
  775             0.157E+05             0.514E+05
  776             0.157E+05             0.537E+05
  777             0.158E+05             0.560E+05
  778             0.158E+05             0.583E+05
  779             0.158E+05             0.607E+05
  780             0.158E+05             0.632E+05
  781             0.159E+05             0.657E+05
  782             0.159E+05             0.682E+05
  783             0.159E+05             0.708E+05
  784             0.159E+05             0.735E+05
  785             0.160E+05             0.762E+05
  786             0.160E+05             0.789E+05
  787             0.160E+05             0.817E+05
  788             0.160E+05             0.846E+05
  789             0.161E+05             0.875E+05
  790             0.161E+05             0.904E+05
  791             0.161E+05             0.934E+05
  792             0.161E+05             0.965E+05
  793             0.162E+05             0.996E+05
  794             0.162E+05             0.103E+06
  795             0.162E+05             0.106E+06
  796             0.162E+05             0.109E+06
  797             0.163E+05             0.112E+06
  798             0.163E+05             0.116E+06
  799             0.163E+05             0.119E+06
  800             0.163E+05             0.123E+06
  801             0.164E+05             0.126E+06
  802             0.164E+05             0.130E+06
  803             0.164E+05             0.133E+06
  804             0.164E+05             0.137E+06
  805             0.165E+05             0.141E+06
  806             0.165E+05             0.144E+06
  807             0.165E+05             0.148E+06
  808             0.165E+05             0.152E+06
  809             0.166E+05             0.156E+06
  810             0.166E+05             0.160E+06
  811             0.166E+05             0.164E+06
  812             0.166E+05             0.168E+06
  813             0.167E+05             0.172E+06
  814             0.167E+05             0.176E+06
  815             0.167E+05             0.180E+06
  816             0.167E+05             0.185E+06
  817             0.168E+05             0.189E+06
  818             0.168E+05             0.193E+06
  819             0.168E+05             0.198E+06
  820             0.168E+05             0.202E+06
  821             0.169E+05             0.207E+06
  822             0.169E+05             0.211E+06
  823             0.169E+05             0.216E+06
  824             0.169E+05             0.220E+06
  825             0.170E+05             0.225E+06
  826             0.170E+05             0.230E+06
  827             0.170E+05             0.234E+06
  828             0.170E+05             0.239E+06
  829             0.171E+05             0.244E+06
  830             0.171E+05             0.249E+06
  831             0.171E+05             0.254E+06
  832             0.171E+05             0.259E+06
  833             0.172E+05             0.264E+06
  834             0.172E+05             0.269E+06
  835             0.172E+05             0.274E+06
  836             0.172E+05             0.279E+06
  837             0.173E+05             0.285E+06
  838             0.173E+05             0.290E+06
  839             0.173E+05             0.295E+06
  840             0.173E+05             0.300E+06
  841             0.174E+05             0.306E+06
  842             0.174E+05             0.311E+06
  843             0.174E+05             0.317E+06
  844             0.174E+05             0.322E+06
  845             0.175E+05             0.328E+06
  846             0.175E+05             0.333E+06
  847             0.175E+05             0.339E+06
  848             0.175E+05             0.345E+06
  849             0.176E+05             0.351E+06
  850             0.176E+05             0.356E+06
  851             0.176E+05             0.362E+06
  852             0.176E+05             0.368E+06
  853             0.177E+05             0.374E+06
  854             0.177E+05             0.380E+06
  855             0.177E+05             0.386E+06
  856             0.177E+05             0.392E+06
  857             0.178E+05             0.398E+06
  858             0.178E+05             0.404E+06
  859             0.178E+05             0.410E+06
  860             0.178E+05             0.416E+06
  861             0.179E+05             0.423E+06
  862             0.179E+05             0.429E+06
  863             0.179E+05             0.435E+06
  864             0.179E+05             0.441E+06
  865             0.180E+05             0.448E+06
  866             0.180E+05             0.454E+06
  867             0.180E+05             0.461E+06
  868             0.180E+05             0.467E+06
  869             0.181E+05             0.474E+06
  870             0.181E+05             0.480E+06
  871             0.181E+05             0.487E+06
  872             0.181E+05             0.493E+06
  873             0.182E+05             0.500E+06
  874             0.182E+05             0.507E+06
  875             0.182E+05             0.513E+06
  876             0.182E+05             0.520E+06
  877             0.183E+05             0.527E+06
  878             0.183E+05             0.534E+06
  879             0.183E+05             0.541E+06
  880             0.183E+05             0.547E+06
  881             0.184E+05             0.554E+06
  882             0.184E+05             0.561E+06
  883             0.184E+05             0.568E+06
  884             0.184E+05             0.575E+06
  885             0.185E+05             0.582E+06
  886             0.185E+05             0.589E+06
  887             0.185E+05             0.596E+06
  888             0.185E+05             0.604E+06
  889             0.186E+05             0.611E+06
  890             0.186E+05             0.618E+06
  891             0.186E+05             0.625E+06
  892             0.186E+05             0.632E+06
  893             0.186E+05             0.640E+06
  894             0.187E+05             0.647E+06
  895             0.187E+05             0.654E+06
  896             0.187E+05             0.661E+06
  897             0.187E+05             0.669E+06
  898             0.188E+05             0.676E+06
  899             0.188E+05             0.684E+06
  900             0.188E+05             0.691E+06
  901             0.188E+05             0.698E+06
  902             0.189E+05             0.706E+06
  903             0.189E+05             0.713E+06
  904             0.189E+05             0.721E+06
  905             0.189E+05             0.728E+06
  906             0.190E+05             0.736E+06
  907             0.190E+05             0.744E+06
  908             0.190E+05             0.751E+06
  909             0.190E+05             0.759E+06
  910             0.191E+05             0.766E+06
  911             0.191E+05             0.774E+06
  912             0.191E+05             0.782E+06
  913             0.191E+05             0.789E+06
  914             0.192E+05             0.797E+06
  915             0.192E+05             0.805E+06
  916             0.192E+05             0.812E+06
  917             0.192E+05             0.820E+06
  918             0.193E+05             0.828E+06
  919             0.193E+05             0.836E+06
  920             0.193E+05             0.843E+06
  921             0.193E+05             0.851E+06
  922             0.194E+05             0.859E+06
  923             0.194E+05             0.867E+06
  924             0.194E+05             0.875E+06
  925             0.194E+05             0.882E+06
  926             0.195E+05             0.890E+06
  927             0.195E+05             0.898E+06
  928             0.195E+05             0.906E+06
  929             0.195E+05             0.914E+06
  930             0.196E+05             0.922E+06
  931             0.196E+05             0.930E+06
  932             0.196E+05             0.938E+06
  933             0.196E+05             0.945E+06
  934             0.196E+05             0.953E+06
  935             0.197E+05             0.961E+06
  936             0.197E+05             0.969E+06
  937             0.197E+05             0.977E+06
  938             0.197E+05             0.985E+06
  939             0.198E+05             0.993E+06
  940             0.198E+05             0.100E+07
  941             0.198E+05             0.101E+07
  942             0.198E+05             0.102E+07
  943             0.199E+05             0.102E+07
  944             0.199E+05             0.103E+07
  945             0.199E+05             0.104E+07
  946             0.199E+05             0.105E+07
  947             0.200E+05             0.106E+07
  948             0.200E+05             0.106E+07
  949             0.200E+05             0.107E+07
  950             0.200E+05             0.108E+07
  951             0.201E+05             0.109E+07
  952             0.201E+05             0.110E+07
  953             0.201E+05             0.110E+07
  954             0.201E+05             0.111E+07
  955             0.201E+05             0.112E+07
  956             0.202E+05             0.113E+07
  957             0.202E+05             0.114E+07
  958             0.202E+05             0.114E+07
  959             0.202E+05             0.115E+07
  960             0.203E+05             0.116E+07
  961             0.203E+05             0.117E+07
  962             0.203E+05             0.117E+07
  963             0.203E+05             0.118E+07
  964             0.204E+05             0.119E+07
  965             0.204E+05             0.120E+07
  966             0.204E+05             0.121E+07
  967             0.204E+05             0.121E+07
  968             0.205E+05             0.122E+07
  969             0.205E+05             0.123E+07
  970             0.205E+05             0.124E+07
  971             0.205E+05             0.124E+07
  972             0.205E+05             0.125E+07
  973             0.206E+05             0.126E+07
  974             0.206E+05             0.127E+07
  975             0.206E+05             0.127E+07
  976             0.206E+05             0.128E+07
  977             0.207E+05             0.129E+07
  978             0.207E+05             0.130E+07
  979             0.207E+05             0.130E+07
  980             0.207E+05             0.131E+07
  981             0.208E+05             0.132E+07
  982             0.208E+05             0.133E+07
  983             0.208E+05             0.133E+07
  984             0.208E+05             0.134E+07
  985             0.209E+05             0.135E+07
  986             0.209E+05             0.136E+07
  987             0.209E+05             0.136E+07
  988             0.209E+05             0.137E+07
  989             0.209E+05             0.138E+07
  990             0.210E+05             0.139E+07
  991             0.210E+05             0.139E+07
  992             0.210E+05             0.140E+07
  993             0.210E+05             0.141E+07
  994             0.211E+05             0.141E+07
  995             0.211E+05             0.142E+07
  996             0.211E+05             0.143E+07
  997             0.211E+05             0.144E+07
  998             0.212E+05             0.144E+07
  999             0.212E+05             0.145E+07
 1000             0.212E+05             0.146E+07
 1001             0.212E+05             0.146E+07
 1002             0.212E+05             0.147E+07
 1003             0.213E+05             0.148E+07
 1004             0.213E+05             0.148E+07
 1005             0.213E+05             0.149E+07
 1006             0.213E+05             0.150E+07
 1007             0.214E+05             0.150E+07
 1008             0.214E+05             0.151E+07
 1009             0.214E+05             0.152E+07
 1010             0.214E+05             0.152E+07
 1011             0.214E+05             0.153E+07
 1012             0.215E+05             0.154E+07
 1013             0.215E+05             0.154E+07
 1014             0.215E+05             0.155E+07
 1015             0.215E+05             0.155E+07
 1016             0.216E+05             0.156E+07
 1017             0.216E+05             0.157E+07
 1018             0.216E+05             0.157E+07
 1019             0.216E+05             0.158E+07
 1020             0.216E+05             0.159E+07
 1021             0.217E+05             0.159E+07
 1022             0.217E+05             0.160E+07
 1023             0.217E+05             0.160E+07
 1024             0.217E+05             0.161E+07
 1025             0.218E+05             0.161E+07
 1026             0.218E+05             0.162E+07
 1027             0.218E+05             0.163E+07
 1028             0.218E+05             0.163E+07
 1029             0.218E+05             0.164E+07
 1030             0.219E+05             0.164E+07
 1031             0.219E+05             0.165E+07
 1032             0.219E+05             0.165E+07
 1033             0.219E+05             0.166E+07
 1034             0.220E+05             0.166E+07
 1035             0.220E+05             0.167E+07
 1036             0.220E+05             0.168E+07
 1037             0.220E+05             0.168E+07
 1038             0.220E+05             0.169E+07
 1039             0.221E+05             0.169E+07
 1040             0.221E+05             0.170E+07
 1041             0.221E+05             0.170E+07
 1042             0.221E+05             0.170E+07
 1043             0.222E+05             0.171E+07
 1044             0.222E+05             0.171E+07
 1045             0.222E+05             0.172E+07
 1046             0.222E+05             0.172E+07
 1047             0.222E+05             0.173E+07
 1048             0.223E+05             0.173E+07
 1049             0.223E+05             0.174E+07
 1050             0.223E+05             0.174E+07
 1051             0.223E+05             0.175E+07
 1052             0.224E+05             0.175E+07
 1053             0.224E+05             0.175E+07
 1054             0.224E+05             0.176E+07
 1055             0.224E+05             0.176E+07
 1056             0.224E+05             0.177E+07
 1057             0.225E+05             0.177E+07
 1058             0.225E+05             0.177E+07
 1059             0.225E+05             0.178E+07
 1060             0.225E+05             0.178E+07
 1061             0.225E+05             0.178E+07
 1062             0.226E+05             0.179E+07
 1063             0.226E+05             0.179E+07
 1064             0.226E+05             0.179E+07
 1065             0.226E+05             0.180E+07
 1066             0.227E+05             0.180E+07
 1067             0.227E+05             0.180E+07
 1068             0.227E+05             0.181E+07
 1069             0.227E+05             0.181E+07
 1070             0.227E+05             0.181E+07
 1071             0.228E+05             0.181E+07
 1072             0.228E+05             0.182E+07
 1073             0.228E+05             0.182E+07
 1074             0.228E+05             0.182E+07
 1075             0.228E+05             0.182E+07
 1076             0.229E+05             0.183E+07
 1077             0.229E+05             0.183E+07
 1078             0.229E+05             0.183E+07
 1079             0.229E+05             0.183E+07
 1080             0.229E+05             0.184E+07
 1081             0.230E+05             0.184E+07
 1082             0.230E+05             0.184E+07
 1083             0.230E+05             0.184E+07
 1084             0.230E+05             0.184E+07
 1085             0.230E+05             0.184E+07
 1086             0.231E+05             0.185E+07
 1087             0.231E+05             0.185E+07
 1088             0.231E+05             0.185E+07
 1089             0.231E+05             0.185E+07
 1090             0.232E+05             0.185E+07
 1091             0.232E+05             0.185E+07
 1092             0.232E+05             0.185E+07
 1093             0.232E+05             0.185E+07
 1094             0.232E+05             0.185E+07
 1095             0.233E+05             0.185E+07
 1096             0.233E+05             0.185E+07
 1097             0.233E+05             0.186E+07
 1098             0.233E+05             0.186E+07
 1099             0.233E+05             0.186E+07
 1100             0.234E+05             0.186E+07
 1101             0.234E+05             0.186E+07
 1102             0.234E+05             0.186E+07
 1103             0.234E+05             0.186E+07
 1104             0.234E+05             0.186E+07
 1105             0.235E+05             0.186E+07
 1106             0.235E+05             0.186E+07
 1107             0.235E+05             0.186E+07
 1108             0.235E+05             0.185E+07
 1109             0.235E+05             0.185E+07
 1110             0.236E+05             0.185E+07
 1111             0.236E+05             0.185E+07
 1112             0.236E+05             0.185E+07
 1113             0.236E+05             0.185E+07
 1114             0.236E+05             0.185E+07
 1115             0.236E+05             0.185E+07
 1116             0.237E+05             0.185E+07
 1117             0.237E+05             0.184E+07
 1118             0.237E+05             0.184E+07
 1119             0.237E+05             0.184E+07
 1120             0.237E+05             0.184E+07
 1121             0.238E+05             0.184E+07
 1122             0.238E+05             0.184E+07
 1123             0.238E+05             0.183E+07
 1124             0.238E+05             0.183E+07
 1125             0.238E+05             0.183E+07
 1126             0.239E+05             0.183E+07
 1127             0.239E+05             0.182E+07
 1128             0.239E+05             0.182E+07
 1129             0.239E+05             0.182E+07
 1130             0.239E+05             0.182E+07
 1131             0.240E+05             0.181E+07
 1132             0.240E+05             0.181E+07
 1133             0.240E+05             0.181E+07
 1134             0.240E+05             0.180E+07
 1135             0.240E+05             0.180E+07
 1136             0.241E+05             0.180E+07
 1137             0.241E+05             0.179E+07
 1138             0.241E+05             0.179E+07
 1139             0.241E+05             0.179E+07
 1140             0.241E+05             0.178E+07
 1141             0.241E+05             0.178E+07
 1142             0.242E+05             0.178E+07
 1143             0.242E+05             0.177E+07
 1144             0.242E+05             0.177E+07
 1145             0.242E+05             0.176E+07
 1146             0.242E+05             0.176E+07
 1147             0.243E+05             0.175E+07
 1148             0.243E+05             0.175E+07
 1149             0.243E+05             0.174E+07
 1150             0.243E+05             0.174E+07
 1151             0.243E+05             0.173E+07
 1152             0.243E+05             0.173E+07
 1153             0.244E+05             0.172E+07
 1154             0.244E+05             0.172E+07
 1155             0.244E+05             0.171E+07
 1156             0.244E+05             0.171E+07
 1157             0.244E+05             0.170E+07
 1158             0.245E+05             0.170E+07
 1159             0.245E+05             0.169E+07
 1160             0.245E+05             0.169E+07
 1161             0.245E+05             0.168E+07
 1162             0.245E+05             0.167E+07
 1163             0.245E+05             0.167E+07
 1164             0.246E+05             0.166E+07
 1165             0.246E+05             0.165E+07
 1166             0.246E+05             0.165E+07
 1167             0.246E+05             0.164E+07
 1168             0.246E+05             0.163E+07
 1169             0.246E+05             0.163E+07
 1170             0.247E+05             0.162E+07
 1171             0.247E+05             0.161E+07
 1172             0.247E+05             0.161E+07
 1173             0.247E+05             0.160E+07
 1174             0.247E+05             0.159E+07
 1175             0.247E+05             0.158E+07
 1176             0.248E+05             0.158E+07
 1177             0.248E+05             0.157E+07
 1178             0.248E+05             0.156E+07
 1179             0.248E+05             0.155E+07
 1180             0.248E+05             0.154E+07
 1181             0.248E+05             0.154E+07
 1182             0.249E+05             0.153E+07
 1183             0.249E+05             0.152E+07
 1184             0.249E+05             0.151E+07
 1185             0.249E+05             0.150E+07
 1186             0.249E+05             0.149E+07
 1187             0.249E+05             0.149E+07
 1188             0.250E+05             0.148E+07
 1189             0.250E+05             0.147E+07
 1190             0.250E+05             0.146E+07
 1191             0.250E+05             0.145E+07
 1192             0.250E+05             0.144E+07
 1193             0.250E+05             0.143E+07
 1194             0.251E+05             0.142E+07
 1195             0.251E+05             0.141E+07
 1196             0.251E+05             0.140E+07
 1197             0.251E+05             0.139E+07
 1198             0.251E+05             0.138E+07
 1199             0.251E+05             0.137E+07
 1200             0.252E+05             0.136E+07
 1201             0.252E+05             0.135E+07
 1202             0.252E+05             0.134E+07
 1203             0.252E+05             0.133E+07
 1204             0.252E+05             0.132E+07
 1205             0.252E+05             0.131E+07
 1206             0.253E+05             0.130E+07
 1207             0.253E+05             0.129E+07
 1208             0.253E+05             0.128E+07
 1209             0.253E+05             0.127E+07
 1210             0.253E+05             0.126E+07
 1211             0.253E+05             0.125E+07
 1212             0.253E+05             0.124E+07
 1213             0.254E+05             0.123E+07
 1214             0.254E+05             0.121E+07
 1215             0.254E+05             0.120E+07
 1216             0.254E+05             0.119E+07
 1217             0.254E+05             0.118E+07
 1218             0.254E+05             0.117E+07
 1219             0.254E+05             0.116E+07
 1220             0.255E+05             0.115E+07
 1221             0.255E+05             0.113E+07
 1222             0.255E+05             0.112E+07
 1223             0.255E+05             0.111E+07
 1224             0.255E+05             0.110E+07
 1225             0.255E+05             0.109E+07
 1226             0.255E+05             0.107E+07
 1227             0.256E+05             0.106E+07
 1228             0.256E+05             0.105E+07
 1229             0.256E+05             0.104E+07
 1230             0.256E+05             0.102E+07
 1231             0.256E+05             0.101E+07
 1232             0.256E+05             0.999E+06
 1233             0.256E+05             0.986E+06
 1234             0.257E+05             0.973E+06
 1235             0.257E+05             0.960E+06
 1236             0.257E+05             0.948E+06
 1237             0.257E+05             0.935E+06
 1238             0.257E+05             0.922E+06
 1239             0.257E+05             0.909E+06
 1240             0.257E+05             0.896E+06
 1241             0.257E+05             0.882E+06
 1242             0.258E+05             0.869E+06
 1243             0.258E+05             0.856E+06
 1244             0.258E+05             0.843E+06
 1245             0.258E+05             0.829E+06
 1246             0.258E+05             0.816E+06
 1247             0.258E+05             0.802E+06
 1248             0.258E+05             0.789E+06
 1249             0.259E+05             0.775E+06
 1250             0.259E+05             0.762E+06
 1251             0.259E+05             0.748E+06
 1252             0.259E+05             0.734E+06
 1253             0.259E+05             0.720E+06
 1254             0.259E+05             0.707E+06
 1255             0.259E+05             0.693E+06
 1256             0.259E+05             0.679E+06
 1257             0.259E+05             0.665E+06
 1258             0.260E+05             0.651E+06
 1259             0.260E+05             0.637E+06
 1260             0.260E+05             0.623E+06
 1261             0.260E+05             0.609E+06
 1262             0.260E+05             0.595E+06
 1263             0.260E+05             0.581E+06
 1264             0.260E+05             0.567E+06
 1265             0.260E+05             0.553E+06
 1266             0.260E+05             0.538E+06
 1267             0.261E+05             0.524E+06
 1268             0.261E+05             0.510E+06
 1269             0.261E+05             0.495E+06
 1270             0.261E+05             0.481E+06
 1271             0.261E+05             0.467E+06
 1272             0.261E+05             0.452E+06
 1273             0.261E+05             0.438E+06
 1274             0.261E+05             0.423E+06
 1275             0.261E+05             0.408E+06
 1276             0.261E+05             0.393E+06
 1277             0.261E+05             0.377E+06
 1278             0.262E+05             0.363E+06
 1279             0.262E+05             0.344E+06
 1280             0.262E+05             0.334E+06
 1281             0.262E+05             0.312E+06
 1282             0.262E+05             0.307E+06
 1283             0.262E+05             0.286E+06
 1284             0.262E+05             0.283E+06
 1285             0.262E+05             0.262E+06
 1286             0.262E+05             0.261E+06
 1287             0.262E+05             0.241E+06
 1288             0.262E+05             0.240E+06
 1289             0.262E+05             0.221E+06
 1290             0.263E+05             0.221E+06
 1291             0.263E+05             0.203E+06
 1292             0.263E+05             0.203E+06
 1293             0.263E+05             0.186E+06
 1294             0.263E+05             0.187E+06
 1295             0.263E+05             0.170E+06
 1296             0.263E+05             0.172E+06
 1297             0.263E+05             0.156E+06
 1298             0.263E+05             0.158E+06
 1299             0.263E+05             0.142E+06
 1300             0.264E+05             0.144E+06
 1301             0.264E+05             0.130E+06
 1302             0.264E+05             0.132E+06
 1303             0.264E+05             0.118E+06
 1304             0.264E+05             0.121E+06
 1305             0.264E+05             0.107E+06
 1306             0.264E+05             0.110E+06
 1307             0.264E+05             0.972E+05
 1308             0.265E+05             0.100E+06
 1309             0.265E+05             0.879E+05
 1310             0.265E+05             0.911E+05
 1311             0.265E+05             0.794E+05
 1312             0.265E+05             0.826E+05
 1313             0.265E+05             0.715E+05
 1314             0.265E+05             0.748E+05
 1315             0.265E+05             0.642E+05
 1316             0.266E+05             0.675E+05
 1317             0.266E+05             0.575E+05
 1318             0.266E+05             0.608E+05
 1319             0.266E+05             0.514E+05
 1320             0.266E+05             0.547E+05
 1321             0.266E+05             0.457E+05
 1322             0.267E+05             0.490E+05
 1323             0.267E+05             0.405E+05
 1324             0.267E+05             0.438E+05
 1325             0.267E+05             0.358E+05
 1326             0.267E+05             0.390E+05
 1327             0.267E+05             0.315E+05
 1328             0.267E+05             0.346E+05
 1329             0.267E+05             0.276E+05
 1330             0.268E+05             0.306E+05
 1331             0.268E+05             0.240E+05
 1332             0.268E+05             0.270E+05
 1333             0.268E+05             0.208E+05
 1334             0.268E+05             0.237E+05
 1335             0.268E+05             0.179E+05
 1336             0.269E+05             0.207E+05
 1337             0.269E+05             0.153E+05
 1338             0.269E+05             0.180E+05
 1339             0.269E+05             0.130E+05
 1340             0.269E+05             0.155E+05
 1341             0.269E+05             0.110E+05
 1342             0.269E+05             0.134E+05
 1343             0.269E+05             0.914E+04
 1344             0.270E+05             0.114E+05
 1345             0.270E+05             0.755E+04
 1346             0.270E+05             0.970E+04
 1347             0.270E+05             0.616E+04
 1348             0.270E+05             0.817E+04
 1349             0.270E+05             0.496E+04
 1350             0.271E+05             0.683E+04
 1351             0.271E+05             0.392E+04
 1352             0.271E+05             0.565E+04
 1353             0.271E+05             0.305E+04
 1354             0.271E+05             0.463E+04
 1355             0.271E+05             0.231E+04
 1356             0.272E+05             0.376E+04
 1357             0.272E+05             0.170E+04
 1358             0.272E+05             0.300E+04
 1359             0.272E+05             0.121E+04
 1360             0.272E+05             0.237E+04
 1361             0.272E+05             0.821E+03
 1362             0.273E+05             0.183E+04
 1363             0.273E+05             0.520E+03
 1364             0.273E+05             0.139E+04
 1365             0.273E+05             0.299E+03
 1366             0.273E+05             0.103E+04
 1367             0.273E+05             0.146E+03
 1368             0.274E+05             0.740E+03
 1369             0.274E+05             0.519E+02
 1370             0.274E+05             0.513E+03
 1371             0.274E+05             0.698E+01
 1372             0.274E+05             0.339E+03
 1373             0.274E+05             0.256E+01
 1374             0.275E+05             0.210E+03
 1375             0.275E+05             0.305E+02
 1376             0.275E+05             0.118E+03
 1377             0.275E+05             0.832E+02
 1378             0.276E+05             0.578E+02
 1379             0.276E+05             0.154E+03
 1380             0.276E+05             0.216E+02
 1381             0.276E+05             0.236E+03
 1382             0.276E+05             0.406E+01
 1383             0.276E+05             0.323E+03
 1384             0.277E+05             0.851E-01
 1385             0.277E+05             0.412E+03
 1386             0.277E+05             0.516E+01
 1387             0.277E+05             0.496E+03
 1388             0.277E+05             0.154E+02
 1389             0.277E+05             0.572E+03
 1390             0.278E+05             0.275E+02
 1391             0.278E+05             0.637E+03
 1392             0.278E+05             0.389E+02
 1393             0.278E+05             0.689E+03
 1394             0.279E+05             0.476E+02
 1395             0.279E+05             0.724E+03
 1396             0.279E+05             0.523E+02
 1397             0.279E+05             0.741E+03
 1398             0.279E+05             0.521E+02
 1399             0.279E+05             0.741E+03
 1400             0.280E+05             0.473E+02
 1401             0.280E+05             0.722E+03
 1402             0.280E+05             0.383E+02
 1403             0.280E+05             0.686E+03
 1404             0.281E+05             0.267E+02
 1405             0.281E+05             0.633E+03
 1406             0.281E+05             0.144E+02
 1407             0.281E+05             0.566E+03
 1408             0.281E+05             0.431E+01
 1409             0.281E+05             0.487E+03
 1410             0.282E+05             0.921E-04
 1411             0.282E+05             0.400E+03
 1412             0.282E+05             0.579E+01
 1413             0.282E+05             0.310E+03
 1414             0.283E+05             0.268E+02
 1415             0.283E+05             0.220E+03
 1416             0.283E+05             0.690E+02
 1417             0.283E+05             0.137E+03
 1418             0.284E+05             0.139E+03
 1419             0.284E+05             0.674E+02
 1420             0.284E+05             0.245E+03
 1421             0.284E+05             0.190E+02
 1422             0.284E+05             0.394E+03
 1423             0.284E+05             0.213E-01
 1424             0.285E+05             0.597E+03
 1425             0.285E+05             0.197E+02
 1426             0.285E+05             0.864E+03
 1427             0.285E+05             0.882E+02
 1428             0.286E+05             0.121E+04
 1429             0.286E+05             0.217E+03
 1430             0.286E+05             0.163E+04
 1431             0.286E+05             0.418E+03
 1432             0.287E+05             0.216E+04
 1433             0.287E+05             0.704E+03
 1434             0.287E+05             0.281E+04
 1435             0.287E+05             0.109E+04
 1436             0.288E+05             0.359E+04
 1437             0.288E+05             0.159E+04
 1438             0.288E+05             0.451E+04
 1439             0.288E+05             0.222E+04
 1440             0.289E+05             0.560E+04
 1441             0.289E+05             0.300E+04
 1442             0.289E+05             0.687E+04
 1443             0.289E+05             0.395E+04
 1444             0.290E+05             0.835E+04
 1445             0.290E+05             0.509E+04
 1446             0.290E+05             0.101E+05
 1447             0.290E+05             0.644E+04
 1448             0.291E+05             0.120E+05
 1449             0.291E+05             0.802E+04
 1450             0.291E+05             0.142E+05
 1451             0.291E+05             0.986E+04
 1452             0.292E+05             0.168E+05
 1453             0.292E+05             0.120E+05
 1454             0.292E+05             0.196E+05
 1455             0.292E+05             0.144E+05
 1456             0.293E+05             0.228E+05
 1457             0.293E+05             0.172E+05
 1458             0.293E+05             0.264E+05
 1459             0.293E+05             0.203E+05
 1460             0.294E+05             0.305E+05
 1461             0.294E+05             0.239E+05
 1462             0.294E+05             0.349E+05
 1463             0.294E+05             0.279E+05
 1464             0.295E+05             0.399E+05
 1465             0.295E+05             0.323E+05
 1466             0.295E+05             0.454E+05
 1467             0.295E+05             0.373E+05
 1468             0.296E+05             0.515E+05
 1469             0.296E+05             0.428E+05
 1470             0.296E+05             0.582E+05
 1471             0.296E+05             0.490E+05
 1472             0.297E+05             0.656E+05
 1473             0.297E+05             0.557E+05
 1474             0.297E+05             0.736E+05
 1475             0.297E+05             0.632E+05
 1476             0.298E+05             0.825E+05
 1477             0.298E+05             0.714E+05
 1478             0.299E+05             0.921E+05
 1479             0.299E+05             0.804E+05
 1480             0.299E+05             0.103E+06
 1481             0.299E+05             0.902E+05
 1482             0.300E+05             0.114E+06
 1483             0.300E+05             0.101E+06
 1484             0.300E+05             0.127E+06
 1485             0.300E+05             0.113E+06
 1486             0.301E+05             0.140E+06
 1487             0.301E+05             0.125E+06
 1488             0.301E+05             0.155E+06
 1489             0.301E+05             0.139E+06
 1490             0.302E+05             0.171E+06
 1491             0.302E+05             0.154E+06
 1492             0.303E+05             0.188E+06
 1493             0.303E+05             0.171E+06
 1494             0.303E+05             0.206E+06
 1495             0.303E+05             0.188E+06
 1496             0.304E+05             0.226E+06
 1497             0.304E+05             0.208E+06
 1498             0.304E+05             0.248E+06
 1499             0.304E+05             0.228E+06
 1500             0.305E+05             0.271E+06
 1501             0.305E+05             0.250E+06
 1502             0.306E+05             0.296E+06
 1503             0.306E+05             0.274E+06
 1504             0.306E+05             0.323E+06
 1505             0.306E+05             0.300E+06
 1506             0.307E+05             0.351E+06
 1507             0.307E+05             0.328E+06
 1508             0.308E+05             0.382E+06
 1509             0.308E+05             0.358E+06
 1510             0.308E+05             0.415E+06
 1511             0.308E+05             0.390E+06
 1512             0.309E+05             0.451E+06
 1513             0.309E+05             0.424E+06
 1514             0.310E+05             0.489E+06
 1515             0.310E+05             0.461E+06
 1516             0.310E+05             0.529E+06
 1517             0.310E+05             0.500E+06
 1518             0.311E+05             0.573E+06
 1519             0.311E+05             0.543E+06
 1520             0.312E+05             0.619E+06
 1521             0.312E+05             0.588E+06
 1522             0.312E+05             0.669E+06
 1523             0.312E+05             0.636E+06
 1524             0.313E+05             0.722E+06
 1525             0.313E+05             0.688E+06
 1526             0.314E+05             0.778E+06
 1527             0.314E+05             0.744E+06
 1528             0.315E+05             0.839E+06
 1529             0.315E+05             0.803E+06
 1530             0.315E+05             0.904E+06
 1531             0.315E+05             0.866E+06
 1532             0.316E+05             0.973E+06
 1533             0.316E+05             0.933E+06
 1534             0.317E+05             0.105E+07
 1535             0.317E+05             0.101E+07
 1536             0.318E+05             0.112E+07
 1537             0.318E+05             0.108E+07
 1538             0.318E+05             0.121E+07
 1539             0.318E+05             0.116E+07
 1540             0.319E+05             0.130E+07
 1541             0.319E+05             0.125E+07
 1542             0.320E+05             0.139E+07
 1543             0.320E+05             0.135E+07
 1544             0.321E+05             0.149E+07
 1545             0.321E+05             0.145E+07
 1546             0.322E+05             0.160E+07
 1547             0.322E+05             0.155E+07
 1548             0.323E+05             0.172E+07
 1549             0.323E+05             0.167E+07
 1550             0.323E+05             0.184E+07
 1551             0.323E+05             0.179E+07
 1552             0.324E+05             0.198E+07
 1553             0.324E+05             0.192E+07
 1554             0.325E+05             0.212E+07
 1555             0.325E+05             0.206E+07
 1556             0.326E+05             0.227E+07
 1557             0.326E+05             0.221E+07
 1558             0.327E+05             0.243E+07
 1559             0.327E+05             0.237E+07
 1560             0.328E+05             0.260E+07
 1561             0.328E+05             0.254E+07
 1562             0.329E+05             0.279E+07
 1563             0.329E+05             0.272E+07
 1564             0.330E+05             0.299E+07
 1565             0.330E+05             0.292E+07
 1566             0.331E+05             0.320E+07
 1567             0.331E+05             0.313E+07
 1568             0.332E+05             0.343E+07
 1569             0.332E+05             0.336E+07
 1570             0.333E+05             0.368E+07
 1571             0.333E+05             0.360E+07
 1572             0.334E+05             0.395E+07
 1573             0.334E+05             0.387E+07
 1574             0.335E+05             0.424E+07
 1575             0.335E+05             0.416E+07
 1576             0.336E+05             0.455E+07
 1577             0.336E+05             0.447E+07
 1578             0.338E+05             0.489E+07
 1579             0.338E+05             0.480E+07
 1580             0.339E+05             0.526E+07
 1581             0.339E+05             0.517E+07
 1582             0.340E+05             0.567E+07
 1583             0.340E+05             0.557E+07
 1584             0.341E+05             0.611E+07
 1585             0.341E+05             0.601E+07
 1586             0.343E+05             0.660E+07
 1587             0.343E+05             0.650E+07
 1588             0.344E+05             0.715E+07
 1589             0.344E+05             0.705E+07
 1590             0.346E+05             0.777E+07
 1591             0.346E+05             0.766E+07
 1592             0.347E+05             0.847E+07
 1593             0.347E+05             0.835E+07
 1594             0.349E+05             0.927E+07
 1595             0.349E+05             0.915E+07
 1596             0.351E+05             0.102E+08
 1597             0.351E+05             0.101E+08
 1598             0.353E+05             0.114E+08
 1599             0.353E+05             0.113E+08
 1600             0.356E+05             0.130E+08
 1601             0.356E+05             0.129E+08
