            -0.398E+01             0.960E-50
            -0.395E+01             0.747E-50
            -0.393E+01             0.942E-50
            -0.391E+01             0.126E-48
            -0.388E+01             0.917E-49
            -0.386E+01             0.907E-50
            -0.384E+01             0.231E-50
            -0.381E+01             0.362E-50
            -0.379E+01             0.281E-51
            -0.377E+01             0.315E-51
            -0.374E+01             0.192E-50
            -0.372E+01             0.177E-51
            -0.370E+01             0.544E-52
            -0.367E+01             0.117E-52
            -0.365E+01             0.419E-54
            -0.362E+01             0.318E-53
            -0.360E+01             0.473E-54
            -0.358E+01             0.141E-55
            -0.355E+01             0.940E-56
            -0.353E+01             0.549E-56
            -0.351E+01             0.205E-56
            -0.348E+01             0.101E-56
            -0.346E+01             0.659E-58
            -0.344E+01             0.843E-59
            -0.341E+01             0.824E-59
            -0.339E+01             0.223E-60
            -0.337E+01             0.870E-60
            -0.334E+01             0.208E-61
            -0.332E+01             0.893E-62
            -0.330E+01             0.728E-62
            -0.327E+01             0.481E-63
            -0.325E+01             0.432E-64
            -0.323E+01             0.129E-64
            -0.320E+01             0.878E-67
            -0.318E+01             0.173E-66
            -0.316E+01             0.171E-67
            -0.313E+01             0.534E-68
            -0.311E+01             0.418E-69
            -0.309E+01             0.806E-71
            -0.306E+01             0.233E-71
            -0.304E+01             0.925E-71
            -0.301E+01             0.302E-69
            -0.299E+01             0.353E-68
            -0.297E+01             0.335E-67
            -0.294E+01             0.440E-66
            -0.292E+01             0.492E-65
            -0.290E+01             0.701E-64
            -0.287E+01             0.840E-63
            -0.285E+01             0.102E-61
            -0.283E+01             0.120E-60
            -0.280E+01             0.138E-59
            -0.278E+01             0.158E-58
            -0.276E+01             0.177E-57
            -0.273E+01             0.194E-56
            -0.271E+01             0.208E-55
            -0.269E+01             0.220E-54
            -0.266E+01             0.228E-53
            -0.264E+01             0.231E-52
            -0.262E+01             0.230E-51
            -0.259E+01             0.225E-50
            -0.257E+01             0.216E-49
            -0.255E+01             0.203E-48
            -0.252E+01             0.187E-47
            -0.250E+01             0.169E-46
            -0.248E+01             0.150E-45
            -0.245E+01             0.130E-44
            -0.243E+01             0.111E-43
            -0.240E+01             0.930E-43
            -0.238E+01             0.762E-42
            -0.236E+01             0.612E-41
            -0.233E+01             0.482E-40
            -0.231E+01             0.372E-39
            -0.229E+01             0.282E-38
            -0.226E+01             0.209E-37
            -0.224E+01             0.152E-36
            -0.222E+01             0.108E-35
            -0.219E+01             0.755E-35
            -0.217E+01             0.517E-34
            -0.215E+01             0.346E-33
            -0.212E+01             0.227E-32
            -0.210E+01             0.146E-31
            -0.208E+01             0.922E-31
            -0.205E+01             0.569E-30
            -0.203E+01             0.344E-29
            -0.201E+01             0.204E-28
            -0.198E+01             0.118E-27
            -0.196E+01             0.671E-27
            -0.194E+01             0.373E-26
            -0.191E+01             0.203E-25
            -0.189E+01             0.108E-24
            -0.187E+01             0.567E-24
            -0.184E+01             0.290E-23
            -0.182E+01             0.145E-22
            -0.179E+01             0.710E-22
            -0.177E+01             0.340E-21
            -0.175E+01             0.160E-20
            -0.172E+01             0.734E-20
            -0.170E+01             0.330E-19
            -0.168E+01             0.145E-18
            -0.165E+01             0.624E-18
            -0.163E+01             0.263E-17
            -0.161E+01             0.108E-16
            -0.158E+01             0.436E-16
            -0.156E+01             0.172E-15
            -0.154E+01             0.663E-15
            -0.151E+01             0.250E-14
            -0.149E+01             0.921E-14
            -0.147E+01             0.332E-13
            -0.144E+01             0.117E-12
            -0.142E+01             0.403E-12
            -0.140E+01             0.136E-11
            -0.137E+01             0.447E-11
            -0.135E+01             0.144E-10
            -0.133E+01             0.453E-10
            -0.130E+01             0.139E-09
            -0.128E+01             0.417E-09
            -0.126E+01             0.122E-08
            -0.123E+01             0.351E-08
            -0.121E+01             0.981E-08
            -0.118E+01             0.268E-07
            -0.116E+01             0.715E-07
            -0.114E+01             0.186E-06
            -0.111E+01             0.474E-06
            -0.109E+01             0.117E-05
            -0.107E+01             0.284E-05
            -0.104E+01             0.672E-05
            -0.102E+01             0.155E-04
            -0.997E+00             0.348E-04
            -0.974E+00             0.762E-04
            -0.950E+00             0.163E-03
            -0.927E+00             0.338E-03
            -0.903E+00             0.686E-03
            -0.880E+00             0.135E-02
            -0.856E+00             0.260E-02
            -0.833E+00             0.487E-02
            -0.809E+00             0.886E-02
            -0.786E+00             0.157E-01
            -0.762E+00             0.270E-01
            -0.739E+00             0.451E-01
            -0.716E+00             0.731E-01
            -0.692E+00             0.115E+00
            -0.669E+00             0.175E+00
            -0.645E+00             0.259E+00
            -0.622E+00             0.370E+00
            -0.598E+00             0.511E+00
            -0.575E+00             0.680E+00
            -0.551E+00             0.872E+00
            -0.528E+00             0.107E+01
            -0.504E+00             0.127E+01
            -0.481E+00             0.143E+01
            -0.457E+00             0.153E+01
            -0.434E+00             0.154E+01
            -0.411E+00             0.145E+01
            -0.387E+00             0.126E+01
            -0.364E+00             0.994E+00
            -0.340E+00             0.678E+00
            -0.317E+00             0.371E+00
            -0.293E+00             0.131E+00
            -0.270E+00             0.905E-02
            -0.246E+00             0.315E-01
            -0.223E+00             0.193E+00
            -0.199E+00             0.452E+00
            -0.176E+00             0.741E+00
            -0.152E+00             0.979E+00
            -0.129E+00             0.110E+01
            -0.106E+00             0.106E+01
            -0.821E-01             0.878E+00
            -0.587E-01             0.598E+00
            -0.352E-01             0.303E+00
            -0.117E-01             0.820E-01
             0.117E-01             0.596E-26
             0.352E-01             0.820E-01
             0.587E-01             0.303E+00
             0.821E-01             0.598E+00
             0.106E+00             0.878E+00
             0.129E+00             0.106E+01
             0.152E+00             0.110E+01
             0.176E+00             0.979E+00
             0.199E+00             0.741E+00
             0.223E+00             0.452E+00
             0.246E+00             0.193E+00
             0.270E+00             0.315E-01
             0.293E+00             0.905E-02
             0.317E+00             0.131E+00
             0.340E+00             0.371E+00
             0.364E+00             0.678E+00
             0.387E+00             0.994E+00
             0.411E+00             0.126E+01
             0.434E+00             0.145E+01
             0.457E+00             0.154E+01
             0.481E+00             0.153E+01
             0.504E+00             0.143E+01
             0.528E+00             0.127E+01
             0.551E+00             0.107E+01
             0.575E+00             0.872E+00
             0.598E+00             0.680E+00
             0.622E+00             0.511E+00
             0.645E+00             0.370E+00
             0.669E+00             0.259E+00
             0.692E+00             0.175E+00
             0.716E+00             0.115E+00
             0.739E+00             0.731E-01
             0.762E+00             0.451E-01
             0.786E+00             0.270E-01
             0.809E+00             0.157E-01
             0.833E+00             0.886E-02
             0.856E+00             0.487E-02
             0.880E+00             0.260E-02
             0.903E+00             0.135E-02
             0.927E+00             0.686E-03
             0.950E+00             0.338E-03
             0.974E+00             0.163E-03
             0.997E+00             0.762E-04
             0.102E+01             0.348E-04
             0.104E+01             0.155E-04
             0.107E+01             0.672E-05
             0.109E+01             0.284E-05
             0.111E+01             0.117E-05
             0.114E+01             0.474E-06
             0.116E+01             0.186E-06
             0.118E+01             0.715E-07
             0.121E+01             0.268E-07
             0.123E+01             0.981E-08
             0.126E+01             0.351E-08
             0.128E+01             0.122E-08
             0.130E+01             0.417E-09
             0.133E+01             0.139E-09
             0.135E+01             0.453E-10
             0.137E+01             0.144E-10
             0.140E+01             0.447E-11
             0.142E+01             0.136E-11
             0.144E+01             0.403E-12
             0.147E+01             0.117E-12
             0.149E+01             0.332E-13
             0.151E+01             0.921E-14
             0.154E+01             0.250E-14
             0.156E+01             0.663E-15
             0.158E+01             0.172E-15
             0.161E+01             0.436E-16
             0.163E+01             0.108E-16
             0.165E+01             0.263E-17
             0.168E+01             0.624E-18
             0.170E+01             0.145E-18
             0.172E+01             0.330E-19
             0.175E+01             0.734E-20
             0.177E+01             0.160E-20
             0.179E+01             0.341E-21
             0.182E+01             0.710E-22
             0.184E+01             0.145E-22
             0.187E+01             0.290E-23
             0.189E+01             0.565E-24
             0.191E+01             0.108E-24
             0.194E+01             0.206E-25
             0.196E+01             0.383E-26
             0.198E+01             0.640E-27
             0.201E+01             0.121E-27
             0.203E+01             0.401E-28
             0.205E+01             0.371E-29
             0.208E+01             0.143E-29
             0.210E+01             0.369E-29
             0.212E+01             0.726E-31
             0.215E+01             0.622E-31
             0.217E+01             0.120E-29
             0.219E+01             0.698E-31
             0.222E+01             0.403E-30
             0.224E+01             0.405E-31
             0.226E+01             0.675E-30
             0.229E+01             0.278E-29
             0.231E+01             0.149E-29
             0.233E+01             0.251E-29
             0.236E+01             0.222E-31
             0.238E+01             0.160E-29
             0.240E+01             0.102E-29
             0.243E+01             0.115E-29
             0.245E+01             0.520E-30
             0.248E+01             0.186E-29
             0.250E+01             0.812E-32
             0.252E+01             0.344E-30
             0.255E+01             0.654E-30
             0.257E+01             0.189E-32
             0.259E+01             0.374E-30
             0.262E+01             0.338E-30
             0.264E+01             0.134E-29
             0.266E+01             0.694E-30
             0.269E+01             0.122E-29
             0.271E+01             0.598E-31
             0.273E+01             0.409E-30
             0.276E+01             0.473E-31
             0.278E+01             0.299E-30
             0.280E+01             0.152E-30
             0.283E+01             0.210E-30
             0.285E+01             0.138E-30
             0.287E+01             0.231E-30
             0.290E+01             0.232E-31
             0.292E+01             0.207E-30
             0.294E+01             0.958E-31
             0.297E+01             0.240E-30
             0.299E+01             0.258E-29
             0.301E+01             0.294E-30
             0.304E+01             0.332E-30
             0.306E+01             0.910E-30
             0.309E+01             0.752E-31
             0.311E+01             0.261E-30
             0.313E+01             0.231E-31
             0.316E+01             0.871E-30
             0.318E+01             0.984E-30
             0.320E+01             0.489E-32
             0.323E+01             0.229E-30
             0.325E+01             0.249E-31
             0.327E+01             0.377E-31
             0.330E+01             0.812E-31
             0.332E+01             0.194E-33
             0.334E+01             0.146E-30
             0.337E+01             0.221E-29
             0.339E+01             0.970E-30
             0.341E+01             0.383E-30
             0.344E+01             0.144E-31
             0.346E+01             0.145E-30
             0.348E+01             0.778E-30
             0.351E+01             0.377E-30
             0.353E+01             0.132E-29
             0.355E+01             0.216E-32
             0.358E+01             0.126E-31
             0.360E+01             0.502E-31
             0.362E+01             0.117E-29
             0.365E+01             0.114E-29
             0.367E+01             0.728E-32
             0.370E+01             0.255E-31
             0.372E+01             0.250E-30
             0.374E+01             0.283E-30
             0.377E+01             0.965E-30
             0.379E+01             0.127E-29
             0.381E+01             0.128E-29
             0.384E+01             0.828E-31
             0.386E+01             0.214E-29
             0.388E+01             0.123E-29
             0.391E+01             0.687E-39
             0.393E+01             0.264E-33
             0.395E+01             0.205E-29
             0.398E+01             0.341E-29
             0.400E+01             0.139E-31
