            -0.698E+01             0.308E-31
            -0.696E+01             0.539E-31
            -0.694E+01             0.111E-30
            -0.693E+01             0.188E-31
            -0.691E+01             0.140E-34
            -0.689E+01             0.634E-31
            -0.687E+01             0.224E-30
            -0.685E+01             0.243E-30
            -0.683E+01             0.148E-30
            -0.682E+01             0.165E-30
            -0.680E+01             0.124E-30
            -0.678E+01             0.150E-30
            -0.676E+01             0.344E-31
            -0.674E+01             0.141E-31
            -0.672E+01             0.352E-31
            -0.671E+01             0.131E-32
            -0.669E+01             0.291E-32
            -0.667E+01             0.250E-33
            -0.665E+01             0.721E-33
            -0.663E+01             0.776E-34
            -0.661E+01             0.454E-34
            -0.660E+01             0.751E-34
            -0.658E+01             0.373E-37
            -0.656E+01             0.450E-35
            -0.654E+01             0.463E-35
            -0.652E+01             0.119E-35
            -0.650E+01             0.124E-35
            -0.648E+01             0.746E-37
            -0.647E+01             0.360E-38
            -0.645E+01             0.600E-38
            -0.643E+01             0.881E-38
            -0.641E+01             0.166E-39
            -0.639E+01             0.400E-39
            -0.637E+01             0.365E-40
            -0.636E+01             0.122E-40
            -0.634E+01             0.996E-44
            -0.632E+01             0.229E-43
            -0.630E+01             0.377E-43
            -0.628E+01             0.929E-44
            -0.626E+01             0.612E-44
            -0.625E+01             0.249E-45
            -0.623E+01             0.763E-46
            -0.621E+01             0.595E-47
            -0.619E+01             0.638E-48
            -0.617E+01             0.613E-49
            -0.615E+01             0.558E-51
            -0.614E+01             0.535E-50
            -0.612E+01             0.123E-50
            -0.610E+01             0.152E-51
            -0.608E+01             0.602E-52
            -0.606E+01             0.649E-55
            -0.604E+01             0.554E-55
            -0.602E+01             0.515E-55
            -0.601E+01             0.317E-57
            -0.599E+01             0.546E-57
            -0.597E+01             0.721E-58
            -0.595E+01             0.280E-58
            -0.593E+01             0.308E-59
            -0.591E+01             0.451E-61
            -0.590E+01             0.142E-60
            -0.588E+01             0.177E-62
            -0.586E+01             0.693E-61
            -0.584E+01             0.591E-61
            -0.582E+01             0.197E-61
            -0.580E+01             0.186E-62
            -0.579E+01             0.796E-62
            -0.577E+01             0.103E-60
            -0.575E+01             0.421E-61
            -0.573E+01             0.181E-62
            -0.571E+01             0.762E-61
            -0.569E+01             0.176E-60
            -0.568E+01             0.197E-61
            -0.566E+01             0.352E-62
            -0.564E+01             0.123E-61
            -0.562E+01             0.531E-62
            -0.560E+01             0.567E-62
            -0.558E+01             0.804E-62
            -0.557E+01             0.140E-61
            -0.555E+01             0.493E-63
            -0.553E+01             0.148E-61
            -0.551E+01             0.254E-61
            -0.549E+01             0.326E-61
            -0.547E+01             0.170E-62
            -0.545E+01             0.362E-63
            -0.544E+01             0.308E-62
            -0.542E+01             0.459E-65
            -0.540E+01             0.217E-61
            -0.538E+01             0.115E-61
            -0.536E+01             0.730E-62
            -0.534E+01             0.563E-65
            -0.533E+01             0.799E-64
            -0.531E+01             0.417E-62
            -0.529E+01             0.205E-63
            -0.527E+01             0.864E-62
            -0.525E+01             0.761E-61
            -0.523E+01             0.152E-62
            -0.522E+01             0.325E-63
            -0.520E+01             0.183E-61
            -0.518E+01             0.333E-64
            -0.516E+01             0.238E-61
            -0.514E+01             0.567E-62
            -0.512E+01             0.153E-66
            -0.511E+01             0.194E-61
            -0.509E+01             0.886E-65
            -0.507E+01             0.745E-62
            -0.505E+01             0.139E-61
            -0.503E+01             0.136E-61
            -0.501E+01             0.167E-61
            -0.499E+01             0.128E-61
            -0.498E+01             0.379E-62
            -0.496E+01             0.396E-63
            -0.494E+01             0.338E-61
            -0.492E+01             0.678E-62
            -0.490E+01             0.515E-61
            -0.488E+01             0.161E-61
            -0.487E+01             0.465E-62
            -0.485E+01             0.255E-63
            -0.483E+01             0.142E-61
            -0.481E+01             0.126E-61
            -0.479E+01             0.547E-62
            -0.477E+01             0.929E-61
            -0.476E+01             0.239E-65
            -0.474E+01             0.179E-61
            -0.472E+01             0.569E-62
            -0.470E+01             0.132E-62
            -0.468E+01             0.137E-61
            -0.466E+01             0.150E-61
            -0.465E+01             0.507E-61
            -0.463E+01             0.766E-63
            -0.461E+01             0.132E-60
            -0.459E+01             0.924E-62
            -0.457E+01             0.272E-61
            -0.455E+01             0.213E-61
            -0.453E+01             0.257E-62
            -0.452E+01             0.147E-61
            -0.450E+01             0.103E-64
            -0.448E+01             0.326E-64
            -0.446E+01             0.200E-61
            -0.444E+01             0.241E-62
            -0.442E+01             0.473E-61
            -0.441E+01             0.334E-61
            -0.439E+01             0.103E-61
            -0.437E+01             0.191E-61
            -0.435E+01             0.249E-61
            -0.433E+01             0.869E-62
            -0.431E+01             0.128E-61
            -0.430E+01             0.106E-60
            -0.428E+01             0.913E-62
            -0.426E+01             0.161E-61
            -0.424E+01             0.968E-62
            -0.422E+01             0.101E-61
            -0.420E+01             0.133E-62
            -0.419E+01             0.389E-63
            -0.417E+01             0.334E-61
            -0.415E+01             0.166E-62
            -0.413E+01             0.215E-60
            -0.411E+01             0.202E-61
            -0.409E+01             0.390E-63
            -0.407E+01             0.164E-61
            -0.406E+01             0.762E-62
            -0.404E+01             0.478E-61
            -0.402E+01             0.115E-61
            -0.400E+01             0.931E-61
            -0.398E+01             0.425E-65
            -0.396E+01             0.567E-62
            -0.395E+01             0.945E-63
            -0.393E+01             0.125E-60
            -0.391E+01             0.650E-61
            -0.389E+01             0.245E-61
            -0.387E+01             0.773E-63
            -0.385E+01             0.190E-60
            -0.384E+01             0.757E-64
            -0.382E+01             0.173E-61
            -0.380E+01             0.229E-61
            -0.378E+01             0.120E-60
            -0.376E+01             0.529E-62
            -0.374E+01             0.788E-63
            -0.373E+01             0.506E-61
            -0.371E+01             0.647E-61
            -0.369E+01             0.811E-61
            -0.367E+01             0.696E-61
            -0.365E+01             0.500E-61
            -0.363E+01             0.582E-62
            -0.361E+01             0.498E-62
            -0.360E+01             0.245E-61
            -0.358E+01             0.109E-60
            -0.356E+01             0.160E-60
            -0.354E+01             0.265E-61
            -0.352E+01             0.114E-61
            -0.350E+01             0.173E-61
            -0.349E+01             0.212E-61
            -0.347E+01             0.117E-61
            -0.345E+01             0.586E-62
            -0.343E+01             0.106E-61
            -0.341E+01             0.176E-62
            -0.339E+01             0.167E-63
            -0.338E+01             0.293E-63
            -0.336E+01             0.523E-64
            -0.334E+01             0.256E-61
            -0.332E+01             0.485E-61
            -0.330E+01             0.800E-62
            -0.328E+01             0.183E-61
            -0.327E+01             0.429E-62
            -0.325E+01             0.534E-61
            -0.323E+01             0.166E-61
            -0.321E+01             0.443E-63
            -0.319E+01             0.108E-60
            -0.317E+01             0.381E-61
            -0.316E+01             0.121E-61
            -0.314E+01             0.956E-62
            -0.312E+01             0.490E-61
            -0.310E+01             0.710E-64
            -0.308E+01             0.145E-60
            -0.306E+01             0.553E-62
            -0.304E+01             0.884E-62
            -0.303E+01             0.138E-64
            -0.301E+01             0.913E-64
            -0.299E+01             0.102E-61
            -0.297E+01             0.264E-62
            -0.295E+01             0.359E-61
            -0.293E+01             0.458E-62
            -0.292E+01             0.221E-60
            -0.290E+01             0.140E-60
            -0.288E+01             0.361E-60
            -0.286E+01             0.269E-60
            -0.284E+01             0.207E-61
            -0.282E+01             0.419E-61
            -0.281E+01             0.830E-60
            -0.279E+01             0.792E-60
            -0.277E+01             0.239E-60
            -0.275E+01             0.205E-59
            -0.273E+01             0.919E-61
            -0.271E+01             0.621E-60
            -0.270E+01             0.120E-61
            -0.268E+01             0.820E-62
            -0.266E+01             0.453E-60
            -0.264E+01             0.533E-59
            -0.262E+01             0.191E-58
            -0.260E+01             0.106E-57
            -0.258E+01             0.880E-57
            -0.257E+01             0.531E-56
            -0.255E+01             0.331E-55
            -0.253E+01             0.204E-54
            -0.251E+01             0.124E-53
            -0.249E+01             0.743E-53
            -0.247E+01             0.439E-52
            -0.246E+01             0.257E-51
            -0.244E+01             0.148E-50
            -0.242E+01             0.844E-50
            -0.240E+01             0.475E-49
            -0.238E+01             0.264E-48
            -0.236E+01             0.145E-47
            -0.235E+01             0.787E-47
            -0.233E+01             0.421E-46
            -0.231E+01             0.223E-45
            -0.229E+01             0.117E-44
            -0.227E+01             0.601E-44
            -0.225E+01             0.306E-43
            -0.224E+01             0.154E-42
            -0.222E+01             0.767E-42
            -0.220E+01             0.376E-41
            -0.218E+01             0.182E-40
            -0.216E+01             0.873E-40
            -0.214E+01             0.413E-39
            -0.212E+01             0.193E-38
            -0.211E+01             0.888E-38
            -0.209E+01             0.404E-37
            -0.207E+01             0.182E-36
            -0.205E+01             0.806E-36
            -0.203E+01             0.353E-35
            -0.201E+01             0.153E-34
            -0.200E+01             0.653E-34
            -0.198E+01             0.275E-33
            -0.196E+01             0.115E-32
            -0.194E+01             0.471E-32
            -0.192E+01             0.191E-31
            -0.190E+01             0.767E-31
            -0.189E+01             0.304E-30
            -0.187E+01             0.119E-29
            -0.185E+01             0.458E-29
            -0.183E+01             0.174E-28
            -0.181E+01             0.655E-28
            -0.179E+01             0.243E-27
            -0.178E+01             0.891E-27
            -0.176E+01             0.322E-26
            -0.174E+01             0.115E-25
            -0.172E+01             0.406E-25
            -0.170E+01             0.141E-24
            -0.168E+01             0.485E-24
            -0.166E+01             0.164E-23
            -0.165E+01             0.551E-23
            -0.163E+01             0.182E-22
            -0.161E+01             0.593E-22
            -0.159E+01             0.191E-21
            -0.157E+01             0.607E-21
            -0.155E+01             0.190E-20
            -0.154E+01             0.590E-20
            -0.152E+01             0.180E-19
            -0.150E+01             0.544E-19
            -0.148E+01             0.162E-18
            -0.146E+01             0.476E-18
            -0.144E+01             0.138E-17
            -0.143E+01             0.395E-17
            -0.141E+01             0.112E-16
            -0.139E+01             0.311E-16
            -0.137E+01             0.857E-16
            -0.135E+01             0.233E-15
            -0.133E+01             0.624E-15
            -0.132E+01             0.165E-14
            -0.130E+01             0.431E-14
            -0.128E+01             0.111E-13
            -0.126E+01             0.283E-13
            -0.124E+01             0.710E-13
            -0.122E+01             0.176E-12
            -0.120E+01             0.430E-12
            -0.119E+01             0.104E-11
            -0.117E+01             0.247E-11
            -0.115E+01             0.580E-11
            -0.113E+01             0.135E-10
            -0.111E+01             0.308E-10
            -0.109E+01             0.695E-10
            -0.108E+01             0.155E-09
            -0.106E+01             0.340E-09
            -0.104E+01             0.739E-09
            -0.102E+01             0.158E-08
            -0.100E+01             0.334E-08
            -0.984E+00             0.697E-08
            -0.966E+00             0.143E-07
            -0.947E+00             0.291E-07
            -0.929E+00             0.582E-07
            -0.911E+00             0.115E-06
            -0.892E+00             0.224E-06
            -0.874E+00             0.432E-06
            -0.855E+00             0.820E-06
            -0.837E+00             0.154E-05
            -0.819E+00             0.284E-05
            -0.800E+00             0.518E-05
            -0.782E+00             0.932E-05
            -0.763E+00             0.165E-04
            -0.745E+00             0.290E-04
            -0.727E+00             0.501E-04
            -0.708E+00             0.855E-04
            -0.690E+00             0.144E-03
            -0.671E+00             0.239E-03
            -0.653E+00             0.391E-03
            -0.635E+00             0.632E-03
            -0.616E+00             0.101E-02
            -0.598E+00             0.159E-02
            -0.580E+00             0.246E-02
            -0.561E+00             0.377E-02
            -0.543E+00             0.569E-02
            -0.524E+00             0.849E-02
            -0.506E+00             0.125E-01
            -0.488E+00             0.181E-01
            -0.469E+00             0.259E-01
            -0.451E+00             0.366E-01
            -0.432E+00             0.510E-01
            -0.414E+00             0.701E-01
            -0.396E+00             0.951E-01
            -0.377E+00             0.127E+00
            -0.359E+00             0.168E+00
            -0.340E+00             0.219E+00
            -0.322E+00             0.281E+00
            -0.304E+00             0.356E+00
            -0.285E+00             0.445E+00
            -0.267E+00             0.550E+00
            -0.248E+00             0.669E+00
            -0.230E+00             0.803E+00
            -0.212E+00             0.951E+00
            -0.193E+00             0.111E+01
            -0.175E+00             0.128E+01
            -0.156E+00             0.146E+01
            -0.138E+00             0.164E+01
            -0.120E+00             0.181E+01
            -0.101E+00             0.198E+01
            -0.828E-01             0.213E+01
            -0.644E-01             0.227E+01
            -0.460E-01             0.238E+01
            -0.276E-01             0.246E+01
            -0.920E-02             0.251E+01
             0.920E-02             0.252E+01
             0.276E-01             0.251E+01
             0.460E-01             0.246E+01
             0.644E-01             0.238E+01
             0.828E-01             0.227E+01
             0.101E+00             0.213E+01
             0.120E+00             0.198E+01
             0.138E+00             0.181E+01
             0.156E+00             0.164E+01
             0.175E+00             0.146E+01
             0.193E+00             0.128E+01
             0.212E+00             0.111E+01
             0.230E+00             0.951E+00
             0.248E+00             0.803E+00
             0.267E+00             0.669E+00
             0.285E+00             0.550E+00
             0.304E+00             0.445E+00
             0.322E+00             0.356E+00
             0.340E+00             0.281E+00
             0.359E+00             0.219E+00
             0.377E+00             0.168E+00
             0.396E+00             0.127E+00
             0.414E+00             0.951E-01
             0.432E+00             0.701E-01
             0.451E+00             0.510E-01
             0.469E+00             0.366E-01
             0.488E+00             0.259E-01
             0.506E+00             0.181E-01
             0.524E+00             0.125E-01
             0.543E+00             0.849E-02
             0.561E+00             0.569E-02
             0.580E+00             0.377E-02
             0.598E+00             0.246E-02
             0.616E+00             0.159E-02
             0.635E+00             0.101E-02
             0.653E+00             0.632E-03
             0.671E+00             0.391E-03
             0.690E+00             0.239E-03
             0.708E+00             0.144E-03
             0.727E+00             0.855E-04
             0.745E+00             0.501E-04
             0.763E+00             0.290E-04
             0.782E+00             0.165E-04
             0.800E+00             0.932E-05
             0.819E+00             0.518E-05
             0.837E+00             0.284E-05
             0.855E+00             0.154E-05
             0.874E+00             0.820E-06
             0.892E+00             0.432E-06
             0.911E+00             0.224E-06
             0.929E+00             0.115E-06
             0.947E+00             0.582E-07
             0.966E+00             0.291E-07
             0.984E+00             0.143E-07
             0.100E+01             0.697E-08
             0.102E+01             0.334E-08
             0.104E+01             0.158E-08
             0.106E+01             0.739E-09
             0.108E+01             0.340E-09
             0.109E+01             0.155E-09
             0.111E+01             0.695E-10
             0.113E+01             0.308E-10
             0.115E+01             0.135E-10
             0.117E+01             0.580E-11
             0.119E+01             0.247E-11
             0.120E+01             0.104E-11
             0.122E+01             0.430E-12
             0.124E+01             0.176E-12
             0.126E+01             0.710E-13
             0.128E+01             0.283E-13
             0.130E+01             0.111E-13
             0.132E+01             0.431E-14
             0.133E+01             0.165E-14
             0.135E+01             0.624E-15
             0.137E+01             0.233E-15
             0.139E+01             0.857E-16
             0.141E+01             0.311E-16
             0.143E+01             0.112E-16
             0.144E+01             0.395E-17
             0.146E+01             0.138E-17
             0.148E+01             0.476E-18
             0.150E+01             0.162E-18
             0.152E+01             0.544E-19
             0.154E+01             0.180E-19
             0.155E+01             0.590E-20
             0.157E+01             0.190E-20
             0.159E+01             0.607E-21
             0.161E+01             0.191E-21
             0.163E+01             0.593E-22
             0.165E+01             0.182E-22
             0.166E+01             0.550E-23
             0.168E+01             0.165E-23
             0.170E+01             0.483E-24
             0.172E+01             0.143E-24
             0.174E+01             0.406E-25
             0.176E+01             0.116E-25
             0.178E+01             0.354E-26
             0.179E+01             0.996E-27
             0.181E+01             0.210E-27
             0.183E+01             0.213E-28
             0.185E+01             0.310E-28
             0.187E+01             0.458E-29
             0.189E+01             0.100E-30
             0.190E+01             0.282E-29
             0.192E+01             0.673E-31
             0.194E+01             0.199E-30
             0.196E+01             0.485E-29
             0.198E+01             0.227E-30
             0.200E+01             0.621E-29
             0.201E+01             0.429E-29
             0.203E+01             0.533E-29
             0.205E+01             0.407E-30
             0.207E+01             0.145E-30
             0.209E+01             0.187E-28
             0.211E+01             0.408E-29
             0.212E+01             0.977E-30
             0.214E+01             0.114E-28
             0.216E+01             0.125E-28
             0.218E+01             0.964E-29
             0.220E+01             0.101E-29
             0.222E+01             0.934E-30
             0.224E+01             0.174E-30
             0.225E+01             0.967E-30
             0.227E+01             0.238E-29
             0.229E+01             0.458E-30
             0.231E+01             0.118E-31
             0.233E+01             0.622E-29
             0.235E+01             0.163E-29
             0.236E+01             0.750E-32
             0.238E+01             0.670E-30
             0.240E+01             0.241E-29
             0.242E+01             0.706E-29
             0.244E+01             0.596E-29
             0.246E+01             0.258E-28
             0.247E+01             0.170E-29
             0.249E+01             0.241E-29
             0.251E+01             0.149E-29
             0.253E+01             0.120E-29
             0.255E+01             0.208E-29
             0.257E+01             0.146E-29
             0.258E+01             0.242E-31
             0.260E+01             0.268E-30
             0.262E+01             0.309E-31
             0.264E+01             0.425E-29
             0.266E+01             0.430E-29
             0.268E+01             0.530E-30
             0.270E+01             0.202E-29
             0.271E+01             0.172E-30
             0.273E+01             0.300E-29
             0.275E+01             0.260E-30
             0.277E+01             0.288E-29
             0.279E+01             0.194E-29
             0.281E+01             0.113E-28
             0.282E+01             0.379E-29
             0.284E+01             0.251E-29
             0.286E+01             0.713E-30
             0.288E+01             0.194E-30
             0.290E+01             0.243E-29
             0.292E+01             0.907E-29
             0.293E+01             0.733E-29
             0.295E+01             0.551E-29
             0.297E+01             0.726E-29
             0.299E+01             0.604E-29
             0.301E+01             0.136E-29
             0.303E+01             0.268E-29
             0.304E+01             0.549E-31
             0.306E+01             0.188E-30
             0.308E+01             0.287E-29
             0.310E+01             0.520E-30
             0.312E+01             0.579E-30
             0.314E+01             0.798E-29
             0.316E+01             0.287E-29
             0.317E+01             0.170E-30
             0.319E+01             0.257E-30
             0.321E+01             0.570E-32
             0.323E+01             0.843E-30
             0.325E+01             0.395E-29
             0.327E+01             0.713E-29
             0.328E+01             0.389E-30
             0.330E+01             0.745E-30
             0.332E+01             0.124E-30
             0.334E+01             0.213E-30
             0.336E+01             0.325E-30
             0.338E+01             0.129E-29
             0.339E+01             0.938E-29
             0.341E+01             0.964E-29
             0.343E+01             0.719E-32
             0.345E+01             0.681E-30
             0.347E+01             0.133E-29
             0.349E+01             0.437E-33
             0.350E+01             0.391E-32
             0.352E+01             0.641E-31
             0.354E+01             0.537E-31
             0.356E+01             0.484E-29
             0.358E+01             0.388E-30
             0.360E+01             0.268E-30
             0.361E+01             0.140E-29
             0.363E+01             0.235E-30
             0.365E+01             0.798E-30
             0.367E+01             0.847E-30
             0.369E+01             0.418E-32
             0.371E+01             0.798E-31
             0.373E+01             0.242E-29
             0.374E+01             0.936E-30
             0.376E+01             0.414E-30
             0.378E+01             0.140E-29
             0.380E+01             0.235E-29
             0.382E+01             0.214E-30
             0.384E+01             0.573E-32
             0.385E+01             0.192E-30
             0.387E+01             0.256E-29
             0.389E+01             0.239E-29
             0.391E+01             0.151E-30
             0.393E+01             0.331E-32
             0.395E+01             0.114E-31
             0.396E+01             0.790E-30
             0.398E+01             0.119E-29
             0.400E+01             0.223E-30
             0.402E+01             0.252E-30
             0.404E+01             0.126E-31
             0.406E+01             0.146E-29
             0.407E+01             0.282E-30
             0.409E+01             0.272E-31
             0.411E+01             0.163E-30
             0.413E+01             0.139E-29
             0.415E+01             0.343E-31
             0.417E+01             0.275E-32
             0.419E+01             0.553E-31
             0.420E+01             0.335E-29
             0.422E+01             0.222E-31
             0.424E+01             0.111E-30
             0.426E+01             0.900E-30
             0.428E+01             0.266E-29
             0.430E+01             0.889E-30
             0.431E+01             0.480E-31
             0.433E+01             0.284E-30
             0.435E+01             0.532E-30
             0.437E+01             0.251E-30
             0.439E+01             0.142E-30
             0.441E+01             0.228E-29
             0.442E+01             0.109E-29
             0.444E+01             0.113E-29
             0.446E+01             0.176E-29
             0.448E+01             0.665E-30
             0.450E+01             0.694E-31
             0.452E+01             0.605E-32
             0.453E+01             0.646E-32
             0.455E+01             0.430E-30
             0.457E+01             0.923E-30
             0.459E+01             0.235E-30
             0.461E+01             0.980E-30
             0.463E+01             0.367E-32
             0.465E+01             0.484E-30
             0.466E+01             0.228E-30
             0.468E+01             0.124E-33
             0.470E+01             0.951E-30
             0.472E+01             0.550E-30
             0.474E+01             0.942E-30
             0.476E+01             0.153E-30
             0.477E+01             0.107E-31
             0.479E+01             0.102E-30
             0.481E+01             0.108E-29
             0.483E+01             0.128E-29
             0.485E+01             0.294E-34
             0.487E+01             0.170E-30
             0.488E+01             0.181E-29
             0.490E+01             0.439E-29
             0.492E+01             0.308E-29
             0.494E+01             0.487E-30
             0.496E+01             0.290E-31
             0.498E+01             0.255E-30
             0.499E+01             0.248E-30
             0.501E+01             0.292E-29
             0.503E+01             0.298E-29
             0.505E+01             0.253E-30
             0.507E+01             0.446E-29
             0.509E+01             0.272E-31
             0.511E+01             0.295E-30
             0.512E+01             0.501E-30
             0.514E+01             0.254E-30
             0.516E+01             0.279E-29
             0.518E+01             0.116E-29
             0.520E+01             0.709E-30
             0.522E+01             0.372E-31
             0.523E+01             0.139E-29
             0.525E+01             0.175E-30
             0.527E+01             0.576E-31
             0.529E+01             0.234E-30
             0.531E+01             0.417E-31
             0.533E+01             0.155E-29
             0.534E+01             0.153E-30
             0.536E+01             0.206E-29
             0.538E+01             0.174E-29
             0.540E+01             0.210E-30
             0.542E+01             0.266E-31
             0.544E+01             0.142E-31
             0.545E+01             0.116E-29
             0.547E+01             0.124E-31
             0.549E+01             0.489E-30
             0.551E+01             0.585E-30
             0.553E+01             0.781E-30
             0.555E+01             0.473E-30
             0.557E+01             0.234E-31
             0.558E+01             0.421E-30
             0.560E+01             0.112E-29
             0.562E+01             0.196E-29
             0.564E+01             0.299E-29
             0.566E+01             0.212E-29
             0.568E+01             0.548E-31
             0.569E+01             0.157E-30
             0.571E+01             0.109E-29
             0.573E+01             0.150E-29
             0.575E+01             0.775E-30
             0.577E+01             0.159E-29
             0.579E+01             0.189E-29
             0.580E+01             0.145E-29
             0.582E+01             0.239E-31
             0.584E+01             0.200E-31
             0.586E+01             0.429E-30
             0.588E+01             0.717E-30
             0.590E+01             0.846E-30
             0.591E+01             0.249E-29
             0.593E+01             0.315E-30
             0.595E+01             0.186E-29
             0.597E+01             0.150E-29
             0.599E+01             0.150E-34
             0.601E+01             0.274E-31
             0.602E+01             0.132E-29
             0.604E+01             0.289E-30
             0.606E+01             0.834E-30
             0.608E+01             0.153E-30
             0.610E+01             0.327E-29
             0.612E+01             0.283E-33
             0.614E+01             0.227E-30
             0.615E+01             0.101E-32
             0.617E+01             0.343E-29
             0.619E+01             0.534E-29
             0.621E+01             0.218E-29
             0.623E+01             0.151E-29
             0.625E+01             0.381E-33
             0.626E+01             0.270E-31
             0.628E+01             0.165E-30
             0.630E+01             0.111E-29
             0.632E+01             0.166E-34
             0.634E+01             0.633E-30
             0.636E+01             0.365E-29
             0.637E+01             0.562E-29
             0.639E+01             0.902E-30
             0.641E+01             0.883E-30
             0.643E+01             0.206E-29
             0.645E+01             0.763E-31
             0.647E+01             0.475E-30
             0.648E+01             0.227E-29
             0.650E+01             0.310E-31
             0.652E+01             0.575E-30
             0.654E+01             0.130E-29
             0.656E+01             0.430E-30
             0.658E+01             0.327E-29
             0.660E+01             0.621E-31
             0.661E+01             0.213E-29
             0.663E+01             0.175E-30
             0.665E+01             0.105E-29
             0.667E+01             0.168E-31
             0.669E+01             0.626E-30
             0.671E+01             0.315E-30
             0.672E+01             0.178E-30
             0.674E+01             0.711E-31
             0.676E+01             0.338E-30
             0.678E+01             0.654E-30
             0.680E+01             0.543E-30
             0.682E+01             0.220E-31
             0.683E+01             0.369E-31
             0.685E+01             0.544E-30
             0.687E+01             0.416E-31
             0.689E+01             0.152E-31
             0.691E+01             0.153E-31
             0.693E+01             0.730E-32
             0.694E+01             0.368E-30
             0.696E+01             0.306E-31
             0.698E+01             0.142E-31
             0.700E+01             0.194E-29
