            -0.997E+01             0.000E+00
            -0.994E+01             0.000E+00
            -0.990E+01             0.000E+00
            -0.987E+01             0.000E+00
            -0.984E+01             0.000E+00
            -0.981E+01             0.000E+00
            -0.977E+01             0.000E+00
            -0.974E+01             0.000E+00
            -0.971E+01             0.000E+00
            -0.968E+01             0.000E+00
            -0.965E+01             0.000E+00
            -0.961E+01             0.000E+00
            -0.958E+01             0.000E+00
            -0.955E+01             0.000E+00
            -0.952E+01             0.000E+00
            -0.948E+01             0.000E+00
            -0.945E+01             0.000E+00
            -0.942E+01             0.000E+00
            -0.939E+01             0.000E+00
            -0.936E+01             0.000E+00
            -0.932E+01             0.000E+00
            -0.929E+01             0.000E+00
            -0.926E+01             0.000E+00
            -0.923E+01             0.000E+00
            -0.919E+01             0.000E+00
            -0.916E+01             0.000E+00
            -0.913E+01             0.000E+00
            -0.910E+01             0.000E+00
            -0.907E+01             0.000E+00
            -0.903E+01             0.000E+00
            -0.900E+01             0.000E+00
            -0.897E+01             0.000E+00
            -0.894E+01             0.000E+00
            -0.890E+01             0.000E+00
            -0.887E+01             0.000E+00
            -0.884E+01             0.000E+00
            -0.881E+01             0.000E+00
            -0.878E+01             0.000E+00
            -0.874E+01             0.000E+00
            -0.871E+01             0.000E+00
            -0.868E+01             0.000E+00
            -0.865E+01             0.000E+00
            -0.862E+01             0.000E+00
            -0.858E+01             0.000E+00
            -0.855E+01             0.000E+00
            -0.852E+01             0.000E+00
            -0.849E+01             0.000E+00
            -0.845E+01             0.000E+00
            -0.842E+01             0.000E+00
            -0.839E+01             0.000E+00
            -0.836E+01             0.000E+00
            -0.833E+01             0.000E+00
            -0.829E+01             0.000E+00
            -0.826E+01             0.000E+00
            -0.823E+01             0.000E+00
            -0.820E+01             0.000E+00
            -0.816E+01             0.000E+00
            -0.813E+01             0.000E+00
            -0.810E+01             0.000E+00
            -0.807E+01             0.000E+00
            -0.804E+01             0.000E+00
            -0.800E+01             0.000E+00
            -0.797E+01             0.000E+00
            -0.794E+01             0.000E+00
            -0.791E+01             0.000E+00
            -0.787E+01             0.000E+00
            -0.784E+01             0.000E+00
            -0.781E+01             0.000E+00
            -0.778E+01             0.000E+00
            -0.775E+01             0.000E+00
            -0.771E+01             0.000E+00
            -0.768E+01             0.000E+00
            -0.765E+01             0.000E+00
            -0.762E+01             0.000E+00
            -0.758E+01             0.000E+00
            -0.755E+01             0.000E+00
            -0.752E+01             0.000E+00
            -0.749E+01             0.000E+00
            -0.746E+01             0.000E+00
            -0.742E+01             0.000E+00
            -0.739E+01             0.000E+00
            -0.736E+01             0.000E+00
            -0.733E+01             0.000E+00
            -0.729E+01             0.000E+00
            -0.726E+01             0.000E+00
            -0.723E+01             0.000E+00
            -0.720E+01             0.000E+00
            -0.717E+01             0.459-321
            -0.713E+01             0.000E+00
            -0.710E+01             0.885-316
            -0.707E+01             0.364-314
            -0.704E+01             0.274-311
            -0.700E+01             0.104-308
            -0.697E+01             0.155-307
            -0.694E+01             0.101-302
            -0.691E+01             0.282-301
            -0.688E+01             0.960-298
            -0.684E+01             0.184-297
            -0.681E+01             0.992-294
            -0.678E+01             0.576-291
            -0.675E+01             0.234-288
            -0.671E+01             0.891-286
            -0.668E+01             0.299-284
            -0.665E+01             0.462-281
            -0.662E+01             0.773-280
            -0.659E+01             0.488-276
            -0.655E+01             0.509-272
            -0.652E+01             0.116-270
            -0.649E+01             0.145-268
            -0.646E+01             0.438-265
            -0.643E+01             0.799-264
            -0.639E+01             0.185-260
            -0.636E+01             0.303-257
            -0.633E+01             0.621-257
            -0.630E+01             0.260-253
            -0.626E+01             0.723-255
            -0.623E+01             0.296-248
            -0.620E+01             0.888-246
            -0.617E+01             0.234-243
            -0.614E+01             0.663-241
            -0.610E+01             0.568-239
            -0.607E+01             0.471-238
            -0.604E+01             0.188-233
            -0.601E+01             0.635-232
            -0.597E+01             0.112-230
            -0.594E+01             0.808-228
            -0.591E+01             0.175-225
            -0.588E+01             0.104-221
            -0.585E+01             0.211-220
            -0.581E+01             0.118-218
            -0.578E+01             0.495-217
            -0.575E+01             0.128-213
            -0.572E+01             0.759-212
            -0.568E+01             0.537-211
            -0.565E+01             0.403-209
            -0.562E+01             0.606-206
            -0.559E+01             0.256-203
            -0.556E+01             0.886-202
            -0.552E+01             0.485-201
            -0.549E+01             0.158-195
            -0.546E+01             0.149-195
            -0.543E+01             0.174-192
            -0.539E+01             0.256-189
            -0.536E+01             0.996-192
            -0.533E+01             0.295-185
            -0.530E+01             0.904-183
            -0.527E+01             0.672-182
            -0.523E+01             0.557-179
            -0.520E+01             0.286-176
            -0.517E+01             0.476-175
            -0.514E+01             0.212-174
            -0.510E+01             0.400-170
            -0.507E+01             0.361-168
            -0.504E+01             0.241-166
            -0.501E+01             0.128-166
            -0.498E+01             0.180-164
            -0.494E+01             0.167-161
            -0.491E+01             0.412-161
            -0.488E+01             0.170-155
            -0.485E+01             0.791-156
            -0.481E+01             0.618-154
            -0.478E+01             0.106-150
            -0.475E+01             0.323-151
            -0.472E+01             0.980-150
            -0.469E+01             0.139-145
            -0.465E+01             0.466-146
            -0.462E+01             0.707-143
            -0.459E+01             0.492-139
            -0.456E+01             0.544-141
            -0.452E+01             0.162-138
            -0.449E+01             0.148-134
            -0.446E+01             0.551-133
            -0.443E+01             0.539-133
            -0.440E+01             0.307-128
            -0.436E+01             0.340-129
            -0.433E+01             0.961-127
            -0.430E+01             0.493-125
            -0.427E+01             0.190-121
            -0.424E+01             0.814-121
            -0.420E+01             0.568-119
            -0.417E+01             0.249-116
            -0.414E+01             0.422-116
            -0.411E+01             0.115-114
            -0.407E+01             0.344-115
            -0.404E+01             0.221-112
            -0.401E+01             0.560-110
            -0.398E+01             0.317-108
            -0.395E+01             0.736-107
            -0.391E+01             0.149-104
            -0.388E+01             0.134-106
            -0.385E+01             0.286-102
            -0.382E+01             0.970-100
            -0.378E+01             0.638E-99
            -0.375E+01             0.232E-99
            -0.372E+01             0.258E-95
            -0.369E+01             0.366E-94
            -0.366E+01             0.157E-95
            -0.362E+01             0.793E-92
            -0.359E+01             0.759E-92
            -0.356E+01             0.148E-93
            -0.353E+01             0.520E-91
            -0.349E+01             0.122E-86
            -0.346E+01             0.679E-85
            -0.343E+01             0.256E-86
            -0.340E+01             0.271E-83
            -0.337E+01             0.174E-85
            -0.333E+01             0.529E-82
            -0.330E+01             0.280E-81
            -0.327E+01             0.181E-78
            -0.324E+01             0.158E-77
            -0.320E+01             0.407E-77
            -0.317E+01             0.773E-77
            -0.314E+01             0.371E-76
            -0.311E+01             0.562E-74
            -0.308E+01             0.551E-75
            -0.304E+01             0.334E-72
            -0.301E+01             0.422E-71
            -0.298E+01             0.741E-71
            -0.295E+01             0.844E-69
            -0.291E+01             0.288E-67
            -0.288E+01             0.702E-66
            -0.285E+01             0.217E-64
            -0.282E+01             0.549E-63
            -0.279E+01             0.144E-61
            -0.275E+01             0.358E-60
            -0.272E+01             0.865E-59
            -0.269E+01             0.203E-57
            -0.266E+01             0.462E-56
            -0.262E+01             0.102E-54
            -0.259E+01             0.217E-53
            -0.256E+01             0.448E-52
            -0.253E+01             0.896E-51
            -0.250E+01             0.173E-49
            -0.246E+01             0.325E-48
            -0.243E+01             0.589E-47
            -0.240E+01             0.103E-45
            -0.237E+01             0.175E-44
            -0.233E+01             0.288E-43
            -0.230E+01             0.457E-42
            -0.227E+01             0.702E-41
            -0.224E+01             0.104E-39
            -0.221E+01             0.149E-38
            -0.217E+01             0.207E-37
            -0.214E+01             0.277E-36
            -0.211E+01             0.358E-35
            -0.208E+01             0.448E-34
            -0.205E+01             0.540E-33
            -0.201E+01             0.629E-32
            -0.198E+01             0.707E-31
            -0.195E+01             0.767E-30
            -0.192E+01             0.803E-29
            -0.188E+01             0.811E-28
            -0.185E+01             0.790E-27
            -0.182E+01             0.743E-26
            -0.179E+01             0.673E-25
            -0.176E+01             0.588E-24
            -0.172E+01             0.495E-23
            -0.169E+01             0.401E-22
            -0.166E+01             0.314E-21
            -0.163E+01             0.236E-20
            -0.159E+01             0.171E-19
            -0.156E+01             0.120E-18
            -0.153E+01             0.803E-18
            -0.150E+01             0.520E-17
            -0.147E+01             0.324E-16
            -0.143E+01             0.194E-15
            -0.140E+01             0.112E-14
            -0.137E+01             0.620E-14
            -0.134E+01             0.330E-13
            -0.130E+01             0.169E-12
            -0.127E+01             0.834E-12
            -0.124E+01             0.395E-11
            -0.121E+01             0.180E-10
            -0.118E+01             0.785E-10
            -0.114E+01             0.330E-09
            -0.111E+01             0.133E-08
            -0.108E+01             0.514E-08
            -0.105E+01             0.191E-07
            -0.101E+01             0.680E-07
            -0.982E+00             0.232E-06
            -0.950E+00             0.762E-06
            -0.918E+00             0.239E-05
            -0.886E+00             0.721E-05
            -0.853E+00             0.208E-04
            -0.821E+00             0.576E-04
            -0.789E+00             0.153E-03
            -0.757E+00             0.387E-03
            -0.725E+00             0.939E-03
            -0.692E+00             0.218E-02
            -0.660E+00             0.484E-02
            -0.628E+00             0.103E-01
            -0.596E+00             0.208E-01
            -0.564E+00             0.402E-01
            -0.531E+00             0.742E-01
            -0.499E+00             0.130E+00
            -0.467E+00             0.218E+00
            -0.435E+00             0.348E+00
            -0.403E+00             0.526E+00
            -0.370E+00             0.754E+00
            -0.338E+00             0.102E+01
            -0.306E+00             0.131E+01
            -0.274E+00             0.158E+01
            -0.242E+00             0.178E+01
            -0.209E+00             0.186E+01
            -0.177E+00             0.179E+01
            -0.145E+00             0.157E+01
            -0.113E+00             0.121E+01
            -0.805E-01             0.787E+00
            -0.483E-01             0.388E+00
            -0.161E-01             0.103E+00
             0.161E-01             0.117E-26
             0.483E-01             0.103E+00
             0.805E-01             0.388E+00
             0.113E+00             0.787E+00
             0.145E+00             0.121E+01
             0.177E+00             0.157E+01
             0.209E+00             0.179E+01
             0.242E+00             0.186E+01
             0.274E+00             0.178E+01
             0.306E+00             0.158E+01
             0.338E+00             0.131E+01
             0.370E+00             0.102E+01
             0.403E+00             0.754E+00
             0.435E+00             0.526E+00
             0.467E+00             0.348E+00
             0.499E+00             0.218E+00
             0.531E+00             0.130E+00
             0.564E+00             0.742E-01
             0.596E+00             0.402E-01
             0.628E+00             0.208E-01
             0.660E+00             0.103E-01
             0.692E+00             0.484E-02
             0.725E+00             0.218E-02
             0.757E+00             0.939E-03
             0.789E+00             0.387E-03
             0.821E+00             0.153E-03
             0.853E+00             0.576E-04
             0.886E+00             0.208E-04
             0.918E+00             0.721E-05
             0.950E+00             0.239E-05
             0.982E+00             0.762E-06
             0.101E+01             0.232E-06
             0.105E+01             0.680E-07
             0.108E+01             0.191E-07
             0.111E+01             0.514E-08
             0.114E+01             0.133E-08
             0.118E+01             0.330E-09
             0.121E+01             0.785E-10
             0.124E+01             0.180E-10
             0.127E+01             0.395E-11
             0.130E+01             0.834E-12
             0.134E+01             0.169E-12
             0.137E+01             0.330E-13
             0.140E+01             0.620E-14
             0.143E+01             0.112E-14
             0.147E+01             0.194E-15
             0.150E+01             0.324E-16
             0.153E+01             0.520E-17
             0.156E+01             0.803E-18
             0.159E+01             0.120E-18
             0.163E+01             0.171E-19
             0.166E+01             0.236E-20
             0.169E+01             0.314E-21
             0.172E+01             0.401E-22
             0.176E+01             0.495E-23
             0.179E+01             0.590E-24
             0.182E+01             0.671E-25
             0.185E+01             0.796E-26
             0.188E+01             0.777E-27
             0.192E+01             0.120E-27
             0.195E+01             0.121E-28
             0.198E+01             0.237E-28
             0.201E+01             0.978E-29
             0.205E+01             0.451E-29
             0.208E+01             0.259E-29
             0.211E+01             0.454E-31
             0.214E+01             0.115E-28
             0.217E+01             0.145E-28
             0.221E+01             0.284E-29
             0.224E+01             0.357E-29
             0.227E+01             0.162E-29
             0.230E+01             0.878E-30
             0.233E+01             0.156E-30
             0.237E+01             0.272E-30
             0.240E+01             0.122E-30
             0.243E+01             0.593E-30
             0.246E+01             0.471E-29
             0.250E+01             0.108E-32
             0.253E+01             0.117E-28
             0.256E+01             0.616E-30
             0.259E+01             0.115E-29
             0.262E+01             0.777E-30
             0.266E+01             0.127E-30
             0.269E+01             0.646E-29
             0.272E+01             0.942E-30
             0.275E+01             0.330E-29
             0.279E+01             0.267E-29
             0.282E+01             0.267E-30
             0.285E+01             0.240E-29
             0.288E+01             0.212E-30
             0.291E+01             0.301E-31
             0.295E+01             0.261E-30
             0.298E+01             0.254E-30
             0.301E+01             0.163E-29
             0.304E+01             0.484E-30
             0.308E+01             0.148E-30
             0.311E+01             0.130E-29
             0.314E+01             0.153E-33
             0.317E+01             0.706E-32
             0.320E+01             0.159E-29
             0.324E+01             0.311E-32
             0.327E+01             0.299E-30
             0.330E+01             0.892E-32
             0.333E+01             0.269E-33
             0.337E+01             0.142E-29
             0.340E+01             0.171E-29
             0.343E+01             0.422E-31
             0.346E+01             0.249E-30
             0.349E+01             0.817E-33
             0.353E+01             0.331E-30
             0.356E+01             0.262E-30
             0.359E+01             0.143E-31
             0.362E+01             0.684E-31
             0.366E+01             0.437E-30
             0.369E+01             0.561E-30
             0.372E+01             0.281E-30
             0.375E+01             0.126E-30
             0.378E+01             0.134E-31
             0.382E+01             0.162E-31
             0.385E+01             0.354E-30
             0.388E+01             0.103E-31
             0.391E+01             0.206E-34
             0.395E+01             0.604E-30
             0.398E+01             0.147E-30
             0.401E+01             0.563E-33
             0.404E+01             0.812E-33
             0.407E+01             0.594E-31
             0.411E+01             0.163E-30
             0.414E+01             0.324E-30
             0.417E+01             0.157E-30
             0.420E+01             0.748E-31
             0.424E+01             0.666E-31
             0.427E+01             0.159E-32
             0.430E+01             0.119E-29
             0.433E+01             0.639E-31
             0.436E+01             0.169E-29
             0.440E+01             0.136E-30
             0.443E+01             0.356E-30
             0.446E+01             0.681E-30
             0.449E+01             0.571E-31
             0.452E+01             0.963E-30
             0.456E+01             0.151E-30
             0.459E+01             0.225E-31
             0.462E+01             0.662E-30
             0.465E+01             0.249E-31
             0.469E+01             0.216E-30
             0.472E+01             0.881E-31
             0.475E+01             0.970E-30
             0.478E+01             0.332E-30
             0.481E+01             0.236E-30
             0.485E+01             0.149E-29
             0.488E+01             0.521E-31
             0.491E+01             0.238E-32
             0.494E+01             0.609E-30
             0.498E+01             0.603E-30
             0.501E+01             0.249E-30
             0.504E+01             0.241E-30
             0.507E+01             0.133E-29
             0.510E+01             0.220E-30
             0.514E+01             0.166E-30
             0.517E+01             0.172E-30
             0.520E+01             0.450E-30
             0.523E+01             0.360E-30
             0.527E+01             0.504E-30
             0.530E+01             0.563E-30
             0.533E+01             0.133E-29
             0.536E+01             0.244E-31
             0.539E+01             0.142E-29
             0.543E+01             0.421E-30
             0.546E+01             0.389E-30
             0.549E+01             0.972E-31
             0.552E+01             0.314E-30
             0.556E+01             0.333E-30
             0.559E+01             0.348E-29
             0.562E+01             0.490E-30
             0.565E+01             0.252E-30
             0.568E+01             0.250E-30
             0.572E+01             0.228E-29
             0.575E+01             0.540E-29
             0.578E+01             0.717E-29
             0.581E+01             0.227E-30
             0.585E+01             0.644E-29
             0.588E+01             0.665E-30
             0.591E+01             0.138E-29
             0.594E+01             0.242E-29
             0.597E+01             0.448E-29
             0.601E+01             0.936E-31
             0.604E+01             0.930E-29
             0.607E+01             0.104E-29
             0.610E+01             0.389E-30
             0.614E+01             0.606E-29
             0.617E+01             0.531E-29
             0.620E+01             0.120E-29
             0.623E+01             0.569E-32
             0.626E+01             0.735E-32
             0.630E+01             0.172E-31
             0.633E+01             0.128E-29
             0.636E+01             0.147E-29
             0.639E+01             0.229E-30
             0.643E+01             0.241E-30
             0.646E+01             0.560E-29
             0.649E+01             0.859E-31
             0.652E+01             0.293E-30
             0.655E+01             0.133E-29
             0.659E+01             0.581E-29
             0.662E+01             0.379E-30
             0.665E+01             0.137E-30
             0.668E+01             0.110E-32
             0.671E+01             0.175E-30
             0.675E+01             0.659E-32
             0.678E+01             0.546E-29
             0.681E+01             0.755E-30
             0.684E+01             0.494E-31
             0.688E+01             0.596E-33
             0.691E+01             0.533E-31
             0.694E+01             0.396E-30
             0.697E+01             0.224E-31
             0.700E+01             0.635E-31
             0.704E+01             0.120E-29
             0.707E+01             0.193E-29
             0.710E+01             0.179E-29
             0.713E+01             0.183E-30
             0.717E+01             0.163E-30
             0.720E+01             0.103E-30
             0.723E+01             0.111E-30
             0.726E+01             0.160E-32
             0.729E+01             0.591E-34
             0.733E+01             0.296E-33
             0.736E+01             0.120E-31
             0.739E+01             0.253E-33
             0.742E+01             0.103E-34
             0.746E+01             0.115E-34
             0.749E+01             0.209E-35
             0.752E+01             0.766E-35
             0.755E+01             0.460E-37
             0.758E+01             0.389E-36
             0.762E+01             0.766E-37
             0.765E+01             0.220E-37
             0.768E+01             0.259E-38
             0.771E+01             0.131E-39
             0.775E+01             0.462E-40
             0.778E+01             0.227E-40
             0.781E+01             0.377E-42
             0.784E+01             0.494E-43
             0.787E+01             0.877E-45
             0.791E+01             0.459E-45
             0.794E+01             0.271E-46
             0.797E+01             0.109E-47
             0.800E+01             0.684E-48
             0.804E+01             0.319E-50
             0.807E+01             0.252E-50
             0.810E+01             0.362E-51
             0.813E+01             0.640E-54
             0.816E+01             0.848E-54
             0.820E+01             0.177E-55
             0.823E+01             0.625E-56
             0.826E+01             0.781E-58
             0.829E+01             0.218E-60
             0.833E+01             0.720E-61
             0.836E+01             0.248E-59
             0.839E+01             0.986E-61
             0.842E+01             0.128E-60
             0.845E+01             0.743E-60
             0.849E+01             0.505E-59
             0.852E+01             0.227E-59
             0.855E+01             0.761E-60
             0.858E+01             0.129E-58
             0.862E+01             0.133E-59
             0.865E+01             0.192E-59
             0.868E+01             0.928E-60
             0.871E+01             0.189E-59
             0.874E+01             0.196E-59
             0.878E+01             0.660E-59
             0.881E+01             0.877E-59
             0.884E+01             0.140E-59
             0.887E+01             0.316E-59
             0.890E+01             0.203E-60
             0.894E+01             0.471E-59
             0.897E+01             0.200E-61
             0.900E+01             0.525E-59
             0.903E+01             0.634E-59
             0.907E+01             0.332E-59
             0.910E+01             0.346E-59
             0.913E+01             0.277E-59
             0.916E+01             0.104E-58
             0.919E+01             0.229E-59
             0.923E+01             0.694E-61
             0.926E+01             0.355E-60
             0.929E+01             0.677E-60
             0.932E+01             0.417E-62
             0.936E+01             0.422E-59
             0.939E+01             0.798E-60
             0.942E+01             0.148E-58
             0.945E+01             0.671E-59
             0.948E+01             0.198E-60
             0.952E+01             0.169E-61
             0.955E+01             0.225E-59
             0.958E+01             0.236E-62
             0.961E+01             0.309E-59
             0.965E+01             0.160E-64
             0.968E+01             0.286E-59
             0.971E+01             0.433E-60
             0.974E+01             0.948E-60
             0.977E+01             0.459E-60
             0.981E+01             0.781E-61
             0.984E+01             0.119E-59
             0.987E+01             0.260E-61
             0.990E+01             0.131E-60
             0.994E+01             0.377E-60
             0.997E+01             0.797E-61
             0.100E+02             0.663E-61
