            -0.399E+01             0.355E-62
            -0.397E+01             0.215E-61
            -0.396E+01             0.319E-60
            -0.395E+01             0.753E-61
            -0.394E+01             0.448E-60
            -0.392E+01             0.577E-61
            -0.391E+01             0.425E-61
            -0.390E+01             0.121E-60
            -0.388E+01             0.251E-62
            -0.387E+01             0.378E-60
            -0.386E+01             0.663E-64
            -0.385E+01             0.508E-60
            -0.383E+01             0.150E-60
            -0.382E+01             0.291E-60
            -0.381E+01             0.878E-62
            -0.379E+01             0.233E-60
            -0.378E+01             0.231E-61
            -0.377E+01             0.108E-60
            -0.376E+01             0.239E-60
            -0.374E+01             0.232E-61
            -0.373E+01             0.239E-62
            -0.372E+01             0.362E-61
            -0.370E+01             0.657E-61
            -0.369E+01             0.749E-64
            -0.368E+01             0.848E-61
            -0.367E+01             0.413E-61
            -0.365E+01             0.213E-61
            -0.364E+01             0.250E-61
            -0.363E+01             0.321E-60
            -0.361E+01             0.151E-60
            -0.360E+01             0.148E-60
            -0.359E+01             0.218E-60
            -0.357E+01             0.660E-61
            -0.356E+01             0.905E-63
            -0.355E+01             0.704E-61
            -0.354E+01             0.140E-61
            -0.352E+01             0.111E-61
            -0.351E+01             0.316E-61
            -0.350E+01             0.184E-61
            -0.348E+01             0.105E-60
            -0.347E+01             0.586E-62
            -0.346E+01             0.473E-62
            -0.345E+01             0.214E-60
            -0.343E+01             0.596E-61
            -0.342E+01             0.111E-60
            -0.341E+01             0.548E-60
            -0.339E+01             0.609E-62
            -0.338E+01             0.586E-63
            -0.337E+01             0.500E-60
            -0.336E+01             0.842E-60
            -0.334E+01             0.323E-60
            -0.333E+01             0.176E-60
            -0.332E+01             0.360E-61
            -0.330E+01             0.519E-63
            -0.329E+01             0.750E-64
            -0.328E+01             0.721E-61
            -0.327E+01             0.490E-60
            -0.325E+01             0.477E-60
            -0.324E+01             0.356E-61
            -0.323E+01             0.435E-61
            -0.321E+01             0.286E-63
            -0.320E+01             0.978E-62
            -0.319E+01             0.151E-61
            -0.318E+01             0.913E-61
            -0.316E+01             0.319E-60
            -0.315E+01             0.168E-60
            -0.314E+01             0.127E-65
            -0.312E+01             0.141E-61
            -0.311E+01             0.569E-61
            -0.310E+01             0.681E-61
            -0.309E+01             0.138E-60
            -0.307E+01             0.114E-59
            -0.306E+01             0.293E-62
            -0.305E+01             0.139E-60
            -0.303E+01             0.288E-60
            -0.302E+01             0.639E-60
            -0.301E+01             0.290E-60
            -0.300E+01             0.110E-60
            -0.298E+01             0.868E-60
            -0.297E+01             0.553E-61
            -0.296E+01             0.640E-61
            -0.294E+01             0.371E-61
            -0.293E+01             0.946E-60
            -0.292E+01             0.184E-61
            -0.290E+01             0.926E-64
            -0.289E+01             0.748E-61
            -0.288E+01             0.130E-61
            -0.287E+01             0.196E-60
            -0.285E+01             0.132E-60
            -0.284E+01             0.155E-62
            -0.283E+01             0.446E-60
            -0.281E+01             0.701E-61
            -0.280E+01             0.708E-60
            -0.279E+01             0.493E-60
            -0.278E+01             0.923E-60
            -0.276E+01             0.109E-59
            -0.275E+01             0.105E-59
            -0.274E+01             0.289E-59
            -0.272E+01             0.694E-59
            -0.271E+01             0.266E-58
            -0.270E+01             0.108E-57
            -0.269E+01             0.399E-57
            -0.267E+01             0.147E-56
            -0.266E+01             0.549E-56
            -0.265E+01             0.207E-55
            -0.263E+01             0.780E-55
            -0.262E+01             0.291E-54
            -0.261E+01             0.108E-53
            -0.260E+01             0.396E-53
            -0.258E+01             0.145E-52
            -0.257E+01             0.525E-52
            -0.256E+01             0.189E-51
            -0.254E+01             0.678E-51
            -0.253E+01             0.242E-50
            -0.252E+01             0.855E-50
            -0.251E+01             0.301E-49
            -0.249E+01             0.105E-48
            -0.248E+01             0.364E-48
            -0.247E+01             0.126E-47
            -0.245E+01             0.430E-47
            -0.244E+01             0.147E-46
            -0.243E+01             0.496E-46
            -0.242E+01             0.167E-45
            -0.240E+01             0.556E-45
            -0.239E+01             0.185E-44
            -0.238E+01             0.608E-44
            -0.236E+01             0.199E-43
            -0.235E+01             0.648E-43
            -0.234E+01             0.210E-42
            -0.233E+01             0.673E-42
            -0.231E+01             0.215E-41
            -0.230E+01             0.681E-41
            -0.229E+01             0.214E-40
            -0.227E+01             0.671E-40
            -0.226E+01             0.209E-39
            -0.225E+01             0.644E-39
            -0.224E+01             0.198E-38
            -0.222E+01             0.603E-38
            -0.221E+01             0.183E-37
            -0.220E+01             0.550E-37
            -0.218E+01             0.164E-36
            -0.217E+01             0.488E-36
            -0.216E+01             0.144E-35
            -0.214E+01             0.422E-35
            -0.213E+01             0.123E-34
            -0.212E+01             0.356E-34
            -0.211E+01             0.102E-33
            -0.209E+01             0.292E-33
            -0.208E+01             0.829E-33
            -0.207E+01             0.234E-32
            -0.205E+01             0.654E-32
            -0.204E+01             0.182E-31
            -0.203E+01             0.503E-31
            -0.202E+01             0.138E-30
            -0.200E+01             0.376E-30
            -0.199E+01             0.102E-29
            -0.198E+01             0.275E-29
            -0.196E+01             0.734E-29
            -0.195E+01             0.195E-28
            -0.194E+01             0.514E-28
            -0.193E+01             0.135E-27
            -0.191E+01             0.351E-27
            -0.190E+01             0.908E-27
            -0.189E+01             0.233E-26
            -0.187E+01             0.595E-26
            -0.186E+01             0.151E-25
            -0.185E+01             0.380E-25
            -0.184E+01             0.951E-25
            -0.182E+01             0.236E-24
            -0.181E+01             0.584E-24
            -0.180E+01             0.143E-23
            -0.178E+01             0.349E-23
            -0.177E+01             0.844E-23
            -0.176E+01             0.203E-22
            -0.175E+01             0.484E-22
            -0.173E+01             0.115E-21
            -0.172E+01             0.271E-21
            -0.171E+01             0.633E-21
            -0.169E+01             0.147E-20
            -0.168E+01             0.340E-20
            -0.167E+01             0.779E-20
            -0.166E+01             0.177E-19
            -0.164E+01             0.401E-19
            -0.163E+01             0.902E-19
            -0.162E+01             0.201E-18
            -0.160E+01             0.446E-18
            -0.159E+01             0.983E-18
            -0.158E+01             0.215E-17
            -0.157E+01             0.467E-17
            -0.155E+01             0.101E-16
            -0.154E+01             0.216E-16
            -0.153E+01             0.460E-16
            -0.151E+01             0.972E-16
            -0.150E+01             0.204E-15
            -0.149E+01             0.426E-15
            -0.148E+01             0.882E-15
            -0.146E+01             0.181E-14
            -0.145E+01             0.371E-14
            -0.144E+01             0.752E-14
            -0.142E+01             0.152E-13
            -0.141E+01             0.303E-13
            -0.140E+01             0.603E-13
            -0.138E+01             0.119E-12
            -0.137E+01             0.233E-12
            -0.136E+01             0.454E-12
            -0.135E+01             0.878E-12
            -0.133E+01             0.169E-11
            -0.132E+01             0.322E-11
            -0.131E+01             0.609E-11
            -0.129E+01             0.115E-10
            -0.128E+01             0.214E-10
            -0.127E+01             0.397E-10
            -0.126E+01             0.731E-10
            -0.124E+01             0.134E-09
            -0.123E+01             0.243E-09
            -0.122E+01             0.438E-09
            -0.120E+01             0.784E-09
            -0.119E+01             0.139E-08
            -0.118E+01             0.246E-08
            -0.117E+01             0.431E-08
            -0.115E+01             0.751E-08
            -0.114E+01             0.130E-07
            -0.113E+01             0.223E-07
            -0.111E+01             0.380E-07
            -0.110E+01             0.642E-07
            -0.109E+01             0.108E-06
            -0.108E+01             0.180E-06
            -0.106E+01             0.298E-06
            -0.105E+01             0.490E-06
            -0.104E+01             0.800E-06
            -0.102E+01             0.130E-05
            -0.101E+01             0.208E-05
            -0.998E+00             0.333E-05
            -0.986E+00             0.528E-05
            -0.973E+00             0.831E-05
            -0.960E+00             0.130E-04
            -0.947E+00             0.201E-04
            -0.934E+00             0.310E-04
            -0.921E+00             0.474E-04
            -0.908E+00             0.718E-04
            -0.895E+00             0.108E-03
            -0.882E+00             0.162E-03
            -0.870E+00             0.240E-03
            -0.857E+00             0.353E-03
            -0.844E+00             0.515E-03
            -0.831E+00             0.747E-03
            -0.818E+00             0.107E-02
            -0.805E+00             0.153E-02
            -0.792E+00             0.217E-02
            -0.779E+00             0.305E-02
            -0.767E+00             0.426E-02
            -0.754E+00             0.589E-02
            -0.741E+00             0.809E-02
            -0.728E+00             0.110E-01
            -0.715E+00             0.149E-01
            -0.702E+00             0.199E-01
            -0.689E+00             0.265E-01
            -0.676E+00             0.349E-01
            -0.663E+00             0.457E-01
            -0.651E+00             0.592E-01
            -0.638E+00             0.761E-01
            -0.625E+00             0.970E-01
            -0.612E+00             0.123E+00
            -0.599E+00             0.154E+00
            -0.586E+00             0.191E+00
            -0.573E+00             0.235E+00
            -0.560E+00             0.286E+00
            -0.548E+00             0.345E+00
            -0.535E+00             0.413E+00
            -0.522E+00             0.490E+00
            -0.509E+00             0.575E+00
            -0.496E+00             0.669E+00
            -0.483E+00             0.769E+00
            -0.470E+00             0.876E+00
            -0.457E+00             0.986E+00
            -0.444E+00             0.110E+01
            -0.432E+00             0.121E+01
            -0.419E+00             0.132E+01
            -0.406E+00             0.142E+01
            -0.393E+00             0.150E+01
            -0.380E+00             0.157E+01
            -0.367E+00             0.162E+01
            -0.354E+00             0.165E+01
            -0.341E+00             0.165E+01
            -0.329E+00             0.163E+01
            -0.316E+00             0.157E+01
            -0.303E+00             0.149E+01
            -0.290E+00             0.138E+01
            -0.277E+00             0.124E+01
            -0.264E+00             0.109E+01
            -0.251E+00             0.918E+00
            -0.238E+00             0.744E+00
            -0.225E+00             0.572E+00
            -0.213E+00             0.409E+00
            -0.200E+00             0.265E+00
            -0.187E+00             0.146E+00
            -0.174E+00             0.601E-01
            -0.161E+00             0.109E-01
            -0.148E+00             0.147E-02
            -0.135E+00             0.325E-01
            -0.122E+00             0.102E+00
            -0.110E+00             0.206E+00
            -0.966E-01             0.337E+00
            -0.837E-01             0.488E+00
            -0.709E-01             0.649E+00
            -0.580E-01             0.808E+00
            -0.451E-01             0.957E+00
            -0.322E-01             0.108E+01
            -0.193E-01             0.118E+01
            -0.644E-02             0.124E+01
             0.644E-02             0.126E+01
             0.193E-01             0.124E+01
             0.322E-01             0.118E+01
             0.451E-01             0.108E+01
             0.580E-01             0.957E+00
             0.709E-01             0.808E+00
             0.837E-01             0.649E+00
             0.966E-01             0.488E+00
             0.110E+00             0.337E+00
             0.122E+00             0.206E+00
             0.135E+00             0.102E+00
             0.148E+00             0.325E-01
             0.161E+00             0.147E-02
             0.174E+00             0.109E-01
             0.187E+00             0.601E-01
             0.200E+00             0.146E+00
             0.213E+00             0.265E+00
             0.225E+00             0.409E+00
             0.238E+00             0.572E+00
             0.251E+00             0.744E+00
             0.264E+00             0.918E+00
             0.277E+00             0.109E+01
             0.290E+00             0.124E+01
             0.303E+00             0.138E+01
             0.316E+00             0.149E+01
             0.329E+00             0.157E+01
             0.341E+00             0.163E+01
             0.354E+00             0.165E+01
             0.367E+00             0.165E+01
             0.380E+00             0.162E+01
             0.393E+00             0.157E+01
             0.406E+00             0.150E+01
             0.419E+00             0.142E+01
             0.432E+00             0.132E+01
             0.444E+00             0.121E+01
             0.457E+00             0.110E+01
             0.470E+00             0.986E+00
             0.483E+00             0.876E+00
             0.496E+00             0.769E+00
             0.509E+00             0.669E+00
             0.522E+00             0.575E+00
             0.535E+00             0.490E+00
             0.548E+00             0.413E+00
             0.560E+00             0.345E+00
             0.573E+00             0.286E+00
             0.586E+00             0.235E+00
             0.599E+00             0.191E+00
             0.612E+00             0.154E+00
             0.625E+00             0.123E+00
             0.638E+00             0.970E-01
             0.651E+00             0.761E-01
             0.663E+00             0.592E-01
             0.676E+00             0.457E-01
             0.689E+00             0.349E-01
             0.702E+00             0.265E-01
             0.715E+00             0.199E-01
             0.728E+00             0.149E-01
             0.741E+00             0.110E-01
             0.754E+00             0.809E-02
             0.767E+00             0.589E-02
             0.779E+00             0.426E-02
             0.792E+00             0.305E-02
             0.805E+00             0.217E-02
             0.818E+00             0.153E-02
             0.831E+00             0.107E-02
             0.844E+00             0.747E-03
             0.857E+00             0.515E-03
             0.870E+00             0.353E-03
             0.882E+00             0.240E-03
             0.895E+00             0.162E-03
             0.908E+00             0.108E-03
             0.921E+00             0.718E-04
             0.934E+00             0.474E-04
             0.947E+00             0.310E-04
             0.960E+00             0.201E-04
             0.973E+00             0.130E-04
             0.986E+00             0.831E-05
             0.998E+00             0.528E-05
             0.101E+01             0.333E-05
             0.102E+01             0.208E-05
             0.104E+01             0.130E-05
             0.105E+01             0.800E-06
             0.106E+01             0.490E-06
             0.108E+01             0.298E-06
             0.109E+01             0.180E-06
             0.110E+01             0.108E-06
             0.111E+01             0.642E-07
             0.113E+01             0.380E-07
             0.114E+01             0.223E-07
             0.115E+01             0.130E-07
             0.117E+01             0.751E-08
             0.118E+01             0.431E-08
             0.119E+01             0.246E-08
             0.120E+01             0.139E-08
             0.122E+01             0.784E-09
             0.123E+01             0.438E-09
             0.124E+01             0.243E-09
             0.126E+01             0.134E-09
             0.127E+01             0.731E-10
             0.128E+01             0.397E-10
             0.129E+01             0.214E-10
             0.131E+01             0.115E-10
             0.132E+01             0.609E-11
             0.133E+01             0.322E-11
             0.135E+01             0.169E-11
             0.136E+01             0.878E-12
             0.137E+01             0.454E-12
             0.138E+01             0.233E-12
             0.140E+01             0.119E-12
             0.141E+01             0.603E-13
             0.142E+01             0.303E-13
             0.144E+01             0.152E-13
             0.145E+01             0.752E-14
             0.146E+01             0.371E-14
             0.148E+01             0.181E-14
             0.149E+01             0.882E-15
             0.150E+01             0.426E-15
             0.151E+01             0.204E-15
             0.153E+01             0.972E-16
             0.154E+01             0.460E-16
             0.155E+01             0.216E-16
             0.157E+01             0.101E-16
             0.158E+01             0.467E-17
             0.159E+01             0.215E-17
             0.160E+01             0.983E-18
             0.162E+01             0.446E-18
             0.163E+01             0.201E-18
             0.164E+01             0.902E-19
             0.166E+01             0.401E-19
             0.167E+01             0.177E-19
             0.168E+01             0.779E-20
             0.169E+01             0.340E-20
             0.171E+01             0.147E-20
             0.172E+01             0.633E-21
             0.173E+01             0.271E-21
             0.175E+01             0.115E-21
             0.176E+01             0.485E-22
             0.177E+01             0.203E-22
             0.178E+01             0.843E-23
             0.180E+01             0.349E-23
             0.181E+01             0.144E-23
             0.182E+01             0.590E-24
             0.184E+01             0.240E-24
             0.185E+01             0.972E-25
             0.186E+01             0.397E-25
             0.187E+01             0.153E-25
             0.189E+01             0.535E-26
             0.190E+01             0.220E-26
             0.191E+01             0.984E-27
             0.193E+01             0.302E-27
             0.194E+01             0.130E-27
             0.195E+01             0.436E-28
             0.196E+01             0.126E-28
             0.198E+01             0.310E-28
             0.199E+01             0.325E-28
             0.200E+01             0.605E-29
             0.202E+01             0.267E-29
             0.203E+01             0.779E-29
             0.204E+01             0.153E-29
             0.205E+01             0.148E-32
             0.207E+01             0.550E-30
             0.208E+01             0.233E-29
             0.209E+01             0.146E-28
             0.211E+01             0.502E-29
             0.212E+01             0.802E-30
             0.213E+01             0.660E-29
             0.214E+01             0.153E-28
             0.216E+01             0.936E-29
             0.217E+01             0.169E-28
             0.218E+01             0.444E-30
             0.220E+01             0.196E-29
             0.221E+01             0.606E-29
             0.222E+01             0.582E-31
             0.224E+01             0.343E-29
             0.225E+01             0.147E-30
             0.226E+01             0.160E-29
             0.227E+01             0.226E-30
             0.229E+01             0.889E-30
             0.230E+01             0.350E-29
             0.231E+01             0.263E-30
             0.233E+01             0.993E-29
             0.234E+01             0.138E-29
             0.235E+01             0.577E-30
             0.236E+01             0.465E-29
             0.238E+01             0.104E-29
             0.239E+01             0.124E-28
             0.240E+01             0.104E-30
             0.242E+01             0.504E-29
             0.243E+01             0.189E-29
             0.244E+01             0.380E-30
             0.245E+01             0.909E-30
             0.247E+01             0.727E-31
             0.248E+01             0.482E-30
             0.249E+01             0.189E-30
             0.251E+01             0.529E-29
             0.252E+01             0.149E-29
             0.253E+01             0.186E-29
             0.254E+01             0.205E-29
             0.256E+01             0.289E-30
             0.257E+01             0.133E-30
             0.258E+01             0.396E-30
             0.260E+01             0.520E-29
             0.261E+01             0.299E-32
             0.262E+01             0.492E-30
             0.263E+01             0.593E-29
             0.265E+01             0.138E-32
             0.266E+01             0.304E-29
             0.267E+01             0.948E-31
             0.269E+01             0.234E-29
             0.270E+01             0.107E-28
             0.271E+01             0.592E-30
             0.272E+01             0.271E-29
             0.274E+01             0.298E-29
             0.275E+01             0.112E-29
             0.276E+01             0.278E-29
             0.278E+01             0.264E-30
             0.279E+01             0.442E-30
             0.280E+01             0.334E-29
             0.281E+01             0.117E-30
             0.283E+01             0.440E-29
             0.284E+01             0.168E-29
             0.285E+01             0.672E-29
             0.287E+01             0.380E-31
             0.288E+01             0.160E-29
             0.289E+01             0.297E-29
             0.290E+01             0.408E-29
             0.292E+01             0.439E-29
             0.293E+01             0.407E-31
             0.294E+01             0.335E-29
             0.296E+01             0.102E-29
             0.297E+01             0.458E-30
             0.298E+01             0.920E-32
             0.300E+01             0.121E-28
             0.301E+01             0.709E-30
             0.302E+01             0.508E-29
             0.303E+01             0.198E-29
             0.305E+01             0.542E-30
             0.306E+01             0.170E-30
             0.307E+01             0.376E-30
             0.309E+01             0.856E-30
             0.310E+01             0.525E-29
             0.311E+01             0.109E-31
             0.312E+01             0.122E-30
             0.314E+01             0.528E-30
             0.315E+01             0.325E-30
             0.316E+01             0.105E-30
             0.318E+01             0.112E-33
             0.319E+01             0.562E-32
             0.320E+01             0.111E-32
             0.321E+01             0.557E-31
             0.323E+01             0.168E-32
             0.324E+01             0.590E-31
             0.325E+01             0.248E-30
             0.327E+01             0.119E-29
             0.328E+01             0.884E-29
             0.329E+01             0.359E-29
             0.330E+01             0.268E-29
             0.332E+01             0.232E-29
             0.333E+01             0.610E-29
             0.334E+01             0.200E-29
             0.336E+01             0.102E-30
             0.337E+01             0.396E-29
             0.338E+01             0.218E-29
             0.339E+01             0.228E-29
             0.341E+01             0.257E-29
             0.342E+01             0.976E-30
             0.343E+01             0.362E-31
             0.345E+01             0.641E-30
             0.346E+01             0.247E-29
             0.347E+01             0.317E-32
             0.348E+01             0.905E-30
             0.350E+01             0.761E-31
             0.351E+01             0.579E-30
             0.352E+01             0.131E-29
             0.354E+01             0.784E-30
             0.355E+01             0.280E-30
             0.356E+01             0.246E-31
             0.357E+01             0.434E-30
             0.359E+01             0.726E-32
             0.360E+01             0.502E-30
             0.361E+01             0.202E-29
             0.363E+01             0.306E-30
             0.364E+01             0.271E-29
             0.365E+01             0.390E-30
             0.367E+01             0.100E-29
             0.368E+01             0.368E-30
             0.369E+01             0.195E-33
             0.370E+01             0.894E-29
             0.372E+01             0.197E-29
             0.373E+01             0.445E-29
             0.374E+01             0.554E-29
             0.376E+01             0.161E-29
             0.377E+01             0.787E-29
             0.378E+01             0.125E-29
             0.379E+01             0.394E-30
             0.381E+01             0.549E-31
             0.382E+01             0.331E-29
             0.383E+01             0.766E-30
             0.385E+01             0.378E-29
             0.386E+01             0.391E-31
             0.387E+01             0.492E-31
             0.388E+01             0.415E-31
             0.390E+01             0.667E-32
             0.391E+01             0.478E-30
             0.392E+01             0.845E-30
             0.394E+01             0.101E-28
             0.395E+01             0.618E-30
             0.396E+01             0.353E-30
             0.397E+01             0.287E-29
             0.399E+01             0.194E-30
             0.400E+01             0.862E-31
