            -0.499E+01             0.150E-60
            -0.498E+01             0.386E-60
            -0.497E+01             0.159E-62
            -0.496E+01             0.433E-60
            -0.495E+01             0.110E-61
            -0.494E+01             0.160E-61
            -0.493E+01             0.317E-61
            -0.492E+01             0.272E-60
            -0.491E+01             0.153E-60
            -0.490E+01             0.174E-60
            -0.489E+01             0.115E-62
            -0.488E+01             0.386E-64
            -0.488E+01             0.380E-61
            -0.487E+01             0.687E-60
            -0.486E+01             0.505E-60
            -0.485E+01             0.123E-61
            -0.484E+01             0.145E-60
            -0.483E+01             0.988E-61
            -0.482E+01             0.651E-60
            -0.481E+01             0.732E-60
            -0.480E+01             0.630E-60
            -0.479E+01             0.277E-60
            -0.478E+01             0.946E-61
            -0.477E+01             0.185E-60
            -0.476E+01             0.910E-60
            -0.475E+01             0.478E-60
            -0.474E+01             0.593E-62
            -0.473E+01             0.422E-61
            -0.472E+01             0.506E-60
            -0.471E+01             0.145E-60
            -0.470E+01             0.227E-60
            -0.469E+01             0.168E-61
            -0.468E+01             0.115E-61
            -0.467E+01             0.228E-60
            -0.466E+01             0.236E-62
            -0.465E+01             0.499E-60
            -0.464E+01             0.905E-61
            -0.463E+01             0.103E-59
            -0.463E+01             0.111E-61
            -0.462E+01             0.161E-60
            -0.461E+01             0.638E-61
            -0.460E+01             0.119E-60
            -0.459E+01             0.246E-61
            -0.458E+01             0.249E-61
            -0.457E+01             0.381E-60
            -0.456E+01             0.841E-61
            -0.455E+01             0.466E-60
            -0.454E+01             0.212E-59
            -0.453E+01             0.763E-61
            -0.452E+01             0.214E-60
            -0.451E+01             0.251E-60
            -0.450E+01             0.116E-61
            -0.449E+01             0.107E-60
            -0.448E+01             0.219E-61
            -0.447E+01             0.221E-59
            -0.446E+01             0.632E-61
            -0.445E+01             0.192E-61
            -0.444E+01             0.889E-61
            -0.443E+01             0.101E-60
            -0.442E+01             0.245E-60
            -0.441E+01             0.424E-61
            -0.440E+01             0.334E-60
            -0.439E+01             0.609E-62
            -0.439E+01             0.415E-60
            -0.438E+01             0.670E-60
            -0.437E+01             0.998E-60
            -0.436E+01             0.295E-59
            -0.435E+01             0.565E-59
            -0.434E+01             0.123E-59
            -0.433E+01             0.536E-60
            -0.432E+01             0.238E-63
            -0.431E+01             0.110E-61
            -0.430E+01             0.137E-60
            -0.429E+01             0.746E-61
            -0.428E+01             0.319E-60
            -0.427E+01             0.102E-63
            -0.426E+01             0.306E-61
            -0.425E+01             0.450E-60
            -0.424E+01             0.127E-60
            -0.423E+01             0.124E-60
            -0.422E+01             0.141E-63
            -0.421E+01             0.461E-60
            -0.420E+01             0.159E-60
            -0.419E+01             0.249E-61
            -0.418E+01             0.618E-61
            -0.417E+01             0.207E-62
            -0.416E+01             0.264E-59
            -0.415E+01             0.200E-60
            -0.415E+01             0.182E-60
            -0.414E+01             0.183E-59
            -0.413E+01             0.132E-60
            -0.412E+01             0.517E-60
            -0.411E+01             0.675E-60
            -0.410E+01             0.458E-60
            -0.409E+01             0.128E-59
            -0.408E+01             0.952E-60
            -0.407E+01             0.534E-63
            -0.406E+01             0.707E-60
            -0.405E+01             0.241E-61
            -0.404E+01             0.794E-61
            -0.403E+01             0.272E-60
            -0.402E+01             0.358E-61
            -0.401E+01             0.883E-60
            -0.400E+01             0.147E-61
            -0.399E+01             0.133E-60
            -0.398E+01             0.231E-62
            -0.397E+01             0.207E-60
            -0.396E+01             0.641E-60
            -0.395E+01             0.149E-59
            -0.394E+01             0.363E-60
            -0.393E+01             0.179E-59
            -0.392E+01             0.766E-62
            -0.391E+01             0.760E-61
            -0.390E+01             0.651E-60
            -0.390E+01             0.131E-59
            -0.389E+01             0.359E-60
            -0.388E+01             0.392E-61
            -0.387E+01             0.260E-61
            -0.386E+01             0.885E-64
            -0.385E+01             0.145E-60
            -0.384E+01             0.138E-60
            -0.383E+01             0.763E-60
            -0.382E+01             0.288E-60
            -0.381E+01             0.778E-61
            -0.380E+01             0.517E-60
            -0.379E+01             0.319E-60
            -0.378E+01             0.212E-60
            -0.377E+01             0.225E-61
            -0.376E+01             0.139E-60
            -0.375E+01             0.209E-60
            -0.374E+01             0.190E-59
            -0.373E+01             0.238E-59
            -0.372E+01             0.130E-59
            -0.371E+01             0.314E-60
            -0.370E+01             0.158E-60
            -0.369E+01             0.504E-60
            -0.368E+01             0.703E-60
            -0.367E+01             0.166E-62
            -0.366E+01             0.971E-61
            -0.366E+01             0.352E-62
            -0.365E+01             0.297E-61
            -0.364E+01             0.552E-61
            -0.363E+01             0.280E-61
            -0.362E+01             0.846E-60
            -0.361E+01             0.199E-61
            -0.360E+01             0.315E-61
            -0.359E+01             0.378E-61
            -0.358E+01             0.332E-63
            -0.357E+01             0.537E-63
            -0.356E+01             0.573E-63
            -0.355E+01             0.731E-60
            -0.354E+01             0.675E-60
            -0.353E+01             0.525E-60
            -0.352E+01             0.977E-61
            -0.351E+01             0.184E-60
            -0.350E+01             0.722E-60
            -0.349E+01             0.103E-59
            -0.348E+01             0.273E-60
            -0.347E+01             0.249E-60
            -0.346E+01             0.218E-60
            -0.345E+01             0.667E-60
            -0.344E+01             0.318E-60
            -0.343E+01             0.954E-61
            -0.342E+01             0.826E-60
            -0.341E+01             0.100E-59
            -0.341E+01             0.358E-61
            -0.340E+01             0.154E-59
            -0.339E+01             0.176E-59
            -0.338E+01             0.120E-59
            -0.337E+01             0.420E-59
            -0.336E+01             0.469E-60
            -0.335E+01             0.122E-60
            -0.334E+01             0.112E-60
            -0.333E+01             0.206E-60
            -0.332E+01             0.304E-60
            -0.331E+01             0.105E-62
            -0.330E+01             0.128E-60
            -0.329E+01             0.116E-59
            -0.328E+01             0.415E-60
            -0.327E+01             0.160E-59
            -0.326E+01             0.164E-59
            -0.325E+01             0.152E-59
            -0.324E+01             0.120E-60
            -0.323E+01             0.158E-60
            -0.322E+01             0.979E-61
            -0.321E+01             0.307E-60
            -0.320E+01             0.190E-61
            -0.319E+01             0.413E-60
            -0.318E+01             0.465E-59
            -0.317E+01             0.153E-59
            -0.317E+01             0.115E-59
            -0.316E+01             0.330E-60
            -0.315E+01             0.770E-60
            -0.314E+01             0.486E-61
            -0.313E+01             0.909E-60
            -0.312E+01             0.161E-60
            -0.311E+01             0.348E-59
            -0.310E+01             0.190E-59
            -0.309E+01             0.290E-60
            -0.308E+01             0.881E-60
            -0.307E+01             0.227E-61
            -0.306E+01             0.803E-60
            -0.305E+01             0.805E-60
            -0.304E+01             0.182E-61
            -0.303E+01             0.253E-60
            -0.302E+01             0.618E-60
            -0.301E+01             0.244E-62
            -0.300E+01             0.426E-60
            -0.299E+01             0.737E-60
            -0.298E+01             0.183E-61
            -0.297E+01             0.566E-60
            -0.296E+01             0.186E-59
            -0.295E+01             0.104E-59
            -0.294E+01             0.142E-60
            -0.293E+01             0.629E-60
            -0.293E+01             0.787E-61
            -0.292E+01             0.913E-61
            -0.291E+01             0.198E-59
            -0.290E+01             0.399E-59
            -0.289E+01             0.137E-59
            -0.288E+01             0.603E-61
            -0.287E+01             0.391E-60
            -0.286E+01             0.217E-59
            -0.285E+01             0.967E-60
            -0.284E+01             0.117E-59
            -0.283E+01             0.340E-60
            -0.282E+01             0.279E-61
            -0.281E+01             0.783E-61
            -0.280E+01             0.724E-63
            -0.279E+01             0.150E-59
            -0.278E+01             0.526E-60
            -0.277E+01             0.175E-59
            -0.276E+01             0.733E-59
            -0.275E+01             0.296E-58
            -0.274E+01             0.792E-58
            -0.273E+01             0.181E-57
            -0.272E+01             0.471E-57
            -0.271E+01             0.131E-56
            -0.270E+01             0.368E-56
            -0.269E+01             0.100E-55
            -0.268E+01             0.279E-55
            -0.268E+01             0.753E-55
            -0.267E+01             0.204E-54
            -0.266E+01             0.548E-54
            -0.265E+01             0.147E-53
            -0.264E+01             0.394E-53
            -0.263E+01             0.105E-52
            -0.262E+01             0.280E-52
            -0.261E+01             0.742E-52
            -0.260E+01             0.196E-51
            -0.259E+01             0.515E-51
            -0.258E+01             0.135E-50
            -0.257E+01             0.352E-50
            -0.256E+01             0.917E-50
            -0.255E+01             0.238E-49
            -0.254E+01             0.613E-49
            -0.253E+01             0.158E-48
            -0.252E+01             0.405E-48
            -0.251E+01             0.103E-47
            -0.250E+01             0.263E-47
            -0.249E+01             0.666E-47
            -0.248E+01             0.168E-46
            -0.247E+01             0.424E-46
            -0.246E+01             0.106E-45
            -0.245E+01             0.265E-45
            -0.244E+01             0.660E-45
            -0.244E+01             0.164E-44
            -0.243E+01             0.405E-44
            -0.242E+01             0.996E-44
            -0.241E+01             0.244E-43
            -0.240E+01             0.597E-43
            -0.239E+01             0.145E-42
            -0.238E+01             0.352E-42
            -0.237E+01             0.851E-42
            -0.236E+01             0.205E-41
            -0.235E+01             0.491E-41
            -0.234E+01             0.117E-40
            -0.233E+01             0.280E-40
            -0.232E+01             0.663E-40
            -0.231E+01             0.157E-39
            -0.230E+01             0.369E-39
            -0.229E+01             0.865E-39
            -0.228E+01             0.202E-38
            -0.227E+01             0.471E-38
            -0.226E+01             0.109E-37
            -0.225E+01             0.252E-37
            -0.224E+01             0.581E-37
            -0.223E+01             0.133E-36
            -0.222E+01             0.305E-36
            -0.221E+01             0.694E-36
            -0.220E+01             0.157E-35
            -0.220E+01             0.356E-35
            -0.219E+01             0.801E-35
            -0.218E+01             0.180E-34
            -0.217E+01             0.401E-34
            -0.216E+01             0.894E-34
            -0.215E+01             0.198E-33
            -0.214E+01             0.438E-33
            -0.213E+01             0.964E-33
            -0.212E+01             0.212E-32
            -0.211E+01             0.462E-32
            -0.210E+01             0.101E-31
            -0.209E+01             0.218E-31
            -0.208E+01             0.472E-31
            -0.207E+01             0.102E-30
            -0.206E+01             0.218E-30
            -0.205E+01             0.465E-30
            -0.204E+01             0.990E-30
            -0.203E+01             0.210E-29
            -0.202E+01             0.443E-29
            -0.201E+01             0.933E-29
            -0.200E+01             0.196E-28
            -0.199E+01             0.409E-28
            -0.198E+01             0.850E-28
            -0.197E+01             0.176E-27
            -0.196E+01             0.364E-27
            -0.195E+01             0.749E-27
            -0.195E+01             0.154E-26
            -0.194E+01             0.314E-26
            -0.193E+01             0.638E-26
            -0.192E+01             0.129E-25
            -0.191E+01             0.261E-25
            -0.190E+01             0.525E-25
            -0.189E+01             0.105E-24
            -0.188E+01             0.210E-24
            -0.187E+01             0.417E-24
            -0.186E+01             0.827E-24
            -0.185E+01             0.163E-23
            -0.184E+01             0.321E-23
            -0.183E+01             0.628E-23
            -0.182E+01             0.123E-22
            -0.181E+01             0.238E-22
            -0.180E+01             0.461E-22
            -0.179E+01             0.889E-22
            -0.178E+01             0.171E-21
            -0.177E+01             0.327E-21
            -0.176E+01             0.624E-21
            -0.175E+01             0.118E-20
            -0.174E+01             0.224E-20
            -0.173E+01             0.422E-20
            -0.172E+01             0.793E-20
            -0.171E+01             0.148E-19
            -0.171E+01             0.277E-19
            -0.170E+01             0.513E-19
            -0.169E+01             0.949E-19
            -0.168E+01             0.175E-18
            -0.167E+01             0.321E-18
            -0.166E+01             0.586E-18
            -0.165E+01             0.107E-17
            -0.164E+01             0.194E-17
            -0.163E+01             0.350E-17
            -0.162E+01             0.630E-17
            -0.161E+01             0.113E-16
            -0.160E+01             0.202E-16
            -0.159E+01             0.359E-16
            -0.158E+01             0.636E-16
            -0.157E+01             0.112E-15
            -0.156E+01             0.197E-15
            -0.155E+01             0.346E-15
            -0.154E+01             0.603E-15
            -0.153E+01             0.105E-14
            -0.152E+01             0.181E-14
            -0.151E+01             0.313E-14
            -0.150E+01             0.537E-14
            -0.149E+01             0.919E-14
            -0.148E+01             0.157E-13
            -0.147E+01             0.266E-13
            -0.146E+01             0.450E-13
            -0.146E+01             0.757E-13
            -0.145E+01             0.127E-12
            -0.144E+01             0.212E-12
            -0.143E+01             0.353E-12
            -0.142E+01             0.586E-12
            -0.141E+01             0.968E-12
            -0.140E+01             0.159E-11
            -0.139E+01             0.261E-11
            -0.138E+01             0.425E-11
            -0.137E+01             0.692E-11
            -0.136E+01             0.112E-10
            -0.135E+01             0.181E-10
            -0.134E+01             0.290E-10
            -0.133E+01             0.464E-10
            -0.132E+01             0.739E-10
            -0.131E+01             0.117E-09
            -0.130E+01             0.185E-09
            -0.129E+01             0.292E-09
            -0.128E+01             0.457E-09
            -0.127E+01             0.714E-09
            -0.126E+01             0.111E-08
            -0.125E+01             0.172E-08
            -0.124E+01             0.265E-08
            -0.123E+01             0.408E-08
            -0.122E+01             0.624E-08
            -0.122E+01             0.951E-08
            -0.121E+01             0.144E-07
            -0.120E+01             0.218E-07
            -0.119E+01             0.328E-07
            -0.118E+01             0.492E-07
            -0.117E+01             0.735E-07
            -0.116E+01             0.109E-06
            -0.115E+01             0.162E-06
            -0.114E+01             0.239E-06
            -0.113E+01             0.351E-06
            -0.112E+01             0.513E-06
            -0.111E+01             0.747E-06
            -0.110E+01             0.108E-05
            -0.109E+01             0.156E-05
            -0.108E+01             0.225E-05
            -0.107E+01             0.322E-05
            -0.106E+01             0.459E-05
            -0.105E+01             0.652E-05
            -0.104E+01             0.922E-05
            -0.103E+01             0.130E-04
            -0.102E+01             0.182E-04
            -0.101E+01             0.254E-04
            -0.100E+01             0.353E-04
            -0.994E+00             0.489E-04
            -0.985E+00             0.674E-04
            -0.975E+00             0.925E-04
            -0.965E+00             0.126E-03
            -0.956E+00             0.172E-03
            -0.946E+00             0.233E-03
            -0.937E+00             0.314E-03
            -0.927E+00             0.421E-03
            -0.917E+00             0.563E-03
            -0.908E+00             0.749E-03
            -0.898E+00             0.992E-03
            -0.889E+00             0.131E-02
            -0.879E+00             0.172E-02
            -0.869E+00             0.224E-02
            -0.860E+00             0.292E-02
            -0.850E+00             0.378E-02
            -0.841E+00             0.487E-02
            -0.831E+00             0.624E-02
            -0.821E+00             0.797E-02
            -0.812E+00             0.101E-01
            -0.802E+00             0.128E-01
            -0.793E+00             0.161E-01
            -0.783E+00             0.202E-01
            -0.773E+00             0.252E-01
            -0.764E+00             0.312E-01
            -0.754E+00             0.385E-01
            -0.744E+00             0.473E-01
            -0.735E+00             0.579E-01
            -0.725E+00             0.704E-01
            -0.716E+00             0.851E-01
            -0.706E+00             0.102E+00
            -0.696E+00             0.123E+00
            -0.687E+00             0.146E+00
            -0.677E+00             0.173E+00
            -0.668E+00             0.204E+00
            -0.658E+00             0.239E+00
            -0.648E+00             0.279E+00
            -0.639E+00             0.323E+00
            -0.629E+00             0.372E+00
            -0.620E+00             0.426E+00
            -0.610E+00             0.485E+00
            -0.600E+00             0.550E+00
            -0.591E+00             0.618E+00
            -0.581E+00             0.692E+00
            -0.572E+00             0.768E+00
            -0.562E+00             0.848E+00
            -0.552E+00             0.930E+00
            -0.543E+00             0.101E+01
            -0.533E+00             0.110E+01
            -0.524E+00             0.118E+01
            -0.514E+00             0.125E+01
            -0.504E+00             0.133E+01
            -0.495E+00             0.139E+01
            -0.485E+00             0.145E+01
            -0.476E+00             0.149E+01
            -0.466E+00             0.152E+01
            -0.456E+00             0.154E+01
            -0.447E+00             0.154E+01
            -0.437E+00             0.153E+01
            -0.427E+00             0.150E+01
            -0.418E+00             0.145E+01
            -0.408E+00             0.139E+01
            -0.399E+00             0.130E+01
            -0.389E+00             0.121E+01
            -0.379E+00             0.110E+01
            -0.370E+00             0.976E+00
            -0.360E+00             0.849E+00
            -0.351E+00             0.718E+00
            -0.341E+00             0.587E+00
            -0.331E+00             0.460E+00
            -0.322E+00             0.342E+00
            -0.312E+00             0.237E+00
            -0.303E+00             0.147E+00
            -0.293E+00             0.764E-01
            -0.283E+00             0.279E-01
            -0.274E+00             0.312E-02
            -0.264E+00             0.312E-02
            -0.255E+00             0.279E-01
            -0.245E+00             0.764E-01
            -0.235E+00             0.147E+00
            -0.226E+00             0.235E+00
            -0.216E+00             0.339E+00
            -0.207E+00             0.452E+00
            -0.197E+00             0.571E+00
            -0.187E+00             0.689E+00
            -0.178E+00             0.800E+00
            -0.168E+00             0.900E+00
            -0.159E+00             0.984E+00
            -0.149E+00             0.105E+01
            -0.139E+00             0.109E+01
            -0.130E+00             0.110E+01
            -0.120E+00             0.109E+01
            -0.110E+00             0.105E+01
            -0.101E+00             0.981E+00
            -0.913E-01             0.894E+00
            -0.817E-01             0.791E+00
            -0.720E-01             0.675E+00
            -0.624E-01             0.553E+00
            -0.528E-01             0.430E+00
            -0.432E-01             0.314E+00
            -0.336E-01             0.209E+00
            -0.240E-01             0.121E+00
            -0.144E-01             0.550E-01
            -0.480E-02             0.139E-01
             0.480E-02             0.593E-26
             0.144E-01             0.139E-01
             0.240E-01             0.550E-01
             0.336E-01             0.121E+00
             0.432E-01             0.209E+00
             0.528E-01             0.314E+00
             0.624E-01             0.430E+00
             0.720E-01             0.553E+00
             0.817E-01             0.675E+00
             0.913E-01             0.791E+00
             0.101E+00             0.894E+00
             0.110E+00             0.981E+00
             0.120E+00             0.105E+01
             0.130E+00             0.109E+01
             0.139E+00             0.110E+01
             0.149E+00             0.109E+01
             0.159E+00             0.105E+01
             0.168E+00             0.984E+00
             0.178E+00             0.900E+00
             0.187E+00             0.800E+00
             0.197E+00             0.689E+00
             0.207E+00             0.571E+00
             0.216E+00             0.452E+00
             0.226E+00             0.339E+00
             0.235E+00             0.235E+00
             0.245E+00             0.147E+00
             0.255E+00             0.764E-01
             0.264E+00             0.279E-01
             0.274E+00             0.312E-02
             0.283E+00             0.312E-02
             0.293E+00             0.279E-01
             0.303E+00             0.764E-01
             0.312E+00             0.147E+00
             0.322E+00             0.237E+00
             0.331E+00             0.342E+00
             0.341E+00             0.460E+00
             0.351E+00             0.587E+00
             0.360E+00             0.718E+00
             0.370E+00             0.849E+00
             0.379E+00             0.976E+00
             0.389E+00             0.110E+01
             0.399E+00             0.121E+01
             0.408E+00             0.130E+01
             0.418E+00             0.139E+01
             0.427E+00             0.145E+01
             0.437E+00             0.150E+01
             0.447E+00             0.153E+01
             0.456E+00             0.154E+01
             0.466E+00             0.154E+01
             0.476E+00             0.152E+01
             0.485E+00             0.149E+01
             0.495E+00             0.145E+01
             0.504E+00             0.139E+01
             0.514E+00             0.133E+01
             0.524E+00             0.125E+01
             0.533E+00             0.118E+01
             0.543E+00             0.110E+01
             0.552E+00             0.101E+01
             0.562E+00             0.930E+00
             0.572E+00             0.848E+00
             0.581E+00             0.768E+00
             0.591E+00             0.692E+00
             0.600E+00             0.618E+00
             0.610E+00             0.550E+00
             0.620E+00             0.485E+00
             0.629E+00             0.426E+00
             0.639E+00             0.372E+00
             0.648E+00             0.323E+00
             0.658E+00             0.279E+00
             0.668E+00             0.239E+00
             0.677E+00             0.204E+00
             0.687E+00             0.173E+00
             0.696E+00             0.146E+00
             0.706E+00             0.123E+00
             0.716E+00             0.102E+00
             0.725E+00             0.851E-01
             0.735E+00             0.704E-01
             0.744E+00             0.579E-01
             0.754E+00             0.473E-01
             0.764E+00             0.385E-01
             0.773E+00             0.312E-01
             0.783E+00             0.252E-01
             0.793E+00             0.202E-01
             0.802E+00             0.161E-01
             0.812E+00             0.128E-01
             0.821E+00             0.101E-01
             0.831E+00             0.797E-02
             0.841E+00             0.624E-02
             0.850E+00             0.487E-02
             0.860E+00             0.378E-02
             0.869E+00             0.292E-02
             0.879E+00             0.224E-02
             0.889E+00             0.172E-02
             0.898E+00             0.131E-02
             0.908E+00             0.992E-03
             0.917E+00             0.749E-03
             0.927E+00             0.563E-03
             0.937E+00             0.421E-03
             0.946E+00             0.314E-03
             0.956E+00             0.233E-03
             0.965E+00             0.172E-03
             0.975E+00             0.126E-03
             0.985E+00             0.925E-04
             0.994E+00             0.674E-04
             0.100E+01             0.489E-04
             0.101E+01             0.353E-04
             0.102E+01             0.254E-04
             0.103E+01             0.182E-04
             0.104E+01             0.130E-04
             0.105E+01             0.922E-05
             0.106E+01             0.652E-05
             0.107E+01             0.459E-05
             0.108E+01             0.322E-05
             0.109E+01             0.225E-05
             0.110E+01             0.156E-05
             0.111E+01             0.108E-05
             0.112E+01             0.747E-06
             0.113E+01             0.513E-06
             0.114E+01             0.351E-06
             0.115E+01             0.239E-06
             0.116E+01             0.162E-06
             0.117E+01             0.109E-06
             0.118E+01             0.735E-07
             0.119E+01             0.492E-07
             0.120E+01             0.328E-07
             0.121E+01             0.218E-07
             0.122E+01             0.144E-07
             0.122E+01             0.951E-08
             0.123E+01             0.624E-08
             0.124E+01             0.408E-08
             0.125E+01             0.265E-08
             0.126E+01             0.172E-08
             0.127E+01             0.111E-08
             0.128E+01             0.714E-09
             0.129E+01             0.457E-09
             0.130E+01             0.292E-09
             0.131E+01             0.185E-09
             0.132E+01             0.117E-09
             0.133E+01             0.739E-10
             0.134E+01             0.464E-10
             0.135E+01             0.290E-10
             0.136E+01             0.181E-10
             0.137E+01             0.112E-10
             0.138E+01             0.692E-11
             0.139E+01             0.425E-11
             0.140E+01             0.261E-11
             0.141E+01             0.159E-11
             0.142E+01             0.968E-12
             0.143E+01             0.586E-12
             0.144E+01             0.353E-12
             0.145E+01             0.212E-12
             0.146E+01             0.127E-12
             0.146E+01             0.757E-13
             0.147E+01             0.450E-13
             0.148E+01             0.266E-13
             0.149E+01             0.157E-13
             0.150E+01             0.919E-14
             0.151E+01             0.537E-14
             0.152E+01             0.313E-14
             0.153E+01             0.181E-14
             0.154E+01             0.105E-14
             0.155E+01             0.603E-15
             0.156E+01             0.346E-15
             0.157E+01             0.197E-15
             0.158E+01             0.112E-15
             0.159E+01             0.636E-16
             0.160E+01             0.359E-16
             0.161E+01             0.202E-16
             0.162E+01             0.113E-16
             0.163E+01             0.630E-17
             0.164E+01             0.350E-17
             0.165E+01             0.194E-17
             0.166E+01             0.107E-17
             0.167E+01             0.586E-18
             0.168E+01             0.321E-18
             0.169E+01             0.175E-18
             0.170E+01             0.949E-19
             0.171E+01             0.513E-19
             0.171E+01             0.277E-19
             0.172E+01             0.148E-19
             0.173E+01             0.793E-20
             0.174E+01             0.423E-20
             0.175E+01             0.224E-20
             0.176E+01             0.118E-20
             0.177E+01             0.624E-21
             0.178E+01             0.327E-21
             0.179E+01             0.171E-21
             0.180E+01             0.891E-22
             0.181E+01             0.461E-22
             0.182E+01             0.238E-22
             0.183E+01             0.122E-22
             0.184E+01             0.624E-23
             0.185E+01             0.318E-23
             0.186E+01             0.162E-23
             0.187E+01             0.824E-24
             0.188E+01             0.421E-24
             0.189E+01             0.216E-24
             0.190E+01             0.112E-24
             0.191E+01             0.548E-25
             0.192E+01             0.246E-25
             0.193E+01             0.121E-25
             0.194E+01             0.646E-26
             0.195E+01             0.285E-26
             0.195E+01             0.122E-26
             0.196E+01             0.696E-27
             0.197E+01             0.329E-27
             0.198E+01             0.283E-27
             0.199E+01             0.979E-28
             0.200E+01             0.122E-27
             0.201E+01             0.100E-27
             0.202E+01             0.237E-28
             0.203E+01             0.415E-30
             0.204E+01             0.671E-33
             0.205E+01             0.298E-28
             0.206E+01             0.593E-29
             0.207E+01             0.235E-29
             0.208E+01             0.206E-28
             0.209E+01             0.281E-28
             0.210E+01             0.562E-29
             0.211E+01             0.711E-29
             0.212E+01             0.127E-28
             0.213E+01             0.162E-28
             0.214E+01             0.436E-28
             0.215E+01             0.248E-28
             0.216E+01             0.965E-30
             0.217E+01             0.617E-30
             0.218E+01             0.100E-28
             0.219E+01             0.117E-28
             0.220E+01             0.129E-29
             0.220E+01             0.128E-29
             0.221E+01             0.357E-29
             0.222E+01             0.227E-29
             0.223E+01             0.236E-29
             0.224E+01             0.437E-29
             0.225E+01             0.106E-30
             0.226E+01             0.322E-29
             0.227E+01             0.544E-29
             0.228E+01             0.428E-29
             0.229E+01             0.615E-29
             0.230E+01             0.377E-28
             0.231E+01             0.477E-30
             0.232E+01             0.151E-29
             0.233E+01             0.490E-30
             0.234E+01             0.151E-29
             0.235E+01             0.527E-29
             0.236E+01             0.324E-29
             0.237E+01             0.294E-30
             0.238E+01             0.181E-29
             0.239E+01             0.512E-31
             0.240E+01             0.372E-29
             0.241E+01             0.337E-31
             0.242E+01             0.127E-29
             0.243E+01             0.203E-28
             0.244E+01             0.522E-29
             0.244E+01             0.145E-28
             0.245E+01             0.265E-31
             0.246E+01             0.856E-30
             0.247E+01             0.449E-30
             0.248E+01             0.121E-29
             0.249E+01             0.598E-28
             0.250E+01             0.291E-29
             0.251E+01             0.760E-29
             0.252E+01             0.556E-29
             0.253E+01             0.446E-30
             0.254E+01             0.251E-29
             0.255E+01             0.664E-29
             0.256E+01             0.174E-28
             0.257E+01             0.188E-28
             0.258E+01             0.600E-28
             0.259E+01             0.436E-28
             0.260E+01             0.591E-30
             0.261E+01             0.137E-28
             0.262E+01             0.331E-32
             0.263E+01             0.225E-28
             0.264E+01             0.411E-29
             0.265E+01             0.397E-29
             0.266E+01             0.472E-29
             0.267E+01             0.121E-29
             0.268E+01             0.302E-33
             0.268E+01             0.158E-29
             0.269E+01             0.290E-29
             0.270E+01             0.502E-29
             0.271E+01             0.232E-29
             0.272E+01             0.524E-29
             0.273E+01             0.578E-32
             0.274E+01             0.229E-29
             0.275E+01             0.109E-29
             0.276E+01             0.556E-29
             0.277E+01             0.878E-29
             0.278E+01             0.146E-30
             0.279E+01             0.114E-29
             0.280E+01             0.452E-30
             0.281E+01             0.227E-30
             0.282E+01             0.742E-29
             0.283E+01             0.611E-30
             0.284E+01             0.330E-29
             0.285E+01             0.175E-30
             0.286E+01             0.320E-29
             0.287E+01             0.356E-30
             0.288E+01             0.155E-30
             0.289E+01             0.370E-29
             0.290E+01             0.335E-30
             0.291E+01             0.777E-29
             0.292E+01             0.152E-29
             0.293E+01             0.574E-29
             0.293E+01             0.126E-29
             0.294E+01             0.264E-29
             0.295E+01             0.290E-29
             0.296E+01             0.528E-29
             0.297E+01             0.176E-30
             0.298E+01             0.531E-30
             0.299E+01             0.390E-29
             0.300E+01             0.341E-29
             0.301E+01             0.180E-30
             0.302E+01             0.337E-30
             0.303E+01             0.345E-29
             0.304E+01             0.146E-30
             0.305E+01             0.467E-30
             0.306E+01             0.137E-29
             0.307E+01             0.926E-29
             0.308E+01             0.382E-30
             0.309E+01             0.652E-31
             0.310E+01             0.610E-30
             0.311E+01             0.128E-28
             0.312E+01             0.858E-32
             0.313E+01             0.100E-29
             0.314E+01             0.911E-29
             0.315E+01             0.126E-29
             0.316E+01             0.434E-33
             0.317E+01             0.688E-31
             0.317E+01             0.335E-29
             0.318E+01             0.226E-29
             0.319E+01             0.294E-29
             0.320E+01             0.346E-32
             0.321E+01             0.130E-29
             0.322E+01             0.105E-29
             0.323E+01             0.134E-29
             0.324E+01             0.759E-29
             0.325E+01             0.261E-30
             0.326E+01             0.436E-30
             0.327E+01             0.315E-30
             0.328E+01             0.323E-29
             0.329E+01             0.157E-31
             0.330E+01             0.120E-28
             0.331E+01             0.189E-28
             0.332E+01             0.580E-29
             0.333E+01             0.101E-29
             0.334E+01             0.135E-28
             0.335E+01             0.140E-29
             0.336E+01             0.144E-29
             0.337E+01             0.158E-29
             0.338E+01             0.610E-29
             0.339E+01             0.108E-29
             0.340E+01             0.166E-29
             0.341E+01             0.213E-30
             0.341E+01             0.399E-29
             0.342E+01             0.262E-30
             0.343E+01             0.193E-29
             0.344E+01             0.359E-29
             0.345E+01             0.807E-30
             0.346E+01             0.432E-30
             0.347E+01             0.735E-29
             0.348E+01             0.222E-29
             0.349E+01             0.122E-29
             0.350E+01             0.184E-30
             0.351E+01             0.282E-31
             0.352E+01             0.875E-29
             0.353E+01             0.924E-29
             0.354E+01             0.900E-31
             0.355E+01             0.166E-29
             0.356E+01             0.871E-30
             0.357E+01             0.787E-31
             0.358E+01             0.381E-31
             0.359E+01             0.190E-30
             0.360E+01             0.103E-30
             0.361E+01             0.785E-30
             0.362E+01             0.182E-29
             0.363E+01             0.228E-29
             0.364E+01             0.111E-29
             0.365E+01             0.595E-30
             0.366E+01             0.190E-29
             0.366E+01             0.391E-31
             0.367E+01             0.409E-30
             0.368E+01             0.151E-28
             0.369E+01             0.701E-29
             0.370E+01             0.126E-29
             0.371E+01             0.472E-31
             0.372E+01             0.203E-29
             0.373E+01             0.592E-31
             0.374E+01             0.127E-29
             0.375E+01             0.209E-29
             0.376E+01             0.218E-29
             0.377E+01             0.157E-29
             0.378E+01             0.927E-31
             0.379E+01             0.604E-30
             0.380E+01             0.429E-29
             0.381E+01             0.276E-30
             0.382E+01             0.127E-32
             0.383E+01             0.218E-30
             0.384E+01             0.257E-31
             0.385E+01             0.356E-29
             0.386E+01             0.219E-30
             0.387E+01             0.334E-30
             0.388E+01             0.579E-30
             0.389E+01             0.629E-30
             0.390E+01             0.869E-33
             0.390E+01             0.117E-30
             0.391E+01             0.339E-30
             0.392E+01             0.852E-32
             0.393E+01             0.154E-29
             0.394E+01             0.118E-29
             0.395E+01             0.585E-31
             0.396E+01             0.251E-30
             0.397E+01             0.448E-29
             0.398E+01             0.125E-29
             0.399E+01             0.235E-29
             0.400E+01             0.639E-31
             0.401E+01             0.145E-29
             0.402E+01             0.349E-30
             0.403E+01             0.131E-29
             0.404E+01             0.642E-32
             0.405E+01             0.605E-30
             0.406E+01             0.126E-29
             0.407E+01             0.992E-30
             0.408E+01             0.117E-30
             0.409E+01             0.963E-30
             0.410E+01             0.890E-30
             0.411E+01             0.246E-29
             0.412E+01             0.149E-30
             0.413E+01             0.533E-29
             0.414E+01             0.140E-30
             0.415E+01             0.357E-30
             0.415E+01             0.355E-29
             0.416E+01             0.243E-30
             0.417E+01             0.237E-29
             0.418E+01             0.513E-31
             0.419E+01             0.763E-31
             0.420E+01             0.227E-30
             0.421E+01             0.121E-29
             0.422E+01             0.236E-30
             0.423E+01             0.390E-29
             0.424E+01             0.866E-30
             0.425E+01             0.844E-31
             0.426E+01             0.724E-29
             0.427E+01             0.217E-29
             0.428E+01             0.815E-29
             0.429E+01             0.607E-30
             0.430E+01             0.156E-30
             0.431E+01             0.386E-29
             0.432E+01             0.135E-28
             0.433E+01             0.116E-29
             0.434E+01             0.857E-35
             0.435E+01             0.155E-29
             0.436E+01             0.689E-30
             0.437E+01             0.243E-29
             0.438E+01             0.747E-31
             0.439E+01             0.194E-31
             0.439E+01             0.117E-29
             0.440E+01             0.205E-29
             0.441E+01             0.498E-30
             0.442E+01             0.266E-29
             0.443E+01             0.277E-30
             0.444E+01             0.737E-29
             0.445E+01             0.133E-30
             0.446E+01             0.541E-30
             0.447E+01             0.167E-29
             0.448E+01             0.221E-29
             0.449E+01             0.259E-29
             0.450E+01             0.717E-31
             0.451E+01             0.325E-30
             0.452E+01             0.802E-30
             0.453E+01             0.282E-29
             0.454E+01             0.240E-29
             0.455E+01             0.450E-29
             0.456E+01             0.211E-30
             0.457E+01             0.304E-29
             0.458E+01             0.671E-30
             0.459E+01             0.474E-31
             0.460E+01             0.336E-29
             0.461E+01             0.231E-30
             0.462E+01             0.116E-28
             0.463E+01             0.103E-28
             0.463E+01             0.879E-29
             0.464E+01             0.749E-32
             0.465E+01             0.252E-29
             0.466E+01             0.145E-30
             0.467E+01             0.789E-30
             0.468E+01             0.556E-29
             0.469E+01             0.178E-30
             0.470E+01             0.222E-29
             0.471E+01             0.119E-31
             0.472E+01             0.273E-29
             0.473E+01             0.393E-29
             0.474E+01             0.411E-29
             0.475E+01             0.352E-30
             0.476E+01             0.435E-29
             0.477E+01             0.941E-30
             0.478E+01             0.146E-30
             0.479E+01             0.130E-30
             0.480E+01             0.109E-29
             0.481E+01             0.113E-29
             0.482E+01             0.593E-30
             0.483E+01             0.907E-31
             0.484E+01             0.251E-30
             0.485E+01             0.684E-30
             0.486E+01             0.347E-29
             0.487E+01             0.336E-28
             0.488E+01             0.172E-29
             0.488E+01             0.255E-29
             0.489E+01             0.918E-31
             0.490E+01             0.198E-30
             0.491E+01             0.284E-30
             0.492E+01             0.361E-30
             0.493E+01             0.188E-29
             0.494E+01             0.124E-29
             0.495E+01             0.148E-30
             0.496E+01             0.163E-31
             0.497E+01             0.544E-33
             0.498E+01             0.273E-30
             0.499E+01             0.157E-30
             0.500E+01             0.938E-30
