            -0.398E+01             0.202E-32
            -0.397E+01             0.263E-33
            -0.395E+01             0.491E-31
            -0.393E+01             0.196E-34
            -0.392E+01             0.660E-31
            -0.390E+01             0.895E-32
            -0.388E+01             0.200E-31
            -0.387E+01             0.265E-33
            -0.385E+01             0.105E-31
            -0.383E+01             0.106E-31
            -0.382E+01             0.366E-32
            -0.380E+01             0.542E-32
            -0.378E+01             0.666E-32
            -0.377E+01             0.607E-32
            -0.375E+01             0.438E-32
            -0.373E+01             0.163E-32
            -0.372E+01             0.604E-33
            -0.370E+01             0.170E-33
            -0.368E+01             0.683E-34
            -0.367E+01             0.640E-36
            -0.365E+01             0.325E-35
            -0.363E+01             0.318E-36
            -0.362E+01             0.282E-36
            -0.360E+01             0.244E-36
            -0.358E+01             0.609E-37
            -0.357E+01             0.727E-37
            -0.355E+01             0.147E-38
            -0.353E+01             0.221E-39
            -0.352E+01             0.138E-37
            -0.350E+01             0.283E-38
            -0.348E+01             0.148E-38
            -0.347E+01             0.154E-39
            -0.345E+01             0.925E-40
            -0.343E+01             0.378E-40
            -0.342E+01             0.765E-42
            -0.340E+01             0.385E-42
            -0.338E+01             0.121E-42
            -0.337E+01             0.449E-43
            -0.335E+01             0.590E-45
            -0.333E+01             0.171E-44
            -0.332E+01             0.251E-44
            -0.330E+01             0.448E-44
            -0.328E+01             0.206E-45
            -0.327E+01             0.711E-47
            -0.325E+01             0.415E-46
            -0.323E+01             0.687E-47
            -0.322E+01             0.107E-47
            -0.320E+01             0.209E-47
            -0.319E+01             0.193E-49
            -0.317E+01             0.220E-50
            -0.315E+01             0.233E-50
            -0.314E+01             0.301E-50
            -0.312E+01             0.152E-50
            -0.310E+01             0.725E-52
            -0.309E+01             0.653E-53
            -0.307E+01             0.535E-53
            -0.305E+01             0.345E-53
            -0.304E+01             0.773E-55
            -0.302E+01             0.998E-57
            -0.300E+01             0.511E-56
            -0.299E+01             0.883E-56
            -0.297E+01             0.425E-57
            -0.295E+01             0.265E-57
            -0.294E+01             0.532E-59
            -0.292E+01             0.698E-60
            -0.290E+01             0.229E-61
            -0.289E+01             0.152E-62
            -0.287E+01             0.213E-61
            -0.285E+01             0.292E-63
            -0.284E+01             0.146E-62
            -0.282E+01             0.426E-61
            -0.280E+01             0.668E-61
            -0.279E+01             0.115E-60
            -0.277E+01             0.205E-62
            -0.275E+01             0.253E-60
            -0.274E+01             0.831E-61
            -0.272E+01             0.659E-61
            -0.270E+01             0.648E-60
            -0.269E+01             0.387E-59
            -0.267E+01             0.287E-58
            -0.265E+01             0.158E-57
            -0.264E+01             0.861E-57
            -0.262E+01             0.468E-56
            -0.260E+01             0.252E-55
            -0.259E+01             0.134E-54
            -0.257E+01             0.705E-54
            -0.255E+01             0.367E-53
            -0.254E+01             0.190E-52
            -0.252E+01             0.968E-52
            -0.250E+01             0.489E-51
            -0.249E+01             0.245E-50
            -0.247E+01             0.121E-49
            -0.245E+01             0.593E-49
            -0.244E+01             0.288E-48
            -0.242E+01             0.138E-47
            -0.240E+01             0.656E-47
            -0.239E+01             0.308E-46
            -0.237E+01             0.143E-45
            -0.235E+01             0.660E-45
            -0.234E+01             0.301E-44
            -0.232E+01             0.136E-43
            -0.230E+01             0.605E-43
            -0.229E+01             0.267E-42
            -0.227E+01             0.117E-41
            -0.225E+01             0.505E-41
            -0.224E+01             0.216E-40
            -0.222E+01             0.916E-40
            -0.220E+01             0.384E-39
            -0.219E+01             0.159E-38
            -0.217E+01             0.653E-38
            -0.215E+01             0.265E-37
            -0.214E+01             0.106E-36
            -0.212E+01             0.423E-36
            -0.210E+01             0.167E-35
            -0.209E+01             0.648E-35
            -0.207E+01             0.250E-34
            -0.205E+01             0.951E-34
            -0.204E+01             0.359E-33
            -0.202E+01             0.134E-32
            -0.200E+01             0.494E-32
            -0.199E+01             0.180E-31
            -0.197E+01             0.652E-31
            -0.195E+01             0.233E-30
            -0.194E+01             0.824E-30
            -0.192E+01             0.288E-29
            -0.190E+01             0.999E-29
            -0.189E+01             0.342E-28
            -0.187E+01             0.116E-27
            -0.185E+01             0.389E-27
            -0.184E+01             0.129E-26
            -0.182E+01             0.423E-26
            -0.180E+01             0.137E-25
            -0.179E+01             0.441E-25
            -0.177E+01             0.140E-24
            -0.175E+01             0.440E-24
            -0.174E+01             0.137E-23
            -0.172E+01             0.421E-23
            -0.170E+01             0.128E-22
            -0.169E+01             0.386E-22
            -0.167E+01             0.115E-21
            -0.165E+01             0.338E-21
            -0.164E+01             0.985E-21
            -0.162E+01             0.284E-20
            -0.160E+01             0.809E-20
            -0.159E+01             0.228E-19
            -0.157E+01             0.636E-19
            -0.156E+01             0.175E-18
            -0.154E+01             0.479E-18
            -0.152E+01             0.129E-17
            -0.151E+01             0.345E-17
            -0.149E+01             0.910E-17
            -0.147E+01             0.238E-16
            -0.146E+01             0.614E-16
            -0.144E+01             0.157E-15
            -0.142E+01             0.396E-15
            -0.141E+01             0.989E-15
            -0.139E+01             0.244E-14
            -0.137E+01             0.597E-14
            -0.136E+01             0.144E-13
            -0.134E+01             0.345E-13
            -0.132E+01             0.815E-13
            -0.131E+01             0.191E-12
            -0.129E+01             0.440E-12
            -0.127E+01             0.101E-11
            -0.126E+01             0.228E-11
            -0.124E+01             0.509E-11
            -0.122E+01             0.112E-10
            -0.121E+01             0.246E-10
            -0.119E+01             0.531E-10
            -0.117E+01             0.114E-09
            -0.116E+01             0.240E-09
            -0.114E+01             0.501E-09
            -0.112E+01             0.104E-08
            -0.111E+01             0.211E-08
            -0.109E+01             0.427E-08
            -0.107E+01             0.853E-08
            -0.106E+01             0.168E-07
            -0.104E+01             0.329E-07
            -0.102E+01             0.634E-07
            -0.101E+01             0.121E-06
            -0.990E+00             0.228E-06
            -0.973E+00             0.425E-06
            -0.956E+00             0.784E-06
            -0.940E+00             0.143E-05
            -0.923E+00             0.257E-05
            -0.906E+00             0.458E-05
            -0.890E+00             0.806E-05
            -0.873E+00             0.140E-04
            -0.857E+00             0.241E-04
            -0.840E+00             0.409E-04
            -0.823E+00             0.687E-04
            -0.807E+00             0.114E-03
            -0.790E+00             0.187E-03
            -0.773E+00             0.303E-03
            -0.757E+00             0.486E-03
            -0.740E+00             0.768E-03
            -0.723E+00             0.120E-02
            -0.707E+00             0.186E-02
            -0.690E+00             0.283E-02
            -0.674E+00             0.427E-02
            -0.657E+00             0.637E-02
            -0.640E+00             0.937E-02
            -0.624E+00             0.136E-01
            -0.607E+00             0.195E-01
            -0.590E+00             0.277E-01
            -0.574E+00             0.388E-01
            -0.557E+00             0.536E-01
            -0.541E+00             0.732E-01
            -0.524E+00             0.986E-01
            -0.507E+00             0.131E+00
            -0.491E+00             0.172E+00
            -0.474E+00             0.223E+00
            -0.457E+00             0.285E+00
            -0.441E+00             0.360E+00
            -0.424E+00             0.447E+00
            -0.407E+00             0.548E+00
            -0.391E+00             0.663E+00
            -0.374E+00             0.790E+00
            -0.358E+00             0.927E+00
            -0.341E+00             0.107E+01
            -0.324E+00             0.122E+01
            -0.308E+00             0.137E+01
            -0.291E+00             0.151E+01
            -0.274E+00             0.163E+01
            -0.258E+00             0.173E+01
            -0.241E+00             0.181E+01
            -0.225E+00             0.185E+01
            -0.208E+00             0.185E+01
            -0.191E+00             0.181E+01
            -0.175E+00             0.173E+01
            -0.158E+00             0.161E+01
            -0.141E+00             0.145E+01
            -0.125E+00             0.126E+01
            -0.108E+00             0.104E+01
            -0.915E-01             0.825E+00
            -0.748E-01             0.609E+00
            -0.582E-01             0.410E+00
            -0.416E-01             0.240E+00
            -0.249E-01             0.109E+00
            -0.832E-02             0.278E-01
             0.832E-02             0.307E-25
             0.249E-01             0.278E-01
             0.416E-01             0.109E+00
             0.582E-01             0.240E+00
             0.748E-01             0.410E+00
             0.915E-01             0.609E+00
             0.108E+00             0.825E+00
             0.125E+00             0.104E+01
             0.141E+00             0.126E+01
             0.158E+00             0.145E+01
             0.175E+00             0.161E+01
             0.191E+00             0.173E+01
             0.208E+00             0.181E+01
             0.225E+00             0.185E+01
             0.241E+00             0.185E+01
             0.258E+00             0.181E+01
             0.274E+00             0.173E+01
             0.291E+00             0.163E+01
             0.308E+00             0.151E+01
             0.324E+00             0.137E+01
             0.341E+00             0.122E+01
             0.358E+00             0.107E+01
             0.374E+00             0.927E+00
             0.391E+00             0.790E+00
             0.407E+00             0.663E+00
             0.424E+00             0.548E+00
             0.441E+00             0.447E+00
             0.457E+00             0.360E+00
             0.474E+00             0.285E+00
             0.491E+00             0.223E+00
             0.507E+00             0.172E+00
             0.524E+00             0.131E+00
             0.541E+00             0.986E-01
             0.557E+00             0.732E-01
             0.574E+00             0.536E-01
             0.590E+00             0.388E-01
             0.607E+00             0.277E-01
             0.624E+00             0.195E-01
             0.640E+00             0.136E-01
             0.657E+00             0.937E-02
             0.674E+00             0.637E-02
             0.690E+00             0.427E-02
             0.707E+00             0.283E-02
             0.723E+00             0.186E-02
             0.740E+00             0.120E-02
             0.757E+00             0.768E-03
             0.773E+00             0.486E-03
             0.790E+00             0.303E-03
             0.807E+00             0.187E-03
             0.823E+00             0.114E-03
             0.840E+00             0.687E-04
             0.857E+00             0.409E-04
             0.873E+00             0.241E-04
             0.890E+00             0.140E-04
             0.906E+00             0.806E-05
             0.923E+00             0.458E-05
             0.940E+00             0.257E-05
             0.956E+00             0.143E-05
             0.973E+00             0.784E-06
             0.990E+00             0.425E-06
             0.101E+01             0.228E-06
             0.102E+01             0.121E-06
             0.104E+01             0.634E-07
             0.106E+01             0.329E-07
             0.107E+01             0.168E-07
             0.109E+01             0.853E-08
             0.111E+01             0.427E-08
             0.112E+01             0.211E-08
             0.114E+01             0.104E-08
             0.116E+01             0.501E-09
             0.117E+01             0.240E-09
             0.119E+01             0.114E-09
             0.121E+01             0.531E-10
             0.122E+01             0.246E-10
             0.124E+01             0.112E-10
             0.126E+01             0.509E-11
             0.127E+01             0.228E-11
             0.129E+01             0.101E-11
             0.131E+01             0.440E-12
             0.132E+01             0.191E-12
             0.134E+01             0.815E-13
             0.136E+01             0.345E-13
             0.137E+01             0.144E-13
             0.139E+01             0.597E-14
             0.141E+01             0.244E-14
             0.142E+01             0.989E-15
             0.144E+01             0.396E-15
             0.146E+01             0.157E-15
             0.147E+01             0.614E-16
             0.149E+01             0.238E-16
             0.151E+01             0.910E-17
             0.152E+01             0.345E-17
             0.154E+01             0.129E-17
             0.156E+01             0.479E-18
             0.157E+01             0.175E-18
             0.159E+01             0.636E-19
             0.160E+01             0.228E-19
             0.162E+01             0.809E-20
             0.164E+01             0.284E-20
             0.165E+01             0.985E-21
             0.167E+01             0.338E-21
             0.169E+01             0.115E-21
             0.170E+01             0.385E-22
             0.172E+01             0.128E-22
             0.174E+01             0.422E-23
             0.175E+01             0.137E-23
             0.177E+01             0.440E-24
             0.179E+01             0.141E-24
             0.180E+01             0.441E-25
             0.182E+01             0.136E-25
             0.184E+01             0.412E-26
             0.185E+01             0.113E-26
             0.187E+01             0.344E-27
             0.189E+01             0.241E-27
             0.190E+01             0.103E-27
             0.192E+01             0.456E-29
             0.194E+01             0.685E-30
             0.195E+01             0.229E-30
             0.197E+01             0.556E-29
             0.199E+01             0.882E-30
             0.200E+01             0.397E-29
             0.202E+01             0.101E-29
             0.204E+01             0.547E-30
             0.205E+01             0.141E-29
             0.207E+01             0.643E-30
             0.209E+01             0.126E-29
             0.210E+01             0.197E-30
             0.212E+01             0.910E-31
             0.214E+01             0.795E-31
             0.215E+01             0.630E-30
             0.217E+01             0.112E-31
             0.219E+01             0.174E-31
             0.220E+01             0.105E-30
             0.222E+01             0.267E-32
             0.224E+01             0.366E-30
             0.225E+01             0.220E-29
             0.227E+01             0.191E-30
             0.229E+01             0.120E-29
             0.230E+01             0.243E-30
             0.232E+01             0.170E-30
             0.234E+01             0.173E-29
             0.235E+01             0.523E-32
             0.237E+01             0.190E-29
             0.239E+01             0.488E-29
             0.240E+01             0.246E-31
             0.242E+01             0.133E-29
             0.244E+01             0.137E-31
             0.245E+01             0.229E-29
             0.247E+01             0.615E-30
             0.249E+01             0.142E-29
             0.250E+01             0.415E-30
             0.252E+01             0.497E-30
             0.254E+01             0.806E-30
             0.255E+01             0.297E-29
             0.257E+01             0.959E-30
             0.259E+01             0.467E-29
             0.260E+01             0.439E-29
             0.262E+01             0.775E-30
             0.264E+01             0.392E-31
             0.265E+01             0.885E-30
             0.267E+01             0.207E-29
             0.269E+01             0.780E-30
             0.270E+01             0.374E-29
             0.272E+01             0.788E-31
             0.274E+01             0.245E-30
             0.275E+01             0.391E-31
             0.277E+01             0.418E-30
             0.279E+01             0.597E-29
             0.280E+01             0.131E-29
             0.282E+01             0.328E-30
             0.284E+01             0.871E-30
             0.285E+01             0.117E-31
             0.287E+01             0.896E-30
             0.289E+01             0.117E-30
             0.290E+01             0.466E-30
             0.292E+01             0.501E-31
             0.294E+01             0.787E-29
             0.295E+01             0.632E-31
             0.297E+01             0.198E-29
             0.299E+01             0.261E-29
             0.300E+01             0.736E-30
             0.302E+01             0.823E-30
             0.304E+01             0.356E-30
             0.305E+01             0.176E-29
             0.307E+01             0.143E-30
             0.309E+01             0.100E-29
             0.310E+01             0.125E-30
             0.312E+01             0.381E-29
             0.314E+01             0.307E-30
             0.315E+01             0.278E-30
             0.317E+01             0.160E-30
             0.319E+01             0.103E-29
             0.320E+01             0.984E-30
             0.322E+01             0.544E-31
             0.323E+01             0.599E-31
             0.325E+01             0.146E-29
             0.327E+01             0.603E-30
             0.328E+01             0.398E-30
             0.330E+01             0.950E-31
             0.332E+01             0.117E-32
             0.333E+01             0.121E-29
             0.335E+01             0.761E-30
             0.337E+01             0.275E-32
             0.338E+01             0.232E-30
             0.340E+01             0.766E-30
             0.342E+01             0.631E-30
             0.343E+01             0.159E-30
             0.345E+01             0.107E-29
             0.347E+01             0.130E-30
             0.348E+01             0.147E-29
             0.350E+01             0.874E-31
             0.352E+01             0.532E-30
             0.353E+01             0.469E-30
             0.355E+01             0.125E-29
             0.357E+01             0.145E-30
             0.358E+01             0.468E-29
             0.360E+01             0.100E-29
             0.362E+01             0.332E-31
             0.363E+01             0.331E-29
             0.365E+01             0.353E-29
             0.367E+01             0.545E-30
             0.368E+01             0.479E-29
             0.370E+01             0.499E-30
             0.372E+01             0.519E-30
             0.373E+01             0.541E-29
             0.375E+01             0.168E-29
             0.377E+01             0.313E-31
             0.378E+01             0.138E-30
             0.380E+01             0.294E-29
             0.382E+01             0.290E-30
             0.383E+01             0.469E-29
             0.385E+01             0.846E-30
             0.387E+01             0.398E-30
             0.388E+01             0.146E-29
             0.390E+01             0.805E-31
             0.392E+01             0.100E-31
             0.393E+01             0.878E-31
             0.395E+01             0.221E-29
             0.397E+01             0.105E-30
             0.398E+01             0.188E-30
             0.400E+01             0.457E-30
