            -0.299E+01             0.428E-62
            -0.298E+01             0.793E-62
            -0.298E+01             0.982E-62
            -0.297E+01             0.372E-61
            -0.296E+01             0.143E-63
            -0.295E+01             0.842E-62
            -0.294E+01             0.437E-61
            -0.294E+01             0.894E-63
            -0.293E+01             0.221E-61
            -0.292E+01             0.321E-61
            -0.291E+01             0.261E-61
            -0.291E+01             0.116E-60
            -0.290E+01             0.760E-64
            -0.289E+01             0.188E-60
            -0.288E+01             0.130E-61
            -0.287E+01             0.147E-61
            -0.287E+01             0.327E-62
            -0.286E+01             0.117E-60
            -0.285E+01             0.625E-62
            -0.284E+01             0.378E-62
            -0.283E+01             0.245E-62
            -0.283E+01             0.881E-61
            -0.282E+01             0.555E-62
            -0.281E+01             0.254E-61
            -0.280E+01             0.535E-61
            -0.280E+01             0.830E-61
            -0.279E+01             0.446E-60
            -0.278E+01             0.619E-60
            -0.277E+01             0.230E-59
            -0.276E+01             0.557E-59
            -0.276E+01             0.142E-58
            -0.275E+01             0.381E-58
            -0.274E+01             0.705E-58
            -0.273E+01             0.170E-57
            -0.272E+01             0.397E-57
            -0.272E+01             0.909E-57
            -0.271E+01             0.211E-56
            -0.270E+01             0.484E-56
            -0.269E+01             0.111E-55
            -0.268E+01             0.253E-55
            -0.268E+01             0.576E-55
            -0.267E+01             0.131E-54
            -0.266E+01             0.296E-54
            -0.265E+01             0.670E-54
            -0.265E+01             0.151E-53
            -0.264E+01             0.340E-53
            -0.263E+01             0.763E-53
            -0.262E+01             0.171E-52
            -0.261E+01             0.382E-52
            -0.261E+01             0.850E-52
            -0.260E+01             0.189E-51
            -0.259E+01             0.419E-51
            -0.258E+01             0.926E-51
            -0.257E+01             0.204E-50
            -0.257E+01             0.449E-50
            -0.256E+01             0.986E-50
            -0.255E+01             0.216E-49
            -0.254E+01             0.471E-49
            -0.253E+01             0.103E-48
            -0.253E+01             0.223E-48
            -0.252E+01             0.483E-48
            -0.251E+01             0.104E-47
            -0.250E+01             0.225E-47
            -0.250E+01             0.484E-47
            -0.249E+01             0.104E-46
            -0.248E+01             0.222E-46
            -0.247E+01             0.475E-46
            -0.246E+01             0.101E-45
            -0.246E+01             0.215E-45
            -0.245E+01             0.455E-45
            -0.244E+01             0.962E-45
            -0.243E+01             0.203E-44
            -0.242E+01             0.427E-44
            -0.242E+01             0.895E-44
            -0.241E+01             0.187E-43
            -0.240E+01             0.391E-43
            -0.239E+01             0.814E-43
            -0.239E+01             0.169E-42
            -0.238E+01             0.350E-42
            -0.237E+01             0.723E-42
            -0.236E+01             0.149E-41
            -0.235E+01             0.307E-41
            -0.235E+01             0.629E-41
            -0.234E+01             0.129E-40
            -0.233E+01             0.262E-40
            -0.232E+01             0.534E-40
            -0.231E+01             0.108E-39
            -0.231E+01             0.220E-39
            -0.230E+01             0.444E-39
            -0.229E+01             0.894E-39
            -0.228E+01             0.180E-38
            -0.227E+01             0.360E-38
            -0.227E+01             0.720E-38
            -0.226E+01             0.144E-37
            -0.225E+01             0.286E-37
            -0.224E+01             0.568E-37
            -0.224E+01             0.112E-36
            -0.223E+01             0.222E-36
            -0.222E+01             0.437E-36
            -0.221E+01             0.859E-36
            -0.220E+01             0.168E-35
            -0.220E+01             0.329E-35
            -0.219E+01             0.641E-35
            -0.218E+01             0.125E-34
            -0.217E+01             0.242E-34
            -0.216E+01             0.468E-34
            -0.216E+01             0.904E-34
            -0.215E+01             0.174E-33
            -0.214E+01             0.334E-33
            -0.213E+01             0.640E-33
            -0.212E+01             0.122E-32
            -0.212E+01             0.233E-32
            -0.211E+01             0.443E-32
            -0.210E+01             0.841E-32
            -0.209E+01             0.159E-31
            -0.209E+01             0.300E-31
            -0.208E+01             0.565E-31
            -0.207E+01             0.106E-30
            -0.206E+01             0.198E-30
            -0.205E+01             0.371E-30
            -0.205E+01             0.690E-30
            -0.204E+01             0.128E-29
            -0.203E+01             0.238E-29
            -0.202E+01             0.439E-29
            -0.201E+01             0.810E-29
            -0.201E+01             0.149E-28
            -0.200E+01             0.273E-28
            -0.199E+01             0.500E-28
            -0.198E+01             0.913E-28
            -0.198E+01             0.166E-27
            -0.197E+01             0.302E-27
            -0.196E+01             0.547E-27
            -0.195E+01             0.988E-27
            -0.194E+01             0.178E-26
            -0.194E+01             0.320E-26
            -0.193E+01             0.573E-26
            -0.192E+01             0.103E-25
            -0.191E+01             0.183E-25
            -0.190E+01             0.325E-25
            -0.190E+01             0.577E-25
            -0.189E+01             0.102E-24
            -0.188E+01             0.180E-24
            -0.187E+01             0.318E-24
            -0.186E+01             0.558E-24
            -0.186E+01             0.977E-24
            -0.185E+01             0.171E-23
            -0.184E+01             0.298E-23
            -0.183E+01             0.517E-23
            -0.183E+01             0.897E-23
            -0.182E+01             0.155E-22
            -0.181E+01             0.267E-22
            -0.180E+01             0.460E-22
            -0.179E+01             0.790E-22
            -0.179E+01             0.135E-21
            -0.178E+01             0.231E-21
            -0.177E+01             0.393E-21
            -0.176E+01             0.667E-21
            -0.175E+01             0.113E-20
            -0.175E+01             0.191E-20
            -0.174E+01             0.322E-20
            -0.173E+01             0.541E-20
            -0.172E+01             0.907E-20
            -0.171E+01             0.152E-19
            -0.171E+01             0.253E-19
            -0.170E+01             0.421E-19
            -0.169E+01             0.698E-19
            -0.168E+01             0.116E-18
            -0.168E+01             0.191E-18
            -0.167E+01             0.314E-18
            -0.166E+01             0.515E-18
            -0.165E+01             0.844E-18
            -0.164E+01             0.138E-17
            -0.164E+01             0.225E-17
            -0.163E+01             0.365E-17
            -0.162E+01             0.591E-17
            -0.161E+01             0.956E-17
            -0.160E+01             0.154E-16
            -0.160E+01             0.248E-16
            -0.159E+01             0.397E-16
            -0.158E+01             0.636E-16
            -0.157E+01             0.101E-15
            -0.157E+01             0.161E-15
            -0.156E+01             0.256E-15
            -0.155E+01             0.405E-15
            -0.154E+01             0.640E-15
            -0.153E+01             0.101E-14
            -0.153E+01             0.158E-14
            -0.152E+01             0.248E-14
            -0.151E+01             0.387E-14
            -0.150E+01             0.603E-14
            -0.149E+01             0.936E-14
            -0.149E+01             0.145E-13
            -0.148E+01             0.224E-13
            -0.147E+01             0.346E-13
            -0.146E+01             0.532E-13
            -0.145E+01             0.815E-13
            -0.145E+01             0.125E-12
            -0.144E+01             0.190E-12
            -0.143E+01             0.289E-12
            -0.142E+01             0.439E-12
            -0.142E+01             0.664E-12
            -0.141E+01             0.100E-11
            -0.140E+01             0.151E-11
            -0.139E+01             0.226E-11
            -0.138E+01             0.339E-11
            -0.138E+01             0.506E-11
            -0.137E+01             0.753E-11
            -0.136E+01             0.112E-10
            -0.135E+01             0.166E-10
            -0.134E+01             0.244E-10
            -0.134E+01             0.360E-10
            -0.133E+01             0.529E-10
            -0.132E+01             0.775E-10
            -0.131E+01             0.113E-09
            -0.130E+01             0.165E-09
            -0.130E+01             0.240E-09
            -0.129E+01             0.347E-09
            -0.128E+01             0.502E-09
            -0.127E+01             0.724E-09
            -0.127E+01             0.104E-08
            -0.126E+01             0.149E-08
            -0.125E+01             0.213E-08
            -0.124E+01             0.304E-08
            -0.123E+01             0.432E-08
            -0.123E+01             0.612E-08
            -0.122E+01             0.866E-08
            -0.121E+01             0.122E-07
            -0.120E+01             0.172E-07
            -0.119E+01             0.241E-07
            -0.119E+01             0.337E-07
            -0.118E+01             0.470E-07
            -0.117E+01             0.653E-07
            -0.116E+01             0.906E-07
            -0.116E+01             0.125E-06
            -0.115E+01             0.173E-06
            -0.114E+01             0.238E-06
            -0.113E+01             0.326E-06
            -0.112E+01             0.446E-06
            -0.112E+01             0.608E-06
            -0.111E+01             0.826E-06
            -0.110E+01             0.112E-05
            -0.109E+01             0.152E-05
            -0.108E+01             0.204E-05
            -0.108E+01             0.275E-05
            -0.107E+01             0.368E-05
            -0.106E+01             0.492E-05
            -0.105E+01             0.657E-05
            -0.104E+01             0.873E-05
            -0.104E+01             0.116E-04
            -0.103E+01             0.153E-04
            -0.102E+01             0.202E-04
            -0.101E+01             0.265E-04
            -0.101E+01             0.347E-04
            -0.997E+00             0.453E-04
            -0.989E+00             0.591E-04
            -0.982E+00             0.767E-04
            -0.974E+00             0.993E-04
            -0.966E+00             0.128E-03
            -0.958E+00             0.165E-03
            -0.950E+00             0.212E-03
            -0.942E+00             0.271E-03
            -0.934E+00             0.346E-03
            -0.926E+00             0.441E-03
            -0.919E+00             0.559E-03
            -0.911E+00             0.707E-03
            -0.903E+00             0.891E-03
            -0.895E+00             0.112E-02
            -0.887E+00             0.140E-02
            -0.879E+00             0.175E-02
            -0.871E+00             0.218E-02
            -0.863E+00             0.271E-02
            -0.855E+00             0.336E-02
            -0.848E+00             0.414E-02
            -0.840E+00             0.510E-02
            -0.832E+00             0.625E-02
            -0.824E+00             0.764E-02
            -0.816E+00             0.931E-02
            -0.808E+00             0.113E-01
            -0.800E+00             0.137E-01
            -0.792E+00             0.165E-01
            -0.784E+00             0.199E-01
            -0.777E+00             0.238E-01
            -0.769E+00             0.285E-01
            -0.761E+00             0.339E-01
            -0.753E+00             0.403E-01
            -0.745E+00             0.477E-01
            -0.737E+00             0.562E-01
            -0.729E+00             0.661E-01
            -0.721E+00             0.774E-01
            -0.714E+00             0.903E-01
            -0.706E+00             0.105E+00
            -0.698E+00             0.122E+00
            -0.690E+00             0.141E+00
            -0.682E+00             0.162E+00
            -0.674E+00             0.186E+00
            -0.666E+00             0.212E+00
            -0.658E+00             0.241E+00
            -0.650E+00             0.274E+00
            -0.643E+00             0.309E+00
            -0.635E+00             0.348E+00
            -0.627E+00             0.390E+00
            -0.619E+00             0.436E+00
            -0.611E+00             0.485E+00
            -0.603E+00             0.537E+00
            -0.595E+00             0.592E+00
            -0.587E+00             0.651E+00
            -0.580E+00             0.712E+00
            -0.572E+00             0.776E+00
            -0.564E+00             0.841E+00
            -0.556E+00             0.908E+00
            -0.548E+00             0.976E+00
            -0.540E+00             0.104E+01
            -0.532E+00             0.111E+01
            -0.524E+00             0.118E+01
            -0.516E+00             0.124E+01
            -0.509E+00             0.130E+01
            -0.501E+00             0.136E+01
            -0.493E+00             0.141E+01
            -0.485E+00             0.145E+01
            -0.477E+00             0.149E+01
            -0.469E+00             0.152E+01
            -0.461E+00             0.154E+01
            -0.453E+00             0.155E+01
            -0.445E+00             0.154E+01
            -0.438E+00             0.153E+01
            -0.430E+00             0.150E+01
            -0.422E+00             0.147E+01
            -0.414E+00             0.142E+01
            -0.406E+00             0.136E+01
            -0.398E+00             0.129E+01
            -0.390E+00             0.121E+01
            -0.382E+00             0.112E+01
            -0.375E+00             0.102E+01
            -0.367E+00             0.922E+00
            -0.359E+00             0.816E+00
            -0.351E+00             0.708E+00
            -0.343E+00             0.601E+00
            -0.335E+00             0.496E+00
            -0.327E+00             0.396E+00
            -0.319E+00             0.303E+00
            -0.311E+00             0.220E+00
            -0.304E+00             0.147E+00
            -0.296E+00             0.879E-01
            -0.288E+00             0.429E-01
            -0.280E+00             0.136E-01
            -0.272E+00             0.624E-03
            -0.264E+00             0.444E-02
            -0.256E+00             0.249E-01
            -0.248E+00             0.615E-01
            -0.240E+00             0.113E+00
            -0.233E+00             0.178E+00
            -0.225E+00             0.255E+00
            -0.217E+00             0.341E+00
            -0.209E+00             0.434E+00
            -0.201E+00             0.530E+00
            -0.193E+00             0.628E+00
            -0.185E+00             0.723E+00
            -0.177E+00             0.813E+00
            -0.170E+00             0.895E+00
            -0.162E+00             0.966E+00
            -0.154E+00             0.102E+01
            -0.146E+00             0.107E+01
            -0.138E+00             0.109E+01
            -0.130E+00             0.110E+01
            -0.122E+00             0.109E+01
            -0.114E+00             0.106E+01
            -0.106E+00             0.101E+01
            -0.986E-01             0.954E+00
            -0.907E-01             0.879E+00
            -0.828E-01             0.794E+00
            -0.749E-01             0.700E+00
            -0.670E-01             0.600E+00
            -0.591E-01             0.499E+00
            -0.512E-01             0.400E+00
            -0.434E-01             0.305E+00
            -0.355E-01             0.219E+00
            -0.276E-01             0.144E+00
            -0.197E-01             0.826E-01
            -0.118E-01             0.373E-01
            -0.394E-02             0.939E-02
             0.394E-02             0.247E-24
             0.118E-01             0.939E-02
             0.197E-01             0.373E-01
             0.276E-01             0.826E-01
             0.355E-01             0.144E+00
             0.434E-01             0.219E+00
             0.512E-01             0.305E+00
             0.591E-01             0.400E+00
             0.670E-01             0.499E+00
             0.749E-01             0.600E+00
             0.828E-01             0.700E+00
             0.907E-01             0.794E+00
             0.986E-01             0.879E+00
             0.106E+00             0.954E+00
             0.114E+00             0.101E+01
             0.122E+00             0.106E+01
             0.130E+00             0.109E+01
             0.138E+00             0.110E+01
             0.146E+00             0.109E+01
             0.154E+00             0.107E+01
             0.162E+00             0.102E+01
             0.170E+00             0.966E+00
             0.177E+00             0.895E+00
             0.185E+00             0.813E+00
             0.193E+00             0.723E+00
             0.201E+00             0.628E+00
             0.209E+00             0.530E+00
             0.217E+00             0.434E+00
             0.225E+00             0.341E+00
             0.233E+00             0.255E+00
             0.240E+00             0.178E+00
             0.248E+00             0.113E+00
             0.256E+00             0.615E-01
             0.264E+00             0.249E-01
             0.272E+00             0.444E-02
             0.280E+00             0.624E-03
             0.288E+00             0.136E-01
             0.296E+00             0.429E-01
             0.304E+00             0.879E-01
             0.311E+00             0.147E+00
             0.319E+00             0.220E+00
             0.327E+00             0.303E+00
             0.335E+00             0.396E+00
             0.343E+00             0.496E+00
             0.351E+00             0.601E+00
             0.359E+00             0.708E+00
             0.367E+00             0.816E+00
             0.375E+00             0.922E+00
             0.382E+00             0.102E+01
             0.390E+00             0.112E+01
             0.398E+00             0.121E+01
             0.406E+00             0.129E+01
             0.414E+00             0.136E+01
             0.422E+00             0.142E+01
             0.430E+00             0.147E+01
             0.438E+00             0.150E+01
             0.445E+00             0.153E+01
             0.453E+00             0.154E+01
             0.461E+00             0.155E+01
             0.469E+00             0.154E+01
             0.477E+00             0.152E+01
             0.485E+00             0.149E+01
             0.493E+00             0.145E+01
             0.501E+00             0.141E+01
             0.509E+00             0.136E+01
             0.516E+00             0.130E+01
             0.524E+00             0.124E+01
             0.532E+00             0.118E+01
             0.540E+00             0.111E+01
             0.548E+00             0.104E+01
             0.556E+00             0.976E+00
             0.564E+00             0.908E+00
             0.572E+00             0.841E+00
             0.580E+00             0.776E+00
             0.587E+00             0.712E+00
             0.595E+00             0.651E+00
             0.603E+00             0.592E+00
             0.611E+00             0.537E+00
             0.619E+00             0.485E+00
             0.627E+00             0.436E+00
             0.635E+00             0.390E+00
             0.643E+00             0.348E+00
             0.650E+00             0.309E+00
             0.658E+00             0.274E+00
             0.666E+00             0.241E+00
             0.674E+00             0.212E+00
             0.682E+00             0.186E+00
             0.690E+00             0.162E+00
             0.698E+00             0.141E+00
             0.706E+00             0.122E+00
             0.714E+00             0.105E+00
             0.721E+00             0.903E-01
             0.729E+00             0.774E-01
             0.737E+00             0.661E-01
             0.745E+00             0.562E-01
             0.753E+00             0.477E-01
             0.761E+00             0.403E-01
             0.769E+00             0.339E-01
             0.777E+00             0.285E-01
             0.784E+00             0.238E-01
             0.792E+00             0.199E-01
             0.800E+00             0.165E-01
             0.808E+00             0.137E-01
             0.816E+00             0.113E-01
             0.824E+00             0.931E-02
             0.832E+00             0.764E-02
             0.840E+00             0.625E-02
             0.848E+00             0.510E-02
             0.855E+00             0.414E-02
             0.863E+00             0.336E-02
             0.871E+00             0.271E-02
             0.879E+00             0.218E-02
             0.887E+00             0.175E-02
             0.895E+00             0.140E-02
             0.903E+00             0.112E-02
             0.911E+00             0.891E-03
             0.919E+00             0.707E-03
             0.926E+00             0.559E-03
             0.934E+00             0.441E-03
             0.942E+00             0.346E-03
             0.950E+00             0.271E-03
             0.958E+00             0.212E-03
             0.966E+00             0.165E-03
             0.974E+00             0.128E-03
             0.982E+00             0.993E-04
             0.989E+00             0.767E-04
             0.997E+00             0.591E-04
             0.101E+01             0.453E-04
             0.101E+01             0.347E-04
             0.102E+01             0.265E-04
             0.103E+01             0.202E-04
             0.104E+01             0.153E-04
             0.104E+01             0.116E-04
             0.105E+01             0.873E-05
             0.106E+01             0.657E-05
             0.107E+01             0.492E-05
             0.108E+01             0.368E-05
             0.108E+01             0.275E-05
             0.109E+01             0.204E-05
             0.110E+01             0.152E-05
             0.111E+01             0.112E-05
             0.112E+01             0.826E-06
             0.112E+01             0.608E-06
             0.113E+01             0.446E-06
             0.114E+01             0.326E-06
             0.115E+01             0.238E-06
             0.116E+01             0.173E-06
             0.116E+01             0.125E-06
             0.117E+01             0.906E-07
             0.118E+01             0.653E-07
             0.119E+01             0.470E-07
             0.119E+01             0.337E-07
             0.120E+01             0.241E-07
             0.121E+01             0.172E-07
             0.122E+01             0.122E-07
             0.123E+01             0.866E-08
             0.123E+01             0.612E-08
             0.124E+01             0.432E-08
             0.125E+01             0.304E-08
             0.126E+01             0.213E-08
             0.127E+01             0.149E-08
             0.127E+01             0.104E-08
             0.128E+01             0.724E-09
             0.129E+01             0.502E-09
             0.130E+01             0.347E-09
             0.130E+01             0.240E-09
             0.131E+01             0.165E-09
             0.132E+01             0.113E-09
             0.133E+01             0.775E-10
             0.134E+01             0.529E-10
             0.134E+01             0.360E-10
             0.135E+01             0.244E-10
             0.136E+01             0.166E-10
             0.137E+01             0.112E-10
             0.138E+01             0.753E-11
             0.138E+01             0.506E-11
             0.139E+01             0.339E-11
             0.140E+01             0.226E-11
             0.141E+01             0.151E-11
             0.142E+01             0.100E-11
             0.142E+01             0.664E-12
             0.143E+01             0.439E-12
             0.144E+01             0.289E-12
             0.145E+01             0.190E-12
             0.145E+01             0.125E-12
             0.146E+01             0.815E-13
             0.147E+01             0.532E-13
             0.148E+01             0.346E-13
             0.149E+01             0.224E-13
             0.149E+01             0.145E-13
             0.150E+01             0.936E-14
             0.151E+01             0.603E-14
             0.152E+01             0.387E-14
             0.153E+01             0.248E-14
             0.153E+01             0.158E-14
             0.154E+01             0.101E-14
             0.155E+01             0.640E-15
             0.156E+01             0.405E-15
             0.157E+01             0.256E-15
             0.157E+01             0.161E-15
             0.158E+01             0.101E-15
             0.159E+01             0.636E-16
             0.160E+01             0.397E-16
             0.160E+01             0.248E-16
             0.161E+01             0.154E-16
             0.162E+01             0.956E-17
             0.163E+01             0.591E-17
             0.164E+01             0.365E-17
             0.164E+01             0.225E-17
             0.165E+01             0.138E-17
             0.166E+01             0.844E-18
             0.167E+01             0.515E-18
             0.168E+01             0.314E-18
             0.168E+01             0.191E-18
             0.169E+01             0.116E-18
             0.170E+01             0.698E-19
             0.171E+01             0.421E-19
             0.171E+01             0.253E-19
             0.172E+01             0.152E-19
             0.173E+01             0.907E-20
             0.174E+01             0.541E-20
             0.175E+01             0.322E-20
             0.175E+01             0.191E-20
             0.176E+01             0.113E-20
             0.177E+01             0.667E-21
             0.178E+01             0.393E-21
             0.179E+01             0.231E-21
             0.179E+01             0.135E-21
             0.180E+01             0.789E-22
             0.181E+01             0.460E-22
             0.182E+01             0.268E-22
             0.183E+01             0.155E-22
             0.183E+01             0.896E-23
             0.184E+01             0.518E-23
             0.185E+01             0.297E-23
             0.186E+01             0.169E-23
             0.186E+01             0.968E-24
             0.187E+01             0.562E-24
             0.188E+01             0.322E-24
             0.189E+01             0.181E-24
             0.190E+01             0.102E-24
             0.190E+01             0.581E-25
             0.191E+01             0.326E-25
             0.192E+01             0.190E-25
             0.193E+01             0.104E-25
             0.194E+01             0.597E-26
             0.194E+01             0.323E-26
             0.195E+01             0.203E-26
             0.196E+01             0.108E-26
             0.197E+01             0.602E-27
             0.198E+01             0.354E-27
             0.198E+01             0.185E-27
             0.199E+01             0.666E-28
             0.200E+01             0.680E-28
             0.201E+01             0.416E-28
             0.201E+01             0.455E-28
             0.202E+01             0.169E-29
             0.203E+01             0.729E-29
             0.204E+01             0.554E-30
             0.205E+01             0.978E-30
             0.205E+01             0.103E-29
             0.206E+01             0.237E-29
             0.207E+01             0.471E-30
             0.208E+01             0.396E-29
             0.209E+01             0.161E-28
             0.209E+01             0.973E-29
             0.210E+01             0.530E-30
             0.211E+01             0.453E-29
             0.212E+01             0.803E-31
             0.212E+01             0.468E-29
             0.213E+01             0.817E-30
             0.214E+01             0.508E-30
             0.215E+01             0.104E-28
             0.216E+01             0.133E-29
             0.216E+01             0.643E-29
             0.217E+01             0.254E-29
             0.218E+01             0.799E-31
             0.219E+01             0.501E-30
             0.220E+01             0.176E-29
             0.220E+01             0.100E-28
             0.221E+01             0.455E-29
             0.222E+01             0.105E-29
             0.223E+01             0.267E-29
             0.224E+01             0.392E-32
             0.224E+01             0.977E-31
             0.225E+01             0.402E-29
             0.226E+01             0.359E-30
             0.227E+01             0.838E-29
             0.227E+01             0.944E-31
             0.228E+01             0.358E-31
             0.229E+01             0.180E-29
             0.230E+01             0.225E-29
             0.231E+01             0.190E-30
             0.231E+01             0.562E-29
             0.232E+01             0.599E-30
             0.233E+01             0.580E-30
             0.234E+01             0.104E-35
             0.235E+01             0.184E-29
             0.235E+01             0.389E-30
             0.236E+01             0.729E-30
             0.237E+01             0.731E-33
             0.238E+01             0.425E-30
             0.239E+01             0.119E-28
             0.239E+01             0.481E-29
             0.240E+01             0.399E-30
             0.241E+01             0.531E-32
             0.242E+01             0.551E-29
             0.242E+01             0.802E-30
             0.243E+01             0.444E-33
             0.244E+01             0.229E-28
             0.245E+01             0.715E-29
             0.246E+01             0.247E-29
             0.246E+01             0.539E-32
             0.247E+01             0.303E-29
             0.248E+01             0.273E-29
             0.249E+01             0.147E-29
             0.250E+01             0.218E-30
             0.250E+01             0.190E-29
             0.251E+01             0.899E-32
             0.252E+01             0.459E-31
             0.253E+01             0.507E-31
             0.253E+01             0.799E-30
             0.254E+01             0.306E-29
             0.255E+01             0.577E-29
             0.256E+01             0.107E-28
             0.257E+01             0.176E-28
             0.257E+01             0.410E-29
             0.258E+01             0.177E-30
             0.259E+01             0.322E-30
             0.260E+01             0.958E-30
             0.261E+01             0.201E-29
             0.261E+01             0.615E-29
             0.262E+01             0.154E-29
             0.263E+01             0.875E-29
             0.264E+01             0.147E-30
             0.265E+01             0.311E-30
             0.265E+01             0.452E-30
             0.266E+01             0.108E-29
             0.267E+01             0.472E-29
             0.268E+01             0.101E-29
             0.268E+01             0.965E-30
             0.269E+01             0.153E-30
             0.270E+01             0.531E-30
             0.271E+01             0.167E-30
             0.272E+01             0.386E-29
             0.272E+01             0.257E-28
             0.273E+01             0.869E-29
             0.274E+01             0.317E-29
             0.275E+01             0.236E-30
             0.276E+01             0.323E-29
             0.276E+01             0.266E-30
             0.277E+01             0.630E-30
             0.278E+01             0.217E-29
             0.279E+01             0.238E-29
             0.280E+01             0.125E-29
             0.280E+01             0.138E-29
             0.281E+01             0.329E-29
             0.282E+01             0.127E-30
             0.283E+01             0.111E-30
             0.283E+01             0.869E-30
             0.284E+01             0.147E-28
             0.285E+01             0.646E-30
             0.286E+01             0.534E-29
             0.287E+01             0.316E-29
             0.287E+01             0.491E-30
             0.288E+01             0.261E-29
             0.289E+01             0.327E-29
             0.290E+01             0.126E-31
             0.291E+01             0.429E-30
             0.291E+01             0.434E-30
             0.292E+01             0.166E-29
             0.293E+01             0.159E-29
             0.294E+01             0.512E-29
             0.294E+01             0.161E-29
             0.295E+01             0.623E-31
             0.296E+01             0.100E-29
             0.297E+01             0.119E-30
             0.298E+01             0.148E-28
             0.298E+01             0.397E-32
             0.299E+01             0.110E-30
             0.300E+01             0.197E-30
