            -0.499E+01             0.229E-61
            -0.499E+01             0.127E-60
            -0.498E+01             0.498E-60
            -0.498E+01             0.588E-60
            -0.497E+01             0.443E-60
            -0.496E+01             0.104E-59
            -0.496E+01             0.289E-60
            -0.495E+01             0.133E-59
            -0.494E+01             0.176E-60
            -0.494E+01             0.442E-61
            -0.493E+01             0.138E-60
            -0.493E+01             0.622E-61
            -0.492E+01             0.562E-60
            -0.491E+01             0.181E-60
            -0.491E+01             0.648E-60
            -0.490E+01             0.154E-60
            -0.489E+01             0.219E-59
            -0.489E+01             0.123E-61
            -0.488E+01             0.527E-60
            -0.488E+01             0.831E-60
            -0.487E+01             0.176E-60
            -0.486E+01             0.118E-60
            -0.486E+01             0.273E-61
            -0.485E+01             0.127E-59
            -0.484E+01             0.496E-61
            -0.484E+01             0.160E-60
            -0.483E+01             0.274E-60
            -0.483E+01             0.297E-61
            -0.482E+01             0.105E-60
            -0.481E+01             0.315E-60
            -0.481E+01             0.817E-60
            -0.480E+01             0.394E-62
            -0.479E+01             0.525E-61
            -0.479E+01             0.636E-60
            -0.478E+01             0.383E-60
            -0.478E+01             0.187E-59
            -0.477E+01             0.244E-63
            -0.476E+01             0.547E-59
            -0.476E+01             0.683E-60
            -0.475E+01             0.955E-61
            -0.474E+01             0.131E-59
            -0.474E+01             0.225E-61
            -0.473E+01             0.206E-59
            -0.473E+01             0.842E-61
            -0.472E+01             0.568E-60
            -0.471E+01             0.991E-60
            -0.471E+01             0.206E-59
            -0.470E+01             0.176E-59
            -0.469E+01             0.281E-60
            -0.469E+01             0.597E-60
            -0.468E+01             0.122E-60
            -0.468E+01             0.492E-60
            -0.467E+01             0.329E-61
            -0.466E+01             0.138E-59
            -0.466E+01             0.230E-60
            -0.465E+01             0.249E-59
            -0.464E+01             0.122E-59
            -0.464E+01             0.526E-60
            -0.463E+01             0.109E-59
            -0.463E+01             0.128E-59
            -0.462E+01             0.164E-61
            -0.461E+01             0.341E-60
            -0.461E+01             0.149E-60
            -0.460E+01             0.292E-61
            -0.459E+01             0.487E-63
            -0.459E+01             0.195E-60
            -0.458E+01             0.599E-62
            -0.458E+01             0.285E-60
            -0.457E+01             0.746E-60
            -0.456E+01             0.870E-61
            -0.456E+01             0.542E-60
            -0.455E+01             0.459E-60
            -0.454E+01             0.991E-60
            -0.454E+01             0.825E-60
            -0.453E+01             0.137E-59
            -0.453E+01             0.268E-60
            -0.452E+01             0.166E-61
            -0.451E+01             0.122E-59
            -0.451E+01             0.236E-61
            -0.450E+01             0.166E-60
            -0.449E+01             0.156E-59
            -0.449E+01             0.226E-60
            -0.448E+01             0.771E-60
            -0.448E+01             0.135E-61
            -0.447E+01             0.505E-61
            -0.446E+01             0.936E-60
            -0.446E+01             0.279E-62
            -0.445E+01             0.660E-60
            -0.444E+01             0.321E-59
            -0.444E+01             0.549E-61
            -0.443E+01             0.601E-60
            -0.443E+01             0.382E-59
            -0.442E+01             0.222E-60
            -0.441E+01             0.161E-64
            -0.441E+01             0.223E-59
            -0.440E+01             0.534E-62
            -0.439E+01             0.198E-59
            -0.439E+01             0.181E-60
            -0.438E+01             0.538E-60
            -0.438E+01             0.425E-61
            -0.437E+01             0.181E-60
            -0.436E+01             0.782E-60
            -0.436E+01             0.126E-60
            -0.435E+01             0.180E-59
            -0.434E+01             0.116E-59
            -0.434E+01             0.224E-60
            -0.433E+01             0.222E-60
            -0.433E+01             0.443E-62
            -0.432E+01             0.364E-59
            -0.431E+01             0.355E-59
            -0.431E+01             0.195E-61
            -0.430E+01             0.342E-60
            -0.429E+01             0.112E-59
            -0.429E+01             0.874E-60
            -0.428E+01             0.184E-60
            -0.428E+01             0.120E-59
            -0.427E+01             0.753E-60
            -0.426E+01             0.109E-60
            -0.426E+01             0.301E-60
            -0.425E+01             0.594E-61
            -0.424E+01             0.109E-60
            -0.424E+01             0.789E-60
            -0.423E+01             0.357E-61
            -0.423E+01             0.318E-61
            -0.422E+01             0.130E-60
            -0.421E+01             0.614E-65
            -0.421E+01             0.613E-61
            -0.420E+01             0.489E-60
            -0.419E+01             0.278E-59
            -0.419E+01             0.744E-60
            -0.418E+01             0.175E-61
            -0.418E+01             0.115E-60
            -0.417E+01             0.174E-59
            -0.416E+01             0.457E-60
            -0.416E+01             0.357E-59
            -0.415E+01             0.234E-59
            -0.414E+01             0.128E-60
            -0.414E+01             0.116E-60
            -0.413E+01             0.953E-65
            -0.413E+01             0.843E-60
            -0.412E+01             0.424E-60
            -0.411E+01             0.774E-60
            -0.411E+01             0.840E-60
            -0.410E+01             0.129E-59
            -0.409E+01             0.467E-60
            -0.409E+01             0.676E-60
            -0.408E+01             0.105E-59
            -0.408E+01             0.313E-60
            -0.407E+01             0.233E-61
            -0.406E+01             0.957E-61
            -0.406E+01             0.282E-60
            -0.405E+01             0.502E-59
            -0.404E+01             0.502E-59
            -0.404E+01             0.119E-59
            -0.403E+01             0.212E-61
            -0.403E+01             0.419E-60
            -0.402E+01             0.176E-59
            -0.401E+01             0.424E-61
            -0.401E+01             0.711E-60
            -0.400E+01             0.221E-60
            -0.399E+01             0.851E-60
            -0.399E+01             0.938E-63
            -0.398E+01             0.349E-60
            -0.398E+01             0.176E-61
            -0.397E+01             0.469E-60
            -0.396E+01             0.831E-60
            -0.396E+01             0.230E-60
            -0.395E+01             0.175E-59
            -0.394E+01             0.126E-59
            -0.394E+01             0.305E-59
            -0.393E+01             0.380E-60
            -0.393E+01             0.145E-59
            -0.392E+01             0.232E-59
            -0.391E+01             0.386E-60
            -0.391E+01             0.457E-60
            -0.390E+01             0.592E-61
            -0.389E+01             0.124E-60
            -0.389E+01             0.161E-60
            -0.388E+01             0.573E-60
            -0.388E+01             0.357E-59
            -0.387E+01             0.316E-59
            -0.386E+01             0.726E-60
            -0.386E+01             0.411E-60
            -0.385E+01             0.228E-62
            -0.384E+01             0.904E-62
            -0.384E+01             0.663E-61
            -0.383E+01             0.165E-59
            -0.383E+01             0.397E-60
            -0.382E+01             0.104E-61
            -0.381E+01             0.797E-60
            -0.381E+01             0.176E-62
            -0.380E+01             0.102E-61
            -0.379E+01             0.171E-60
            -0.379E+01             0.591E-61
            -0.378E+01             0.460E-61
            -0.378E+01             0.370E-60
            -0.377E+01             0.252E-61
            -0.376E+01             0.324E-59
            -0.376E+01             0.222E-59
            -0.375E+01             0.398E-60
            -0.374E+01             0.254E-59
            -0.374E+01             0.178E-60
            -0.373E+01             0.575E-60
            -0.373E+01             0.240E-60
            -0.372E+01             0.383E-59
            -0.371E+01             0.162E-60
            -0.371E+01             0.175E-59
            -0.370E+01             0.175E-63
            -0.369E+01             0.610E-60
            -0.369E+01             0.344E-60
            -0.368E+01             0.214E-60
            -0.368E+01             0.127E-59
            -0.367E+01             0.717E-61
            -0.366E+01             0.813E-60
            -0.366E+01             0.653E-60
            -0.365E+01             0.588E-60
            -0.364E+01             0.188E-60
            -0.364E+01             0.834E-60
            -0.363E+01             0.106E-59
            -0.363E+01             0.104E-59
            -0.362E+01             0.227E-59
            -0.361E+01             0.858E-60
            -0.361E+01             0.247E-59
            -0.360E+01             0.699E-60
            -0.359E+01             0.187E-60
            -0.359E+01             0.307E-60
            -0.358E+01             0.184E-60
            -0.358E+01             0.838E-62
            -0.357E+01             0.304E-60
            -0.356E+01             0.292E-60
            -0.356E+01             0.122E-59
            -0.355E+01             0.407E-60
            -0.354E+01             0.303E-59
            -0.354E+01             0.723E-60
            -0.353E+01             0.350E-59
            -0.353E+01             0.592E-61
            -0.352E+01             0.366E-60
            -0.351E+01             0.126E-60
            -0.351E+01             0.811E-60
            -0.350E+01             0.106E-59
            -0.349E+01             0.128E-60
            -0.349E+01             0.309E-59
            -0.348E+01             0.422E-60
            -0.348E+01             0.688E-60
            -0.347E+01             0.145E-59
            -0.346E+01             0.849E-60
            -0.346E+01             0.906E-60
            -0.345E+01             0.348E-59
            -0.344E+01             0.249E-60
            -0.344E+01             0.719E-60
            -0.343E+01             0.122E-59
            -0.343E+01             0.401E-62
            -0.342E+01             0.682E-60
            -0.341E+01             0.125E-59
            -0.341E+01             0.574E-60
            -0.340E+01             0.436E-60
            -0.339E+01             0.163E-60
            -0.339E+01             0.210E-60
            -0.338E+01             0.857E-60
            -0.338E+01             0.197E-60
            -0.337E+01             0.717E-60
            -0.336E+01             0.101E-61
            -0.336E+01             0.218E-60
            -0.335E+01             0.538E-60
            -0.334E+01             0.529E-62
            -0.334E+01             0.757E-60
            -0.333E+01             0.572E-60
            -0.333E+01             0.110E-59
            -0.332E+01             0.139E-60
            -0.331E+01             0.114E-61
            -0.331E+01             0.216E-61
            -0.330E+01             0.720E-64
            -0.329E+01             0.142E-59
            -0.329E+01             0.745E-60
            -0.328E+01             0.312E-60
            -0.328E+01             0.617E-60
            -0.327E+01             0.200E-59
            -0.326E+01             0.333E-60
            -0.326E+01             0.950E-62
            -0.325E+01             0.289E-60
            -0.324E+01             0.145E-59
            -0.324E+01             0.370E-60
            -0.323E+01             0.948E-60
            -0.323E+01             0.155E-60
            -0.322E+01             0.197E-62
            -0.321E+01             0.508E-64
            -0.321E+01             0.149E-61
            -0.320E+01             0.182E-59
            -0.319E+01             0.750E-61
            -0.319E+01             0.282E-61
            -0.318E+01             0.889E-60
            -0.318E+01             0.317E-59
            -0.317E+01             0.789E-60
            -0.316E+01             0.108E-60
            -0.316E+01             0.234E-60
            -0.315E+01             0.934E-61
            -0.314E+01             0.112E-60
            -0.314E+01             0.182E-60
            -0.313E+01             0.533E-60
            -0.313E+01             0.650E-61
            -0.312E+01             0.188E-60
            -0.311E+01             0.316E-60
            -0.311E+01             0.120E-61
            -0.310E+01             0.117E-60
            -0.309E+01             0.109E-59
            -0.309E+01             0.101E-59
            -0.308E+01             0.643E-60
            -0.308E+01             0.388E-60
            -0.307E+01             0.399E-60
            -0.306E+01             0.421E-62
            -0.306E+01             0.438E-60
            -0.305E+01             0.140E-59
            -0.304E+01             0.250E-60
            -0.304E+01             0.482E-61
            -0.303E+01             0.135E-62
            -0.303E+01             0.210E-59
            -0.302E+01             0.517E-60
            -0.301E+01             0.487E-60
            -0.301E+01             0.110E-59
            -0.300E+01             0.994E-60
            -0.300E+01             0.162E-59
            -0.299E+01             0.362E-60
            -0.298E+01             0.396E-61
            -0.298E+01             0.123E-59
            -0.297E+01             0.285E-60
            -0.296E+01             0.339E-61
            -0.296E+01             0.579E-60
            -0.295E+01             0.945E-61
            -0.295E+01             0.653E-60
            -0.294E+01             0.549E-60
            -0.293E+01             0.178E-60
            -0.293E+01             0.510E-61
            -0.292E+01             0.358E-60
            -0.291E+01             0.207E-59
            -0.291E+01             0.233E-59
            -0.290E+01             0.768E-61
            -0.290E+01             0.264E-61
            -0.289E+01             0.124E-60
            -0.288E+01             0.102E-64
            -0.288E+01             0.275E-59
            -0.287E+01             0.239E-61
            -0.286E+01             0.342E-60
            -0.286E+01             0.103E-59
            -0.285E+01             0.342E-61
            -0.285E+01             0.299E-60
            -0.284E+01             0.331E-60
            -0.283E+01             0.730E-59
            -0.283E+01             0.398E-61
            -0.282E+01             0.318E-59
            -0.281E+01             0.638E-60
            -0.281E+01             0.382E-60
            -0.280E+01             0.525E-61
            -0.280E+01             0.114E-60
            -0.279E+01             0.123E-60
            -0.278E+01             0.194E-62
            -0.278E+01             0.378E-59
            -0.277E+01             0.631E-61
            -0.276E+01             0.240E-61
            -0.276E+01             0.388E-64
            -0.275E+01             0.324E-59
            -0.275E+01             0.366E-59
            -0.274E+01             0.218E-60
            -0.273E+01             0.129E-59
            -0.273E+01             0.117E-59
            -0.272E+01             0.466E-59
            -0.271E+01             0.163E-58
            -0.271E+01             0.225E-58
            -0.270E+01             0.457E-58
            -0.270E+01             0.110E-57
            -0.269E+01             0.149E-57
            -0.268E+01             0.283E-57
            -0.268E+01             0.611E-57
            -0.267E+01             0.122E-56
            -0.266E+01             0.212E-56
            -0.266E+01             0.434E-56
            -0.265E+01             0.807E-56
            -0.265E+01             0.156E-55
            -0.264E+01             0.297E-55
            -0.263E+01             0.566E-55
            -0.263E+01             0.108E-54
            -0.262E+01             0.207E-54
            -0.261E+01             0.392E-54
            -0.261E+01             0.744E-54
            -0.260E+01             0.141E-53
            -0.260E+01             0.266E-53
            -0.259E+01             0.503E-53
            -0.258E+01             0.950E-53
            -0.258E+01             0.179E-52
            -0.257E+01             0.336E-52
            -0.256E+01             0.631E-52
            -0.256E+01             0.118E-51
            -0.255E+01             0.221E-51
            -0.255E+01             0.414E-51
            -0.254E+01             0.772E-51
            -0.253E+01             0.144E-50
            -0.253E+01             0.267E-50
            -0.252E+01             0.497E-50
            -0.251E+01             0.921E-50
            -0.251E+01             0.170E-49
            -0.250E+01             0.315E-49
            -0.250E+01             0.581E-49
            -0.249E+01             0.107E-48
            -0.248E+01             0.197E-48
            -0.248E+01             0.362E-48
            -0.247E+01             0.664E-48
            -0.246E+01             0.122E-47
            -0.246E+01             0.222E-47
            -0.245E+01             0.405E-47
            -0.245E+01             0.739E-47
            -0.244E+01             0.134E-46
            -0.243E+01             0.244E-46
            -0.243E+01             0.443E-46
            -0.242E+01             0.802E-46
            -0.241E+01             0.145E-45
            -0.241E+01             0.262E-45
            -0.240E+01             0.472E-45
            -0.240E+01             0.849E-45
            -0.239E+01             0.153E-44
            -0.238E+01             0.274E-44
            -0.238E+01             0.490E-44
            -0.237E+01             0.877E-44
            -0.236E+01             0.157E-43
            -0.236E+01             0.279E-43
            -0.235E+01             0.497E-43
            -0.235E+01             0.883E-43
            -0.234E+01             0.157E-42
            -0.233E+01             0.277E-42
            -0.233E+01             0.491E-42
            -0.232E+01             0.867E-42
            -0.231E+01             0.153E-41
            -0.231E+01             0.269E-41
            -0.230E+01             0.473E-41
            -0.230E+01             0.830E-41
            -0.229E+01             0.145E-40
            -0.228E+01             0.254E-40
            -0.228E+01             0.444E-40
            -0.227E+01             0.774E-40
            -0.226E+01             0.135E-39
            -0.226E+01             0.234E-39
            -0.225E+01             0.407E-39
            -0.225E+01             0.705E-39
            -0.224E+01             0.122E-38
            -0.223E+01             0.211E-38
            -0.223E+01             0.363E-38
            -0.222E+01             0.626E-38
            -0.221E+01             0.108E-37
            -0.221E+01             0.185E-37
            -0.220E+01             0.316E-37
            -0.220E+01             0.542E-37
            -0.219E+01             0.925E-37
            -0.218E+01             0.158E-36
            -0.218E+01             0.269E-36
            -0.217E+01             0.457E-36
            -0.216E+01             0.776E-36
            -0.216E+01             0.131E-35
            -0.215E+01             0.223E-35
            -0.215E+01             0.376E-35
            -0.214E+01             0.634E-35
            -0.213E+01             0.107E-34
            -0.213E+01             0.180E-34
            -0.212E+01             0.302E-34
            -0.211E+01             0.506E-34
            -0.211E+01             0.846E-34
            -0.210E+01             0.141E-33
            -0.210E+01             0.236E-33
            -0.209E+01             0.393E-33
            -0.208E+01             0.654E-33
            -0.208E+01             0.109E-32
            -0.207E+01             0.180E-32
            -0.206E+01             0.298E-32
            -0.206E+01             0.492E-32
            -0.205E+01             0.812E-32
            -0.205E+01             0.134E-31
            -0.204E+01             0.220E-31
            -0.203E+01             0.361E-31
            -0.203E+01             0.592E-31
            -0.202E+01             0.970E-31
            -0.201E+01             0.158E-30
            -0.201E+01             0.259E-30
            -0.200E+01             0.421E-30
            -0.200E+01             0.685E-30
            -0.199E+01             0.111E-29
            -0.198E+01             0.180E-29
            -0.198E+01             0.292E-29
            -0.197E+01             0.472E-29
            -0.196E+01             0.762E-29
            -0.196E+01             0.123E-28
            -0.195E+01             0.197E-28
            -0.195E+01             0.317E-28
            -0.194E+01             0.508E-28
            -0.193E+01             0.814E-28
            -0.193E+01             0.130E-27
            -0.192E+01             0.208E-27
            -0.191E+01             0.331E-27
            -0.191E+01             0.526E-27
            -0.190E+01             0.836E-27
            -0.190E+01             0.133E-26
            -0.189E+01             0.210E-26
            -0.188E+01             0.332E-26
            -0.188E+01             0.523E-26
            -0.187E+01             0.824E-26
            -0.186E+01             0.130E-25
            -0.186E+01             0.204E-25
            -0.185E+01             0.319E-25
            -0.185E+01             0.500E-25
            -0.184E+01             0.782E-25
            -0.183E+01             0.122E-24
            -0.183E+01             0.190E-24
            -0.182E+01             0.296E-24
            -0.181E+01             0.459E-24
            -0.181E+01             0.712E-24
            -0.180E+01             0.110E-23
            -0.180E+01             0.170E-23
            -0.179E+01             0.263E-23
            -0.178E+01             0.405E-23
            -0.178E+01             0.623E-23
            -0.177E+01             0.957E-23
            -0.176E+01             0.147E-22
            -0.176E+01             0.225E-22
            -0.175E+01             0.343E-22
            -0.175E+01             0.524E-22
            -0.174E+01             0.798E-22
            -0.173E+01             0.121E-21
            -0.173E+01             0.184E-21
            -0.172E+01             0.280E-21
            -0.171E+01             0.423E-21
            -0.171E+01             0.640E-21
            -0.170E+01             0.965E-21
            -0.170E+01             0.145E-20
            -0.169E+01             0.219E-20
            -0.168E+01             0.328E-20
            -0.168E+01             0.492E-20
            -0.167E+01             0.737E-20
            -0.166E+01             0.110E-19
            -0.166E+01             0.164E-19
            -0.165E+01             0.245E-19
            -0.165E+01             0.364E-19
            -0.164E+01             0.541E-19
            -0.163E+01             0.801E-19
            -0.163E+01             0.119E-18
            -0.162E+01             0.175E-18
            -0.161E+01             0.259E-18
            -0.161E+01             0.381E-18
            -0.160E+01             0.560E-18
            -0.160E+01             0.822E-18
            -0.159E+01             0.121E-17
            -0.158E+01             0.176E-17
            -0.158E+01             0.258E-17
            -0.157E+01             0.376E-17
            -0.156E+01             0.547E-17
            -0.156E+01             0.796E-17
            -0.155E+01             0.116E-16
            -0.155E+01             0.167E-16
            -0.154E+01             0.242E-16
            -0.153E+01             0.350E-16
            -0.153E+01             0.505E-16
            -0.152E+01             0.727E-16
            -0.151E+01             0.104E-15
            -0.151E+01             0.150E-15
            -0.150E+01             0.215E-15
            -0.150E+01             0.307E-15
            -0.149E+01             0.439E-15
            -0.148E+01             0.626E-15
            -0.148E+01             0.891E-15
            -0.147E+01             0.127E-14
            -0.146E+01             0.180E-14
            -0.146E+01             0.255E-14
            -0.145E+01             0.360E-14
            -0.145E+01             0.508E-14
            -0.144E+01             0.717E-14
            -0.143E+01             0.101E-13
            -0.143E+01             0.142E-13
            -0.142E+01             0.199E-13
            -0.141E+01             0.279E-13
            -0.141E+01             0.389E-13
            -0.140E+01             0.544E-13
            -0.140E+01             0.758E-13
            -0.139E+01             0.105E-12
            -0.138E+01             0.146E-12
            -0.138E+01             0.203E-12
            -0.137E+01             0.281E-12
            -0.136E+01             0.389E-12
            -0.136E+01             0.537E-12
            -0.135E+01             0.739E-12
            -0.135E+01             0.102E-11
            -0.134E+01             0.140E-11
            -0.133E+01             0.191E-11
            -0.133E+01             0.262E-11
            -0.132E+01             0.358E-11
            -0.131E+01             0.489E-11
            -0.131E+01             0.665E-11
            -0.130E+01             0.905E-11
            -0.130E+01             0.123E-10
            -0.129E+01             0.166E-10
            -0.128E+01             0.225E-10
            -0.128E+01             0.304E-10
            -0.127E+01             0.410E-10
            -0.126E+01             0.552E-10
            -0.126E+01             0.742E-10
            -0.125E+01             0.996E-10
            -0.125E+01             0.133E-09
            -0.124E+01             0.178E-09
            -0.123E+01             0.238E-09
            -0.123E+01             0.318E-09
            -0.122E+01             0.423E-09
            -0.121E+01             0.562E-09
            -0.121E+01             0.745E-09
            -0.120E+01             0.986E-09
            -0.120E+01             0.130E-08
            -0.119E+01             0.172E-08
            -0.118E+01             0.227E-08
            -0.118E+01             0.298E-08
            -0.117E+01             0.392E-08
            -0.116E+01             0.513E-08
            -0.116E+01             0.672E-08
            -0.115E+01             0.878E-08
            -0.115E+01             0.114E-07
            -0.114E+01             0.149E-07
            -0.113E+01             0.194E-07
            -0.113E+01             0.251E-07
            -0.112E+01             0.326E-07
            -0.111E+01             0.421E-07
            -0.111E+01             0.544E-07
            -0.110E+01             0.701E-07
            -0.110E+01             0.902E-07
            -0.109E+01             0.116E-06
            -0.108E+01             0.149E-06
            -0.108E+01             0.190E-06
            -0.107E+01             0.243E-06
            -0.106E+01             0.310E-06
            -0.106E+01             0.395E-06
            -0.105E+01             0.503E-06
            -0.105E+01             0.638E-06
            -0.104E+01             0.809E-06
            -0.103E+01             0.102E-05
            -0.103E+01             0.129E-05
            -0.102E+01             0.163E-05
            -0.101E+01             0.205E-05
            -0.101E+01             0.258E-05
            -0.100E+01             0.323E-05
            -0.996E+00             0.405E-05
            -0.990E+00             0.506E-05
            -0.984E+00             0.631E-05
            -0.978E+00             0.786E-05
            -0.971E+00             0.977E-05
            -0.965E+00             0.121E-04
            -0.959E+00             0.150E-04
            -0.953E+00             0.186E-04
            -0.946E+00             0.230E-04
            -0.940E+00             0.283E-04
            -0.934E+00             0.348E-04
            -0.928E+00             0.428E-04
            -0.921E+00             0.525E-04
            -0.915E+00             0.642E-04
            -0.909E+00             0.785E-04
            -0.903E+00             0.957E-04
            -0.896E+00             0.117E-03
            -0.890E+00             0.142E-03
            -0.884E+00             0.172E-03
            -0.878E+00             0.208E-03
            -0.871E+00             0.252E-03
            -0.865E+00             0.304E-03
            -0.859E+00             0.366E-03
            -0.853E+00             0.440E-03
            -0.846E+00             0.528E-03
            -0.840E+00             0.633E-03
            -0.834E+00             0.757E-03
            -0.828E+00             0.904E-03
            -0.821E+00             0.108E-02
            -0.815E+00             0.128E-02
            -0.809E+00             0.152E-02
            -0.803E+00             0.180E-02
            -0.796E+00             0.213E-02
            -0.790E+00             0.252E-02
            -0.784E+00             0.297E-02
            -0.778E+00             0.350E-02
            -0.771E+00             0.410E-02
            -0.765E+00             0.481E-02
            -0.759E+00             0.563E-02
            -0.753E+00             0.657E-02
            -0.746E+00             0.766E-02
            -0.740E+00             0.892E-02
            -0.734E+00             0.104E-01
            -0.728E+00             0.120E-01
            -0.721E+00             0.139E-01
            -0.715E+00             0.160E-01
            -0.709E+00             0.185E-01
            -0.703E+00             0.213E-01
            -0.696E+00             0.244E-01
            -0.690E+00             0.280E-01
            -0.684E+00             0.320E-01
            -0.678E+00             0.365E-01
            -0.671E+00             0.416E-01
            -0.665E+00             0.473E-01
            -0.659E+00             0.537E-01
            -0.653E+00             0.608E-01
            -0.646E+00             0.687E-01
            -0.640E+00             0.775E-01
            -0.634E+00             0.872E-01
            -0.628E+00             0.980E-01
            -0.621E+00             0.110E+00
            -0.615E+00             0.123E+00
            -0.609E+00             0.137E+00
            -0.603E+00             0.153E+00
            -0.597E+00             0.170E+00
            -0.590E+00             0.189E+00
            -0.584E+00             0.209E+00
            -0.578E+00             0.231E+00
            -0.572E+00             0.255E+00
            -0.565E+00             0.280E+00
            -0.559E+00             0.307E+00
            -0.553E+00             0.337E+00
            -0.547E+00             0.368E+00
            -0.540E+00             0.401E+00
            -0.534E+00             0.437E+00
            -0.528E+00             0.474E+00
            -0.522E+00             0.514E+00
            -0.515E+00             0.555E+00
            -0.509E+00             0.598E+00
            -0.503E+00             0.644E+00
            -0.497E+00             0.691E+00
            -0.490E+00             0.739E+00
            -0.484E+00             0.789E+00
            -0.478E+00             0.841E+00
            -0.472E+00             0.893E+00
            -0.465E+00             0.947E+00
            -0.459E+00             0.100E+01
            -0.453E+00             0.106E+01
            -0.447E+00             0.111E+01
            -0.440E+00             0.116E+01
            -0.434E+00             0.122E+01
            -0.428E+00             0.127E+01
            -0.422E+00             0.132E+01
            -0.415E+00             0.137E+01
            -0.409E+00             0.142E+01
            -0.403E+00             0.146E+01
            -0.397E+00             0.150E+01
            -0.390E+00             0.154E+01
            -0.384E+00             0.157E+01
            -0.378E+00             0.160E+01
            -0.372E+00             0.162E+01
            -0.365E+00             0.164E+01
            -0.359E+00             0.165E+01
            -0.353E+00             0.166E+01
            -0.347E+00             0.166E+01
            -0.340E+00             0.165E+01
            -0.334E+00             0.163E+01
            -0.328E+00             0.161E+01
            -0.322E+00             0.159E+01
            -0.315E+00             0.155E+01
            -0.309E+00             0.151E+01
            -0.303E+00             0.146E+01
            -0.297E+00             0.141E+01
            -0.290E+00             0.135E+01
            -0.284E+00             0.128E+01
            -0.278E+00             0.121E+01
            -0.272E+00             0.114E+01
            -0.265E+00             0.106E+01
            -0.259E+00             0.979E+00
            -0.253E+00             0.896E+00
            -0.247E+00             0.812E+00
            -0.240E+00             0.727E+00
            -0.234E+00             0.643E+00
            -0.228E+00             0.560E+00
            -0.222E+00             0.480E+00
            -0.215E+00             0.403E+00
            -0.209E+00             0.331E+00
            -0.203E+00             0.264E+00
            -0.197E+00             0.203E+00
            -0.191E+00             0.149E+00
            -0.184E+00             0.102E+00
            -0.178E+00             0.640E-01
            -0.172E+00             0.342E-01
            -0.166E+00             0.136E-01
            -0.159E+00             0.226E-02
            -0.153E+00             0.464E-03
            -0.147E+00             0.820E-02
            -0.141E+00             0.254E-01
            -0.134E+00             0.517E-01
            -0.128E+00             0.869E-01
            -0.122E+00             0.130E+00
            -0.116E+00             0.181E+00
            -0.109E+00             0.239E+00
            -0.103E+00             0.303E+00
            -0.968E-01             0.373E+00
            -0.906E-01             0.446E+00
            -0.843E-01             0.522E+00
            -0.781E-01             0.599E+00
            -0.718E-01             0.678E+00
            -0.656E-01             0.755E+00
            -0.593E-01             0.831E+00
            -0.531E-01             0.904E+00
            -0.468E-01             0.973E+00
            -0.406E-01             0.104E+01
            -0.344E-01             0.109E+01
            -0.281E-01             0.114E+01
            -0.219E-01             0.118E+01
            -0.156E-01             0.122E+01
            -0.937E-02             0.124E+01
            -0.312E-02             0.126E+01
             0.312E-02             0.126E+01
             0.937E-02             0.126E+01
             0.156E-01             0.124E+01
             0.219E-01             0.122E+01
             0.281E-01             0.118E+01
             0.344E-01             0.114E+01
             0.406E-01             0.109E+01
             0.468E-01             0.104E+01
             0.531E-01             0.973E+00
             0.593E-01             0.904E+00
             0.656E-01             0.831E+00
             0.718E-01             0.755E+00
             0.781E-01             0.678E+00
             0.843E-01             0.599E+00
             0.906E-01             0.522E+00
             0.968E-01             0.446E+00
             0.103E+00             0.373E+00
             0.109E+00             0.303E+00
             0.116E+00             0.239E+00
             0.122E+00             0.181E+00
             0.128E+00             0.130E+00
             0.134E+00             0.869E-01
             0.141E+00             0.517E-01
             0.147E+00             0.254E-01
             0.153E+00             0.820E-02
             0.159E+00             0.464E-03
             0.166E+00             0.226E-02
             0.172E+00             0.136E-01
             0.178E+00             0.342E-01
             0.184E+00             0.640E-01
             0.191E+00             0.102E+00
             0.197E+00             0.149E+00
             0.203E+00             0.203E+00
             0.209E+00             0.264E+00
             0.215E+00             0.331E+00
             0.222E+00             0.403E+00
             0.228E+00             0.480E+00
             0.234E+00             0.560E+00
             0.240E+00             0.643E+00
             0.247E+00             0.727E+00
             0.253E+00             0.812E+00
             0.259E+00             0.896E+00
             0.265E+00             0.979E+00
             0.272E+00             0.106E+01
             0.278E+00             0.114E+01
             0.284E+00             0.121E+01
             0.290E+00             0.128E+01
             0.297E+00             0.135E+01
             0.303E+00             0.141E+01
             0.309E+00             0.146E+01
             0.315E+00             0.151E+01
             0.322E+00             0.155E+01
             0.328E+00             0.159E+01
             0.334E+00             0.161E+01
             0.340E+00             0.163E+01
             0.347E+00             0.165E+01
             0.353E+00             0.166E+01
             0.359E+00             0.166E+01
             0.365E+00             0.165E+01
             0.372E+00             0.164E+01
             0.378E+00             0.162E+01
             0.384E+00             0.160E+01
             0.390E+00             0.157E+01
             0.397E+00             0.154E+01
             0.403E+00             0.150E+01
             0.409E+00             0.146E+01
             0.415E+00             0.142E+01
             0.422E+00             0.137E+01
             0.428E+00             0.132E+01
             0.434E+00             0.127E+01
             0.440E+00             0.122E+01
             0.447E+00             0.116E+01
             0.453E+00             0.111E+01
             0.459E+00             0.106E+01
             0.465E+00             0.100E+01
             0.472E+00             0.947E+00
             0.478E+00             0.893E+00
             0.484E+00             0.841E+00
             0.490E+00             0.789E+00
             0.497E+00             0.739E+00
             0.503E+00             0.691E+00
             0.509E+00             0.644E+00
             0.515E+00             0.598E+00
             0.522E+00             0.555E+00
             0.528E+00             0.514E+00
             0.534E+00             0.474E+00
             0.540E+00             0.437E+00
             0.547E+00             0.401E+00
             0.553E+00             0.368E+00
             0.559E+00             0.337E+00
             0.565E+00             0.307E+00
             0.572E+00             0.280E+00
             0.578E+00             0.255E+00
             0.584E+00             0.231E+00
             0.590E+00             0.209E+00
             0.597E+00             0.189E+00
             0.603E+00             0.170E+00
             0.609E+00             0.153E+00
             0.615E+00             0.137E+00
             0.621E+00             0.123E+00
             0.628E+00             0.110E+00
             0.634E+00             0.980E-01
             0.640E+00             0.872E-01
             0.646E+00             0.775E-01
             0.653E+00             0.687E-01
             0.659E+00             0.608E-01
             0.665E+00             0.537E-01
             0.671E+00             0.473E-01
             0.678E+00             0.416E-01
             0.684E+00             0.365E-01
             0.690E+00             0.320E-01
             0.696E+00             0.280E-01
             0.703E+00             0.244E-01
             0.709E+00             0.213E-01
             0.715E+00             0.185E-01
             0.721E+00             0.160E-01
             0.728E+00             0.139E-01
             0.734E+00             0.120E-01
             0.740E+00             0.104E-01
             0.746E+00             0.892E-02
             0.753E+00             0.766E-02
             0.759E+00             0.657E-02
             0.765E+00             0.563E-02
             0.771E+00             0.481E-02
             0.778E+00             0.410E-02
             0.784E+00             0.350E-02
             0.790E+00             0.297E-02
             0.796E+00             0.252E-02
             0.803E+00             0.213E-02
             0.809E+00             0.180E-02
             0.815E+00             0.152E-02
             0.821E+00             0.128E-02
             0.828E+00             0.108E-02
             0.834E+00             0.904E-03
             0.840E+00             0.757E-03
             0.846E+00             0.633E-03
             0.853E+00             0.528E-03
             0.859E+00             0.440E-03
             0.865E+00             0.366E-03
             0.871E+00             0.304E-03
             0.878E+00             0.252E-03
             0.884E+00             0.208E-03
             0.890E+00             0.172E-03
             0.896E+00             0.142E-03
             0.903E+00             0.117E-03
             0.909E+00             0.957E-04
             0.915E+00             0.785E-04
             0.921E+00             0.642E-04
             0.928E+00             0.525E-04
             0.934E+00             0.428E-04
             0.940E+00             0.348E-04
             0.946E+00             0.283E-04
             0.953E+00             0.230E-04
             0.959E+00             0.186E-04
             0.965E+00             0.150E-04
             0.971E+00             0.121E-04
             0.978E+00             0.977E-05
             0.984E+00             0.786E-05
             0.990E+00             0.631E-05
             0.996E+00             0.506E-05
             0.100E+01             0.405E-05
             0.101E+01             0.323E-05
             0.101E+01             0.258E-05
             0.102E+01             0.205E-05
             0.103E+01             0.163E-05
             0.103E+01             0.129E-05
             0.104E+01             0.102E-05
             0.105E+01             0.809E-06
             0.105E+01             0.638E-06
             0.106E+01             0.503E-06
             0.106E+01             0.395E-06
             0.107E+01             0.310E-06
             0.108E+01             0.243E-06
             0.108E+01             0.190E-06
             0.109E+01             0.149E-06
             0.110E+01             0.116E-06
             0.110E+01             0.902E-07
             0.111E+01             0.701E-07
             0.111E+01             0.544E-07
             0.112E+01             0.421E-07
             0.113E+01             0.326E-07
             0.113E+01             0.251E-07
             0.114E+01             0.194E-07
             0.115E+01             0.149E-07
             0.115E+01             0.114E-07
             0.116E+01             0.878E-08
             0.116E+01             0.672E-08
             0.117E+01             0.513E-08
             0.118E+01             0.392E-08
             0.118E+01             0.298E-08
             0.119E+01             0.227E-08
             0.120E+01             0.172E-08
             0.120E+01             0.130E-08
             0.121E+01             0.986E-09
             0.121E+01             0.745E-09
             0.122E+01             0.562E-09
             0.123E+01             0.423E-09
             0.123E+01             0.318E-09
             0.124E+01             0.238E-09
             0.125E+01             0.178E-09
             0.125E+01             0.133E-09
             0.126E+01             0.996E-10
             0.126E+01             0.742E-10
             0.127E+01             0.552E-10
             0.128E+01             0.410E-10
             0.128E+01             0.304E-10
             0.129E+01             0.225E-10
             0.130E+01             0.166E-10
             0.130E+01             0.123E-10
             0.131E+01             0.905E-11
             0.131E+01             0.665E-11
             0.132E+01             0.489E-11
             0.133E+01             0.358E-11
             0.133E+01             0.262E-11
             0.134E+01             0.191E-11
             0.135E+01             0.140E-11
             0.135E+01             0.102E-11
             0.136E+01             0.739E-12
             0.136E+01             0.537E-12
             0.137E+01             0.389E-12
             0.138E+01             0.281E-12
             0.138E+01             0.203E-12
             0.139E+01             0.146E-12
             0.140E+01             0.105E-12
             0.140E+01             0.758E-13
             0.141E+01             0.544E-13
             0.141E+01             0.389E-13
             0.142E+01             0.279E-13
             0.143E+01             0.199E-13
             0.143E+01             0.142E-13
             0.144E+01             0.101E-13
             0.145E+01             0.717E-14
             0.145E+01             0.508E-14
             0.146E+01             0.360E-14
             0.146E+01             0.255E-14
             0.147E+01             0.180E-14
             0.148E+01             0.127E-14
             0.148E+01             0.891E-15
             0.149E+01             0.626E-15
             0.150E+01             0.439E-15
             0.150E+01             0.307E-15
             0.151E+01             0.215E-15
             0.151E+01             0.150E-15
             0.152E+01             0.104E-15
             0.153E+01             0.727E-16
             0.153E+01             0.505E-16
             0.154E+01             0.350E-16
             0.155E+01             0.242E-16
             0.155E+01             0.167E-16
             0.156E+01             0.116E-16
             0.156E+01             0.796E-17
             0.157E+01             0.547E-17
             0.158E+01             0.376E-17
             0.158E+01             0.258E-17
             0.159E+01             0.176E-17
             0.160E+01             0.121E-17
             0.160E+01             0.822E-18
             0.161E+01             0.560E-18
             0.161E+01             0.381E-18
             0.162E+01             0.259E-18
             0.163E+01             0.175E-18
             0.163E+01             0.119E-18
             0.164E+01             0.801E-19
             0.165E+01             0.541E-19
             0.165E+01             0.364E-19
             0.166E+01             0.245E-19
             0.166E+01             0.164E-19
             0.167E+01             0.110E-19
             0.168E+01             0.737E-20
             0.168E+01             0.492E-20
             0.169E+01             0.328E-20
             0.170E+01             0.219E-20
             0.170E+01             0.145E-20
             0.171E+01             0.966E-21
             0.171E+01             0.640E-21
             0.172E+01             0.423E-21
             0.173E+01             0.280E-21
             0.173E+01             0.184E-21
             0.174E+01             0.121E-21
             0.175E+01             0.797E-22
             0.175E+01             0.523E-22
             0.176E+01             0.344E-22
             0.176E+01             0.225E-22
             0.177E+01             0.147E-22
             0.178E+01             0.963E-23
             0.178E+01             0.624E-23
             0.179E+01             0.404E-23
             0.180E+01             0.261E-23
             0.180E+01             0.171E-23
             0.181E+01             0.110E-23
             0.181E+01             0.706E-24
             0.182E+01             0.447E-24
             0.183E+01             0.295E-24
             0.183E+01             0.188E-24
             0.184E+01             0.119E-24
             0.185E+01             0.759E-25
             0.185E+01             0.497E-25
             0.186E+01             0.331E-25
             0.186E+01             0.213E-25
             0.187E+01             0.142E-25
             0.188E+01             0.102E-25
             0.188E+01             0.675E-26
             0.189E+01             0.425E-26
             0.190E+01             0.247E-26
             0.190E+01             0.125E-26
             0.191E+01             0.486E-27
             0.191E+01             0.312E-27
             0.192E+01             0.115E-27
             0.193E+01             0.532E-28
             0.193E+01             0.813E-28
             0.194E+01             0.119E-27
             0.195E+01             0.753E-28
             0.195E+01             0.872E-28
             0.196E+01             0.261E-28
             0.196E+01             0.292E-28
             0.197E+01             0.298E-28
             0.198E+01             0.253E-28
             0.198E+01             0.438E-28
             0.199E+01             0.308E-28
             0.200E+01             0.946E-29
             0.200E+01             0.257E-29
             0.201E+01             0.982E-29
             0.201E+01             0.994E-29
             0.202E+01             0.608E-31
             0.203E+01             0.712E-29
             0.203E+01             0.293E-28
             0.204E+01             0.643E-28
             0.205E+01             0.744E-28
             0.205E+01             0.590E-29
             0.206E+01             0.473E-30
             0.206E+01             0.580E-29
             0.207E+01             0.139E-32
             0.208E+01             0.148E-30
             0.208E+01             0.973E-29
             0.209E+01             0.331E-28
             0.210E+01             0.517E-28
             0.210E+01             0.820E-28
             0.211E+01             0.938E-29
             0.211E+01             0.144E-28
             0.212E+01             0.105E-28
             0.213E+01             0.201E-28
             0.213E+01             0.581E-28
             0.214E+01             0.902E-28
             0.215E+01             0.406E-28
             0.215E+01             0.181E-28
             0.216E+01             0.482E-30
             0.216E+01             0.857E-29
             0.217E+01             0.694E-30
             0.218E+01             0.311E-29
             0.218E+01             0.271E-28
             0.219E+01             0.307E-29
             0.220E+01             0.431E-29
             0.220E+01             0.144E-28
             0.221E+01             0.640E-28
             0.221E+01             0.254E-28
             0.222E+01             0.230E-29
             0.223E+01             0.320E-29
             0.223E+01             0.464E-29
             0.224E+01             0.200E-28
             0.225E+01             0.363E-28
             0.225E+01             0.789E-29
             0.226E+01             0.195E-28
             0.226E+01             0.262E-28
             0.227E+01             0.522E-29
             0.228E+01             0.947E-32
             0.228E+01             0.695E-29
             0.229E+01             0.222E-32
             0.230E+01             0.351E-33
             0.230E+01             0.100E-28
             0.231E+01             0.200E-31
             0.231E+01             0.717E-29
             0.232E+01             0.225E-29
             0.233E+01             0.416E-31
             0.233E+01             0.582E-29
             0.234E+01             0.215E-29
             0.235E+01             0.236E-29
             0.235E+01             0.733E-29
             0.236E+01             0.105E-28
             0.236E+01             0.477E-31
             0.237E+01             0.356E-29
             0.238E+01             0.326E-30
             0.238E+01             0.219E-29
             0.239E+01             0.485E-28
             0.240E+01             0.281E-28
             0.240E+01             0.243E-28
             0.241E+01             0.484E-28
             0.241E+01             0.484E-30
             0.242E+01             0.142E-28
             0.243E+01             0.373E-29
             0.243E+01             0.114E-28
             0.244E+01             0.917E-29
             0.245E+01             0.267E-28
             0.245E+01             0.137E-29
             0.246E+01             0.538E-29
             0.246E+01             0.241E-28
             0.247E+01             0.190E-28
             0.248E+01             0.290E-29
             0.248E+01             0.391E-30
             0.249E+01             0.437E-29
             0.250E+01             0.392E-29
             0.250E+01             0.633E-30
             0.251E+01             0.314E-29
             0.251E+01             0.106E-32
             0.252E+01             0.243E-29
             0.253E+01             0.358E-29
             0.253E+01             0.537E-30
             0.254E+01             0.121E-28
             0.255E+01             0.188E-30
             0.255E+01             0.110E-29
             0.256E+01             0.404E-29
             0.256E+01             0.230E-30
             0.257E+01             0.621E-29
             0.258E+01             0.103E-28
             0.258E+01             0.133E-28
             0.259E+01             0.550E-30
             0.260E+01             0.164E-29
             0.260E+01             0.149E-29
             0.261E+01             0.385E-28
             0.261E+01             0.632E-29
             0.262E+01             0.169E-28
             0.263E+01             0.578E-29
             0.263E+01             0.608E-29
             0.264E+01             0.792E-30
             0.265E+01             0.389E-29
             0.265E+01             0.355E-28
             0.266E+01             0.219E-28
             0.266E+01             0.320E-29
             0.267E+01             0.308E-29
             0.268E+01             0.273E-28
             0.268E+01             0.754E-29
             0.269E+01             0.177E-29
             0.270E+01             0.204E-29
             0.270E+01             0.719E-30
             0.271E+01             0.161E-28
             0.271E+01             0.136E-29
             0.272E+01             0.926E-29
             0.273E+01             0.137E-28
             0.273E+01             0.503E-30
             0.274E+01             0.142E-28
             0.275E+01             0.493E-29
             0.275E+01             0.799E-30
             0.276E+01             0.862E-30
             0.276E+01             0.108E-28
             0.277E+01             0.264E-30
             0.278E+01             0.468E-29
             0.278E+01             0.984E-30
             0.279E+01             0.372E-28
             0.280E+01             0.940E-29
             0.280E+01             0.133E-29
             0.281E+01             0.280E-32
             0.281E+01             0.126E-31
             0.282E+01             0.240E-30
             0.283E+01             0.365E-29
             0.283E+01             0.125E-31
             0.284E+01             0.194E-28
             0.285E+01             0.311E-29
             0.285E+01             0.134E-28
             0.286E+01             0.778E-29
             0.286E+01             0.166E-28
             0.287E+01             0.434E-30
             0.288E+01             0.329E-30
             0.288E+01             0.197E-28
             0.289E+01             0.354E-29
             0.290E+01             0.366E-28
             0.290E+01             0.117E-28
             0.291E+01             0.140E-29
             0.291E+01             0.141E-28
             0.292E+01             0.225E-29
             0.293E+01             0.129E-30
             0.293E+01             0.581E-30
             0.294E+01             0.332E-29
             0.295E+01             0.117E-30
             0.295E+01             0.798E-30
             0.296E+01             0.333E-29
             0.296E+01             0.348E-29
             0.297E+01             0.970E-30
             0.298E+01             0.911E-30
             0.298E+01             0.611E-30
             0.299E+01             0.125E-28
             0.300E+01             0.151E-28
             0.300E+01             0.426E-29
             0.301E+01             0.107E-28
             0.301E+01             0.983E-31
             0.302E+01             0.154E-30
             0.303E+01             0.351E-29
             0.303E+01             0.232E-28
             0.304E+01             0.193E-30
             0.304E+01             0.400E-28
             0.305E+01             0.264E-29
             0.306E+01             0.865E-29
             0.306E+01             0.122E-28
             0.307E+01             0.964E-30
             0.308E+01             0.121E-28
             0.308E+01             0.160E-29
             0.309E+01             0.211E-32
             0.309E+01             0.587E-29
             0.310E+01             0.141E-29
             0.311E+01             0.638E-29
             0.311E+01             0.636E-29
             0.312E+01             0.113E-29
             0.313E+01             0.684E-29
             0.313E+01             0.244E-28
             0.314E+01             0.149E-28
             0.314E+01             0.745E-29
             0.315E+01             0.546E-29
             0.316E+01             0.173E-28
             0.316E+01             0.145E-29
             0.317E+01             0.189E-28
             0.318E+01             0.947E-29
             0.318E+01             0.981E-30
             0.319E+01             0.150E-29
             0.319E+01             0.886E-29
             0.320E+01             0.333E-29
             0.321E+01             0.797E-30
             0.321E+01             0.555E-32
             0.322E+01             0.723E-29
             0.323E+01             0.872E-32
             0.323E+01             0.141E-29
             0.324E+01             0.878E-29
             0.324E+01             0.531E-30
             0.325E+01             0.299E-29
             0.326E+01             0.288E-29
             0.326E+01             0.284E-29
             0.327E+01             0.953E-29
             0.328E+01             0.415E-31
             0.328E+01             0.233E-28
             0.329E+01             0.257E-28
             0.329E+01             0.110E-29
             0.330E+01             0.875E-30
             0.331E+01             0.984E-29
             0.331E+01             0.366E-29
             0.332E+01             0.175E-29
             0.333E+01             0.575E-30
             0.333E+01             0.111E-28
             0.334E+01             0.155E-31
             0.334E+01             0.153E-29
             0.335E+01             0.107E-28
             0.336E+01             0.118E-29
             0.336E+01             0.108E-29
             0.337E+01             0.334E-30
             0.338E+01             0.786E-30
             0.338E+01             0.650E-31
             0.339E+01             0.233E-29
             0.339E+01             0.767E-30
             0.340E+01             0.672E-29
             0.341E+01             0.713E-29
             0.341E+01             0.897E-29
             0.342E+01             0.739E-29
             0.343E+01             0.294E-30
             0.343E+01             0.242E-29
             0.344E+01             0.136E-30
             0.344E+01             0.137E-28
             0.345E+01             0.207E-29
             0.346E+01             0.141E-28
             0.346E+01             0.144E-28
             0.347E+01             0.114E-28
             0.348E+01             0.626E-31
             0.348E+01             0.121E-28
             0.349E+01             0.168E-30
             0.349E+01             0.197E-28
             0.350E+01             0.589E-30
             0.351E+01             0.352E-28
             0.351E+01             0.371E-29
             0.352E+01             0.423E-29
             0.353E+01             0.186E-29
             0.353E+01             0.167E-29
             0.354E+01             0.205E-29
             0.354E+01             0.754E-31
             0.355E+01             0.341E-29
             0.356E+01             0.626E-31
             0.356E+01             0.165E-29
             0.357E+01             0.792E-30
             0.358E+01             0.489E-29
             0.358E+01             0.109E-28
             0.359E+01             0.346E-28
             0.359E+01             0.449E-29
             0.360E+01             0.107E-29
             0.361E+01             0.177E-28
             0.361E+01             0.112E-29
             0.362E+01             0.237E-30
             0.363E+01             0.299E-29
             0.363E+01             0.161E-29
             0.364E+01             0.751E-30
             0.364E+01             0.706E-29
             0.365E+01             0.796E-30
             0.366E+01             0.721E-29
             0.366E+01             0.150E-30
             0.367E+01             0.587E-31
             0.368E+01             0.626E-29
             0.368E+01             0.309E-29
             0.369E+01             0.149E-28
             0.369E+01             0.532E-29
             0.370E+01             0.692E-30
             0.371E+01             0.117E-29
             0.371E+01             0.267E-28
             0.372E+01             0.154E-31
             0.373E+01             0.315E-30
             0.373E+01             0.111E-29
             0.374E+01             0.719E-30
             0.374E+01             0.330E-29
             0.375E+01             0.242E-28
             0.376E+01             0.884E-29
             0.376E+01             0.174E-29
             0.377E+01             0.690E-29
             0.378E+01             0.169E-29
             0.378E+01             0.114E-28
             0.379E+01             0.124E-29
             0.379E+01             0.470E-30
             0.380E+01             0.424E-30
             0.381E+01             0.133E-30
             0.381E+01             0.471E-30
             0.382E+01             0.733E-29
             0.383E+01             0.404E-29
             0.383E+01             0.329E-28
             0.384E+01             0.166E-28
             0.384E+01             0.593E-30
             0.385E+01             0.188E-29
             0.386E+01             0.555E-29
             0.386E+01             0.187E-31
             0.387E+01             0.985E-30
             0.388E+01             0.575E-31
             0.388E+01             0.123E-29
             0.389E+01             0.281E-29
             0.389E+01             0.198E-31
             0.390E+01             0.679E-29
             0.391E+01             0.804E-30
             0.391E+01             0.379E-32
             0.392E+01             0.375E-28
             0.393E+01             0.201E-29
             0.393E+01             0.372E-29
             0.394E+01             0.204E-29
             0.394E+01             0.259E-29
             0.395E+01             0.287E-29
             0.396E+01             0.976E-29
             0.396E+01             0.957E-30
             0.397E+01             0.100E-30
             0.398E+01             0.325E-29
             0.398E+01             0.415E-29
             0.399E+01             0.276E-30
             0.399E+01             0.685E-30
             0.400E+01             0.115E-29
             0.401E+01             0.158E-28
             0.401E+01             0.355E-29
             0.402E+01             0.565E-29
             0.403E+01             0.296E-29
             0.403E+01             0.145E-29
             0.404E+01             0.197E-30
             0.404E+01             0.243E-30
             0.405E+01             0.605E-29
             0.406E+01             0.674E-29
             0.406E+01             0.498E-30
             0.407E+01             0.530E-30
             0.408E+01             0.153E-30
             0.408E+01             0.185E-30
             0.409E+01             0.443E-32
             0.409E+01             0.367E-34
             0.410E+01             0.159E-28
             0.411E+01             0.375E-29
             0.411E+01             0.418E-29
             0.412E+01             0.198E-31
             0.413E+01             0.260E-29
             0.413E+01             0.276E-29
             0.414E+01             0.267E-30
             0.414E+01             0.221E-30
             0.415E+01             0.402E-29
             0.416E+01             0.621E-29
             0.416E+01             0.105E-28
             0.417E+01             0.812E-29
             0.418E+01             0.380E-30
             0.418E+01             0.595E-32
             0.419E+01             0.119E-30
             0.419E+01             0.237E-30
             0.420E+01             0.212E-29
             0.421E+01             0.184E-29
             0.421E+01             0.260E-30
             0.422E+01             0.257E-29
             0.423E+01             0.781E-30
             0.423E+01             0.654E-30
             0.424E+01             0.470E-30
             0.424E+01             0.907E-30
             0.425E+01             0.674E-31
             0.426E+01             0.207E-29
             0.426E+01             0.642E-29
             0.427E+01             0.108E-29
             0.428E+01             0.843E-30
             0.428E+01             0.362E-31
             0.429E+01             0.124E-28
             0.429E+01             0.137E-29
             0.430E+01             0.634E-29
             0.431E+01             0.438E-30
             0.431E+01             0.279E-29
             0.432E+01             0.345E-30
             0.433E+01             0.214E-30
             0.433E+01             0.151E-28
             0.434E+01             0.110E-29
             0.434E+01             0.166E-30
             0.435E+01             0.945E-29
             0.436E+01             0.629E-32
             0.436E+01             0.195E-29
             0.437E+01             0.181E-28
             0.438E+01             0.172E-28
             0.438E+01             0.709E-29
             0.439E+01             0.342E-29
             0.439E+01             0.567E-30
             0.440E+01             0.987E-30
             0.441E+01             0.197E-30
             0.441E+01             0.109E-28
             0.442E+01             0.484E-29
             0.443E+01             0.169E-33
             0.443E+01             0.196E-29
             0.444E+01             0.289E-29
             0.444E+01             0.123E-28
             0.445E+01             0.598E-29
             0.446E+01             0.396E-30
             0.446E+01             0.115E-29
             0.447E+01             0.239E-29
             0.448E+01             0.143E-30
             0.448E+01             0.153E-30
             0.449E+01             0.528E-30
             0.449E+01             0.100E-29
             0.450E+01             0.485E-29
             0.451E+01             0.137E-29
             0.451E+01             0.155E-29
             0.452E+01             0.102E-30
             0.453E+01             0.312E-29
             0.453E+01             0.595E-31
             0.454E+01             0.555E-29
             0.454E+01             0.111E-30
             0.455E+01             0.129E-28
             0.456E+01             0.799E-30
             0.456E+01             0.151E-29
             0.457E+01             0.367E-30
             0.458E+01             0.365E-29
             0.458E+01             0.234E-28
             0.459E+01             0.723E-29
             0.459E+01             0.263E-30
             0.460E+01             0.410E-29
             0.461E+01             0.127E-30
             0.461E+01             0.133E-30
             0.462E+01             0.268E-29
             0.463E+01             0.194E-28
             0.463E+01             0.586E-29
             0.464E+01             0.372E-30
             0.464E+01             0.706E-30
             0.465E+01             0.373E-30
             0.466E+01             0.232E-29
             0.466E+01             0.111E-28
             0.467E+01             0.486E-29
             0.468E+01             0.118E-29
             0.468E+01             0.891E-33
             0.469E+01             0.599E-31
             0.469E+01             0.441E-31
             0.470E+01             0.510E-29
             0.471E+01             0.445E-30
             0.471E+01             0.663E-30
             0.472E+01             0.838E-29
             0.473E+01             0.106E-29
             0.473E+01             0.121E-29
             0.474E+01             0.274E-30
             0.474E+01             0.351E-29
             0.475E+01             0.490E-29
             0.476E+01             0.136E-31
             0.476E+01             0.243E-29
             0.477E+01             0.193E-29
             0.478E+01             0.110E-28
             0.478E+01             0.857E-30
             0.479E+01             0.157E-28
             0.479E+01             0.387E-30
             0.480E+01             0.812E-29
             0.481E+01             0.209E-29
             0.481E+01             0.132E-30
             0.482E+01             0.797E-30
             0.483E+01             0.210E-29
             0.483E+01             0.469E-31
             0.484E+01             0.169E-30
             0.484E+01             0.129E-30
             0.485E+01             0.452E-29
             0.486E+01             0.132E-30
             0.486E+01             0.287E-29
             0.487E+01             0.568E-30
             0.488E+01             0.114E-29
             0.488E+01             0.179E-28
             0.489E+01             0.161E-29
             0.489E+01             0.654E-29
             0.490E+01             0.389E-29
             0.491E+01             0.393E-29
             0.491E+01             0.924E-30
             0.492E+01             0.111E-28
             0.493E+01             0.763E-30
             0.493E+01             0.447E-29
             0.494E+01             0.178E-29
             0.494E+01             0.153E-29
             0.495E+01             0.209E-29
             0.496E+01             0.249E-31
             0.496E+01             0.142E-32
             0.497E+01             0.480E-29
             0.498E+01             0.435E-29
             0.498E+01             0.206E-29
             0.499E+01             0.961E-31
             0.499E+01             0.218E-31
             0.500E+01             0.114E-29
