            -0.699E+01             0.333E-31
            -0.698E+01             0.667E-31
            -0.696E+01             0.387E-31
            -0.695E+01             0.253E-32
            -0.694E+01             0.439E-31
            -0.693E+01             0.337E-33
            -0.692E+01             0.229E-31
            -0.691E+01             0.129E-30
            -0.689E+01             0.609E-32
            -0.688E+01             0.247E-31
            -0.687E+01             0.141E-31
            -0.686E+01             0.118E-31
            -0.685E+01             0.918E-31
            -0.683E+01             0.238E-32
            -0.682E+01             0.225E-32
            -0.681E+01             0.832E-31
            -0.680E+01             0.734E-31
            -0.679E+01             0.226E-31
            -0.677E+01             0.894E-32
            -0.676E+01             0.560E-31
            -0.675E+01             0.962E-31
            -0.674E+01             0.159E-30
            -0.673E+01             0.336E-32
            -0.672E+01             0.179E-31
            -0.670E+01             0.569E-32
            -0.669E+01             0.502E-31
            -0.668E+01             0.399E-31
            -0.667E+01             0.577E-31
            -0.666E+01             0.827E-38
            -0.664E+01             0.663E-31
            -0.663E+01             0.121E-31
            -0.662E+01             0.272E-31
            -0.661E+01             0.501E-32
            -0.660E+01             0.159E-31
            -0.659E+01             0.212E-31
            -0.657E+01             0.341E-33
            -0.656E+01             0.600E-33
            -0.655E+01             0.497E-31
            -0.654E+01             0.405E-32
            -0.653E+01             0.449E-33
            -0.651E+01             0.425E-32
            -0.650E+01             0.234E-32
            -0.649E+01             0.135E-34
            -0.648E+01             0.534E-34
            -0.647E+01             0.102E-34
            -0.645E+01             0.485E-34
            -0.644E+01             0.128E-34
            -0.643E+01             0.446E-34
            -0.642E+01             0.254E-34
            -0.641E+01             0.226E-34
            -0.640E+01             0.348E-40
            -0.638E+01             0.232E-39
            -0.637E+01             0.122E-34
            -0.636E+01             0.228E-35
            -0.635E+01             0.120E-37
            -0.634E+01             0.919E-37
            -0.632E+01             0.517E-38
            -0.631E+01             0.174E-40
            -0.630E+01             0.612E-38
            -0.629E+01             0.168E-38
            -0.628E+01             0.133E-39
            -0.627E+01             0.477E-38
            -0.625E+01             0.329E-39
            -0.624E+01             0.423E-41
            -0.623E+01             0.662E-40
            -0.622E+01             0.162E-39
            -0.621E+01             0.719E-41
            -0.619E+01             0.285E-42
            -0.618E+01             0.574E-43
            -0.617E+01             0.458E-42
            -0.616E+01             0.121E-45
            -0.615E+01             0.335E-44
            -0.613E+01             0.245E-44
            -0.612E+01             0.326E-46
            -0.611E+01             0.472E-47
            -0.610E+01             0.262E-46
            -0.609E+01             0.136E-47
            -0.608E+01             0.610E-47
            -0.606E+01             0.338E-46
            -0.605E+01             0.164E-48
            -0.604E+01             0.212E-47
            -0.603E+01             0.130E-48
            -0.602E+01             0.191E-48
            -0.600E+01             0.317E-52
            -0.599E+01             0.399E-50
            -0.598E+01             0.109E-49
            -0.597E+01             0.229E-51
            -0.596E+01             0.119E-50
            -0.594E+01             0.316E-52
            -0.593E+01             0.110E-52
            -0.592E+01             0.917E-55
            -0.591E+01             0.844E-54
            -0.590E+01             0.901E-55
            -0.589E+01             0.457E-58
            -0.587E+01             0.702E-57
            -0.586E+01             0.152E-55
            -0.585E+01             0.393E-56
            -0.584E+01             0.371E-56
            -0.583E+01             0.678E-57
            -0.581E+01             0.185E-58
            -0.580E+01             0.137E-59
            -0.579E+01             0.227E-61
            -0.578E+01             0.124E-59
            -0.577E+01             0.136E-61
            -0.576E+01             0.773E-61
            -0.574E+01             0.118E-61
            -0.573E+01             0.597E-62
            -0.572E+01             0.789E-62
            -0.571E+01             0.111E-59
            -0.570E+01             0.166E-62
            -0.568E+01             0.192E-61
            -0.567E+01             0.631E-62
            -0.566E+01             0.448E-62
            -0.565E+01             0.181E-61
            -0.564E+01             0.778E-61
            -0.562E+01             0.310E-63
            -0.561E+01             0.815E-61
            -0.560E+01             0.149E-62
            -0.559E+01             0.129E-61
            -0.558E+01             0.255E-61
            -0.557E+01             0.305E-60
            -0.555E+01             0.994E-62
            -0.554E+01             0.914E-63
            -0.553E+01             0.778E-61
            -0.552E+01             0.600E-61
            -0.551E+01             0.135E-61
            -0.549E+01             0.128E-61
            -0.548E+01             0.106E-63
            -0.547E+01             0.107E-61
            -0.546E+01             0.324E-60
            -0.545E+01             0.458E-62
            -0.544E+01             0.524E-61
            -0.542E+01             0.188E-61
            -0.541E+01             0.358E-62
            -0.540E+01             0.287E-64
            -0.539E+01             0.335E-63
            -0.538E+01             0.919E-61
            -0.536E+01             0.303E-61
            -0.535E+01             0.895E-63
            -0.534E+01             0.400E-63
            -0.533E+01             0.236E-62
            -0.532E+01             0.558E-62
            -0.530E+01             0.186E-61
            -0.529E+01             0.124E-65
            -0.528E+01             0.534E-61
            -0.527E+01             0.140E-60
            -0.526E+01             0.487E-60
            -0.525E+01             0.464E-60
            -0.523E+01             0.374E-61
            -0.522E+01             0.237E-60
            -0.521E+01             0.863E-62
            -0.520E+01             0.124E-60
            -0.519E+01             0.325E-61
            -0.517E+01             0.191E-61
            -0.516E+01             0.206E-61
            -0.515E+01             0.150E-61
            -0.514E+01             0.291E-62
            -0.513E+01             0.139E-60
            -0.512E+01             0.211E-61
            -0.510E+01             0.230E-62
            -0.509E+01             0.134E-62
            -0.508E+01             0.725E-62
            -0.507E+01             0.150E-60
            -0.506E+01             0.562E-62
            -0.504E+01             0.323E-61
            -0.503E+01             0.512E-61
            -0.502E+01             0.655E-62
            -0.501E+01             0.127E-60
            -0.500E+01             0.442E-62
            -0.498E+01             0.137E-62
            -0.497E+01             0.105E-63
            -0.496E+01             0.292E-60
            -0.495E+01             0.249E-62
            -0.494E+01             0.965E-62
            -0.493E+01             0.122E-60
            -0.491E+01             0.273E-62
            -0.490E+01             0.283E-61
            -0.489E+01             0.519E-62
            -0.488E+01             0.244E-61
            -0.487E+01             0.294E-61
            -0.485E+01             0.107E-61
            -0.484E+01             0.236E-61
            -0.483E+01             0.243E-60
            -0.482E+01             0.688E-61
            -0.481E+01             0.169E-60
            -0.480E+01             0.125E-60
            -0.478E+01             0.260E-61
            -0.477E+01             0.276E-61
            -0.476E+01             0.465E-61
            -0.475E+01             0.245E-61
            -0.474E+01             0.356E-62
            -0.472E+01             0.442E-61
            -0.471E+01             0.309E-61
            -0.470E+01             0.312E-60
            -0.469E+01             0.354E-60
            -0.468E+01             0.144E-61
            -0.466E+01             0.588E-61
            -0.465E+01             0.438E-62
            -0.464E+01             0.194E-60
            -0.463E+01             0.110E-60
            -0.462E+01             0.336E-62
            -0.461E+01             0.125E-59
            -0.459E+01             0.194E-61
            -0.458E+01             0.539E-61
            -0.457E+01             0.111E-62
            -0.456E+01             0.201E-60
            -0.455E+01             0.655E-62
            -0.453E+01             0.139E-60
            -0.452E+01             0.197E-65
            -0.451E+01             0.193E-61
            -0.450E+01             0.334E-60
            -0.449E+01             0.567E-60
            -0.448E+01             0.698E-61
            -0.446E+01             0.763E-60
            -0.445E+01             0.280E-61
            -0.444E+01             0.279E-60
            -0.443E+01             0.161E-60
            -0.442E+01             0.152E-59
            -0.440E+01             0.154E-59
            -0.439E+01             0.175E-60
            -0.438E+01             0.175E-61
            -0.437E+01             0.286E-60
            -0.436E+01             0.115E-59
            -0.434E+01             0.180E-60
            -0.433E+01             0.121E-61
            -0.432E+01             0.445E-61
            -0.431E+01             0.279E-60
            -0.430E+01             0.105E-60
            -0.429E+01             0.100E-59
            -0.427E+01             0.115E-60
            -0.426E+01             0.760E-60
            -0.425E+01             0.165E-60
            -0.424E+01             0.221E-60
            -0.423E+01             0.130E-59
            -0.421E+01             0.961E-60
            -0.420E+01             0.297E-59
            -0.419E+01             0.102E-59
            -0.418E+01             0.418E-60
            -0.417E+01             0.901E-61
            -0.415E+01             0.215E-59
            -0.414E+01             0.643E-60
            -0.413E+01             0.559E-63
            -0.412E+01             0.953E-60
            -0.411E+01             0.719E-61
            -0.410E+01             0.122E-60
            -0.408E+01             0.375E-60
            -0.407E+01             0.150E-60
            -0.406E+01             0.347E-60
            -0.405E+01             0.136E-61
            -0.404E+01             0.137E-60
            -0.402E+01             0.367E-59
            -0.401E+01             0.308E-59
            -0.400E+01             0.223E-59
            -0.399E+01             0.289E-59
            -0.398E+01             0.936E-60
            -0.397E+01             0.353E-62
            -0.395E+01             0.209E-59
            -0.394E+01             0.135E-60
            -0.393E+01             0.147E-59
            -0.392E+01             0.341E-60
            -0.391E+01             0.890E-60
            -0.389E+01             0.230E-59
            -0.388E+01             0.970E-61
            -0.387E+01             0.652E-62
            -0.386E+01             0.434E-60
            -0.385E+01             0.573E-60
            -0.383E+01             0.118E-61
            -0.382E+01             0.636E-61
            -0.381E+01             0.201E-60
            -0.380E+01             0.244E-59
            -0.379E+01             0.546E-61
            -0.378E+01             0.157E-59
            -0.376E+01             0.109E-60
            -0.375E+01             0.385E-59
            -0.374E+01             0.440E-60
            -0.373E+01             0.252E-61
            -0.372E+01             0.618E-60
            -0.370E+01             0.140E-59
            -0.369E+01             0.253E-59
            -0.368E+01             0.607E-60
            -0.367E+01             0.244E-59
            -0.366E+01             0.115E-59
            -0.365E+01             0.190E-61
            -0.363E+01             0.744E-60
            -0.362E+01             0.196E-60
            -0.361E+01             0.202E-59
            -0.360E+01             0.501E-60
            -0.359E+01             0.269E-61
            -0.357E+01             0.200E-60
            -0.356E+01             0.185E-60
            -0.355E+01             0.482E-59
            -0.354E+01             0.520E-61
            -0.353E+01             0.141E-60
            -0.351E+01             0.415E-60
            -0.350E+01             0.998E-60
            -0.349E+01             0.643E-59
            -0.348E+01             0.110E-61
            -0.347E+01             0.300E-59
            -0.346E+01             0.237E-60
            -0.344E+01             0.134E-60
            -0.343E+01             0.620E-61
            -0.342E+01             0.887E-60
            -0.341E+01             0.131E-59
            -0.340E+01             0.485E-60
            -0.338E+01             0.164E-60
            -0.337E+01             0.293E-61
            -0.336E+01             0.112E-61
            -0.335E+01             0.273E-59
            -0.334E+01             0.132E-59
            -0.333E+01             0.418E-59
            -0.331E+01             0.731E-60
            -0.330E+01             0.124E-59
            -0.329E+01             0.723E-60
            -0.328E+01             0.853E-61
            -0.327E+01             0.405E-61
            -0.325E+01             0.705E-61
            -0.324E+01             0.115E-59
            -0.323E+01             0.225E-60
            -0.322E+01             0.470E-60
            -0.321E+01             0.131E-60
            -0.319E+01             0.197E-60
            -0.318E+01             0.454E-59
            -0.317E+01             0.115E-60
            -0.316E+01             0.292E-59
            -0.315E+01             0.105E-60
            -0.314E+01             0.187E-60
            -0.312E+01             0.166E-59
            -0.311E+01             0.153E-59
            -0.310E+01             0.612E-60
            -0.309E+01             0.325E-59
            -0.308E+01             0.101E-59
            -0.306E+01             0.133E-60
            -0.305E+01             0.902E-63
            -0.304E+01             0.315E-59
            -0.303E+01             0.677E-61
            -0.302E+01             0.470E-63
            -0.301E+01             0.900E-64
            -0.299E+01             0.857E-60
            -0.298E+01             0.615E-60
            -0.297E+01             0.231E-59
            -0.296E+01             0.901E-60
            -0.295E+01             0.427E-60
            -0.293E+01             0.234E-60
            -0.292E+01             0.822E-61
            -0.291E+01             0.187E-59
            -0.290E+01             0.222E-60
            -0.289E+01             0.145E-59
            -0.287E+01             0.354E-60
            -0.286E+01             0.342E-59
            -0.285E+01             0.128E-58
            -0.284E+01             0.492E-59
            -0.283E+01             0.136E-58
            -0.282E+01             0.907E-60
            -0.280E+01             0.102E-60
            -0.279E+01             0.674E-61
            -0.278E+01             0.101E-59
            -0.277E+01             0.563E-59
            -0.276E+01             0.732E-59
            -0.274E+01             0.589E-58
            -0.273E+01             0.164E-57
            -0.272E+01             0.744E-57
            -0.271E+01             0.291E-56
            -0.270E+01             0.967E-56
            -0.269E+01             0.336E-55
            -0.267E+01             0.115E-54
            -0.266E+01             0.389E-54
            -0.265E+01             0.132E-53
            -0.264E+01             0.443E-53
            -0.263E+01             0.148E-52
            -0.261E+01             0.492E-52
            -0.260E+01             0.163E-51
            -0.259E+01             0.534E-51
            -0.258E+01             0.174E-50
            -0.257E+01             0.566E-50
            -0.255E+01             0.183E-49
            -0.254E+01             0.588E-49
            -0.253E+01             0.188E-48
            -0.252E+01             0.597E-48
            -0.251E+01             0.189E-47
            -0.250E+01             0.593E-47
            -0.248E+01             0.185E-46
            -0.247E+01             0.576E-46
            -0.246E+01             0.178E-45
            -0.245E+01             0.548E-45
            -0.244E+01             0.167E-44
            -0.242E+01             0.509E-44
            -0.241E+01             0.154E-43
            -0.240E+01             0.463E-43
            -0.239E+01             0.138E-42
            -0.238E+01             0.411E-42
            -0.236E+01             0.122E-41
            -0.235E+01             0.358E-41
            -0.234E+01             0.105E-40
            -0.233E+01             0.304E-40
            -0.232E+01             0.879E-40
            -0.231E+01             0.253E-39
            -0.229E+01             0.723E-39
            -0.228E+01             0.206E-38
            -0.227E+01             0.581E-38
            -0.226E+01             0.163E-37
            -0.225E+01             0.457E-37
            -0.223E+01             0.127E-36
            -0.222E+01             0.351E-36
            -0.221E+01             0.966E-36
            -0.220E+01             0.264E-35
            -0.219E+01             0.718E-35
            -0.218E+01             0.194E-34
            -0.216E+01             0.522E-34
            -0.215E+01             0.139E-33
            -0.214E+01             0.371E-33
            -0.213E+01             0.979E-33
            -0.212E+01             0.257E-32
            -0.210E+01             0.673E-32
            -0.209E+01             0.175E-31
            -0.208E+01             0.452E-31
            -0.207E+01             0.116E-30
            -0.206E+01             0.297E-30
            -0.204E+01             0.753E-30
            -0.203E+01             0.190E-29
            -0.202E+01             0.478E-29
            -0.201E+01             0.119E-28
            -0.200E+01             0.296E-28
            -0.199E+01             0.732E-28
            -0.197E+01             0.180E-27
            -0.196E+01             0.439E-27
            -0.195E+01             0.106E-26
            -0.194E+01             0.257E-26
            -0.193E+01             0.617E-26
            -0.191E+01             0.147E-25
            -0.190E+01             0.349E-25
            -0.189E+01             0.823E-25
            -0.188E+01             0.193E-24
            -0.187E+01             0.450E-24
            -0.186E+01             0.104E-23
            -0.184E+01             0.241E-23
            -0.183E+01             0.552E-23
            -0.182E+01             0.126E-22
            -0.181E+01             0.285E-22
            -0.180E+01             0.642E-22
            -0.178E+01             0.144E-21
            -0.177E+01             0.320E-21
            -0.176E+01             0.708E-21
            -0.175E+01             0.156E-20
            -0.174E+01             0.341E-20
            -0.172E+01             0.743E-20
            -0.171E+01             0.161E-19
            -0.170E+01             0.345E-19
            -0.169E+01             0.739E-19
            -0.168E+01             0.157E-18
            -0.167E+01             0.332E-18
            -0.165E+01             0.697E-18
            -0.164E+01             0.146E-17
            -0.163E+01             0.302E-17
            -0.162E+01             0.624E-17
            -0.161E+01             0.128E-16
            -0.159E+01             0.261E-16
            -0.158E+01             0.530E-16
            -0.157E+01             0.107E-15
            -0.156E+01             0.214E-15
            -0.155E+01             0.427E-15
            -0.154E+01             0.846E-15
            -0.152E+01             0.167E-14
            -0.151E+01             0.326E-14
            -0.150E+01             0.635E-14
            -0.149E+01             0.123E-13
            -0.148E+01             0.236E-13
            -0.146E+01             0.452E-13
            -0.145E+01             0.858E-13
            -0.144E+01             0.162E-12
            -0.143E+01             0.305E-12
            -0.142E+01             0.568E-12
            -0.140E+01             0.105E-11
            -0.139E+01             0.195E-11
            -0.138E+01             0.357E-11
            -0.137E+01             0.650E-11
            -0.136E+01             0.118E-10
            -0.135E+01             0.212E-10
            -0.133E+01             0.379E-10
            -0.132E+01             0.674E-10
            -0.131E+01             0.119E-09
            -0.130E+01             0.210E-09
            -0.129E+01             0.366E-09
            -0.127E+01             0.635E-09
            -0.126E+01             0.110E-08
            -0.125E+01             0.188E-08
            -0.124E+01             0.320E-08
            -0.123E+01             0.542E-08
            -0.122E+01             0.913E-08
            -0.120E+01             0.153E-07
            -0.119E+01             0.254E-07
            -0.118E+01             0.419E-07
            -0.117E+01             0.688E-07
            -0.116E+01             0.112E-06
            -0.114E+01             0.182E-06
            -0.113E+01             0.293E-06
            -0.112E+01             0.470E-06
            -0.111E+01             0.747E-06
            -0.110E+01             0.118E-05
            -0.108E+01             0.185E-05
            -0.107E+01             0.290E-05
            -0.106E+01             0.449E-05
            -0.105E+01             0.692E-05
            -0.104E+01             0.106E-04
            -0.103E+01             0.161E-04
            -0.101E+01             0.243E-04
            -0.100E+01             0.365E-04
            -0.990E+00             0.545E-04
            -0.978E+00             0.808E-04
            -0.966E+00             0.119E-03
            -0.954E+00             0.174E-03
            -0.942E+00             0.252E-03
            -0.931E+00             0.364E-03
            -0.919E+00             0.522E-03
            -0.907E+00             0.743E-03
            -0.895E+00             0.105E-02
            -0.883E+00             0.147E-02
            -0.871E+00             0.206E-02
            -0.859E+00             0.285E-02
            -0.848E+00             0.391E-02
            -0.836E+00             0.535E-02
            -0.824E+00             0.725E-02
            -0.812E+00             0.975E-02
            -0.800E+00             0.130E-01
            -0.788E+00             0.173E-01
            -0.776E+00             0.228E-01
            -0.765E+00             0.298E-01
            -0.753E+00             0.386E-01
            -0.741E+00             0.498E-01
            -0.729E+00             0.636E-01
            -0.717E+00             0.806E-01
            -0.705E+00             0.101E+00
            -0.693E+00             0.127E+00
            -0.682E+00             0.157E+00
            -0.670E+00             0.193E+00
            -0.658E+00             0.235E+00
            -0.646E+00             0.284E+00
            -0.634E+00             0.340E+00
            -0.622E+00             0.403E+00
            -0.610E+00             0.474E+00
            -0.599E+00             0.553E+00
            -0.587E+00             0.639E+00
            -0.575E+00             0.731E+00
            -0.563E+00             0.829E+00
            -0.551E+00             0.929E+00
            -0.539E+00             0.103E+01
            -0.528E+00             0.113E+01
            -0.516E+00             0.123E+01
            -0.504E+00             0.132E+01
            -0.492E+00             0.140E+01
            -0.480E+00             0.147E+01
            -0.468E+00             0.151E+01
            -0.456E+00             0.154E+01
            -0.445E+00             0.154E+01
            -0.433E+00             0.152E+01
            -0.421E+00             0.147E+01
            -0.409E+00             0.140E+01
            -0.397E+00             0.130E+01
            -0.385E+00             0.118E+01
            -0.373E+00             0.104E+01
            -0.362E+00             0.882E+00
            -0.350E+00             0.721E+00
            -0.338E+00             0.560E+00
            -0.326E+00             0.407E+00
            -0.314E+00             0.269E+00
            -0.302E+00             0.154E+00
            -0.290E+00             0.680E-01
            -0.279E+00             0.156E-01
            -0.267E+00             0.159E-03
            -0.255E+00             0.225E-01
            -0.243E+00             0.813E-01
            -0.231E+00             0.173E+00
            -0.219E+00             0.291E+00
            -0.207E+00             0.427E+00
            -0.196E+00             0.573E+00
            -0.184E+00             0.718E+00
            -0.172E+00             0.851E+00
            -0.160E+00             0.963E+00
            -0.148E+00             0.105E+01
            -0.136E+00             0.109E+01
            -0.124E+00             0.110E+01
            -0.113E+00             0.106E+01
            -0.101E+00             0.989E+00
            -0.889E-01             0.883E+00
            -0.771E-01             0.751E+00
            -0.652E-01             0.603E+00
            -0.533E-01             0.451E+00
            -0.415E-01             0.307E+00
            -0.296E-01             0.181E+00
            -0.178E-01             0.831E-01
            -0.593E-02             0.212E-01
             0.593E-02             0.251E-25
             0.178E-01             0.212E-01
             0.296E-01             0.831E-01
             0.415E-01             0.181E+00
             0.533E-01             0.307E+00
             0.652E-01             0.451E+00
             0.771E-01             0.603E+00
             0.889E-01             0.751E+00
             0.101E+00             0.883E+00
             0.113E+00             0.989E+00
             0.124E+00             0.106E+01
             0.136E+00             0.110E+01
             0.148E+00             0.109E+01
             0.160E+00             0.105E+01
             0.172E+00             0.963E+00
             0.184E+00             0.851E+00
             0.196E+00             0.718E+00
             0.207E+00             0.573E+00
             0.219E+00             0.427E+00
             0.231E+00             0.291E+00
             0.243E+00             0.173E+00
             0.255E+00             0.813E-01
             0.267E+00             0.225E-01
             0.279E+00             0.159E-03
             0.290E+00             0.156E-01
             0.302E+00             0.680E-01
             0.314E+00             0.154E+00
             0.326E+00             0.269E+00
             0.338E+00             0.407E+00
             0.350E+00             0.560E+00
             0.362E+00             0.721E+00
             0.373E+00             0.882E+00
             0.385E+00             0.104E+01
             0.397E+00             0.118E+01
             0.409E+00             0.130E+01
             0.421E+00             0.140E+01
             0.433E+00             0.147E+01
             0.445E+00             0.152E+01
             0.456E+00             0.154E+01
             0.468E+00             0.154E+01
             0.480E+00             0.151E+01
             0.492E+00             0.147E+01
             0.504E+00             0.140E+01
             0.516E+00             0.132E+01
             0.528E+00             0.123E+01
             0.539E+00             0.113E+01
             0.551E+00             0.103E+01
             0.563E+00             0.929E+00
             0.575E+00             0.829E+00
             0.587E+00             0.731E+00
             0.599E+00             0.639E+00
             0.610E+00             0.553E+00
             0.622E+00             0.474E+00
             0.634E+00             0.403E+00
             0.646E+00             0.340E+00
             0.658E+00             0.284E+00
             0.670E+00             0.235E+00
             0.682E+00             0.193E+00
             0.693E+00             0.157E+00
             0.705E+00             0.127E+00
             0.717E+00             0.101E+00
             0.729E+00             0.806E-01
             0.741E+00             0.636E-01
             0.753E+00             0.498E-01
             0.765E+00             0.386E-01
             0.776E+00             0.298E-01
             0.788E+00             0.228E-01
             0.800E+00             0.173E-01
             0.812E+00             0.130E-01
             0.824E+00             0.975E-02
             0.836E+00             0.725E-02
             0.848E+00             0.535E-02
             0.859E+00             0.391E-02
             0.871E+00             0.285E-02
             0.883E+00             0.206E-02
             0.895E+00             0.147E-02
             0.907E+00             0.105E-02
             0.919E+00             0.743E-03
             0.931E+00             0.522E-03
             0.942E+00             0.364E-03
             0.954E+00             0.252E-03
             0.966E+00             0.174E-03
             0.978E+00             0.119E-03
             0.990E+00             0.808E-04
             0.100E+01             0.545E-04
             0.101E+01             0.365E-04
             0.103E+01             0.243E-04
             0.104E+01             0.161E-04
             0.105E+01             0.106E-04
             0.106E+01             0.692E-05
             0.107E+01             0.449E-05
             0.108E+01             0.290E-05
             0.110E+01             0.185E-05
             0.111E+01             0.118E-05
             0.112E+01             0.747E-06
             0.113E+01             0.470E-06
             0.114E+01             0.293E-06
             0.116E+01             0.182E-06
             0.117E+01             0.112E-06
             0.118E+01             0.688E-07
             0.119E+01             0.419E-07
             0.120E+01             0.254E-07
             0.122E+01             0.153E-07
             0.123E+01             0.913E-08
             0.124E+01             0.542E-08
             0.125E+01             0.320E-08
             0.126E+01             0.188E-08
             0.127E+01             0.110E-08
             0.129E+01             0.635E-09
             0.130E+01             0.366E-09
             0.131E+01             0.210E-09
             0.132E+01             0.119E-09
             0.133E+01             0.674E-10
             0.135E+01             0.379E-10
             0.136E+01             0.212E-10
             0.137E+01             0.118E-10
             0.138E+01             0.650E-11
             0.139E+01             0.357E-11
             0.140E+01             0.195E-11
             0.142E+01             0.105E-11
             0.143E+01             0.568E-12
             0.144E+01             0.305E-12
             0.145E+01             0.162E-12
             0.146E+01             0.858E-13
             0.148E+01             0.452E-13
             0.149E+01             0.236E-13
             0.150E+01             0.123E-13
             0.151E+01             0.635E-14
             0.152E+01             0.326E-14
             0.154E+01             0.167E-14
             0.155E+01             0.846E-15
             0.156E+01             0.427E-15
             0.157E+01             0.214E-15
             0.158E+01             0.107E-15
             0.159E+01             0.530E-16
             0.161E+01             0.261E-16
             0.162E+01             0.128E-16
             0.163E+01             0.624E-17
             0.164E+01             0.302E-17
             0.165E+01             0.146E-17
             0.167E+01             0.697E-18
             0.168E+01             0.332E-18
             0.169E+01             0.157E-18
             0.170E+01             0.739E-19
             0.171E+01             0.345E-19
             0.172E+01             0.161E-19
             0.174E+01             0.742E-20
             0.175E+01             0.341E-20
             0.176E+01             0.156E-20
             0.177E+01             0.708E-21
             0.178E+01             0.320E-21
             0.180E+01             0.144E-21
             0.181E+01             0.642E-22
             0.182E+01             0.285E-22
             0.183E+01             0.126E-22
             0.184E+01             0.551E-23
             0.186E+01             0.241E-23
             0.187E+01             0.104E-23
             0.188E+01             0.446E-24
             0.189E+01             0.191E-24
             0.190E+01             0.837E-25
             0.191E+01             0.359E-25
             0.193E+01             0.150E-25
             0.194E+01             0.594E-26
             0.195E+01             0.238E-26
             0.196E+01             0.785E-27
             0.197E+01             0.167E-27
             0.199E+01             0.934E-29
             0.200E+01             0.103E-28
             0.201E+01             0.499E-28
             0.202E+01             0.960E-28
             0.203E+01             0.106E-28
             0.204E+01             0.217E-29
             0.206E+01             0.453E-28
             0.207E+01             0.575E-28
             0.208E+01             0.395E-28
             0.209E+01             0.654E-28
             0.210E+01             0.310E-28
             0.212E+01             0.218E-28
             0.213E+01             0.335E-29
             0.214E+01             0.488E-29
             0.215E+01             0.597E-28
             0.216E+01             0.360E-28
             0.218E+01             0.376E-28
             0.219E+01             0.221E-29
             0.220E+01             0.272E-28
             0.221E+01             0.421E-29
             0.222E+01             0.613E-30
             0.223E+01             0.816E-32
             0.225E+01             0.539E-30
             0.226E+01             0.470E-29
             0.227E+01             0.197E-28
             0.228E+01             0.661E-29
             0.229E+01             0.280E-28
             0.231E+01             0.183E-28
             0.232E+01             0.725E-29
             0.233E+01             0.332E-29
             0.234E+01             0.136E-29
             0.235E+01             0.101E-28
             0.236E+01             0.913E-29
             0.238E+01             0.332E-29
             0.239E+01             0.980E-30
             0.240E+01             0.932E-30
             0.241E+01             0.623E-29
             0.242E+01             0.731E-30
             0.244E+01             0.736E-30
             0.245E+01             0.116E-29
             0.246E+01             0.574E-29
             0.247E+01             0.125E-28
             0.248E+01             0.281E-28
             0.250E+01             0.211E-31
             0.251E+01             0.244E-30
             0.252E+01             0.319E-29
             0.253E+01             0.363E-29
             0.254E+01             0.230E-28
             0.255E+01             0.424E-28
             0.257E+01             0.117E-28
             0.258E+01             0.331E-30
             0.259E+01             0.312E-30
             0.260E+01             0.966E-29
             0.261E+01             0.404E-29
             0.263E+01             0.959E-29
             0.264E+01             0.950E-30
             0.265E+01             0.212E-29
             0.266E+01             0.175E-29
             0.267E+01             0.988E-30
             0.269E+01             0.247E-29
             0.270E+01             0.636E-29
             0.271E+01             0.376E-29
             0.272E+01             0.308E-31
             0.273E+01             0.122E-28
             0.274E+01             0.176E-30
             0.276E+01             0.163E-28
             0.277E+01             0.260E-29
             0.278E+01             0.106E-28
             0.279E+01             0.129E-28
             0.280E+01             0.313E-30
             0.282E+01             0.476E-29
             0.283E+01             0.108E-28
             0.284E+01             0.688E-29
             0.285E+01             0.115E-29
             0.286E+01             0.301E-29
             0.287E+01             0.109E-31
             0.289E+01             0.447E-29
             0.290E+01             0.273E-30
             0.291E+01             0.194E-29
             0.292E+01             0.400E-29
             0.293E+01             0.175E-29
             0.295E+01             0.794E-29
             0.296E+01             0.109E-28
             0.297E+01             0.261E-29
             0.298E+01             0.235E-30
             0.299E+01             0.537E-32
             0.301E+01             0.175E-29
             0.302E+01             0.422E-30
             0.303E+01             0.476E-30
             0.304E+01             0.732E-29
             0.305E+01             0.192E-29
             0.306E+01             0.619E-29
             0.308E+01             0.112E-29
             0.309E+01             0.401E-29
             0.310E+01             0.588E-29
             0.311E+01             0.304E-30
             0.312E+01             0.239E-30
             0.314E+01             0.276E-30
             0.315E+01             0.708E-29
             0.316E+01             0.212E-29
             0.317E+01             0.602E-29
             0.318E+01             0.980E-29
             0.319E+01             0.518E-29
             0.321E+01             0.620E-29
             0.322E+01             0.125E-29
             0.323E+01             0.977E-31
             0.324E+01             0.188E-28
             0.325E+01             0.192E-28
             0.327E+01             0.121E-28
             0.328E+01             0.260E-30
             0.329E+01             0.727E-32
             0.330E+01             0.305E-29
             0.331E+01             0.178E-30
             0.333E+01             0.105E-29
             0.334E+01             0.668E-29
             0.335E+01             0.571E-29
             0.336E+01             0.951E-29
             0.337E+01             0.674E-32
             0.338E+01             0.134E-30
             0.340E+01             0.190E-29
             0.341E+01             0.988E-30
             0.342E+01             0.662E-29
             0.343E+01             0.103E-28
             0.344E+01             0.117E-29
             0.346E+01             0.136E-28
             0.347E+01             0.648E-30
             0.348E+01             0.774E-31
             0.349E+01             0.500E-30
             0.350E+01             0.637E-29
             0.351E+01             0.539E-30
             0.353E+01             0.907E-30
             0.354E+01             0.159E-30
             0.355E+01             0.155E-29
             0.356E+01             0.279E-29
             0.357E+01             0.696E-31
             0.359E+01             0.241E-30
             0.360E+01             0.185E-29
             0.361E+01             0.253E-29
             0.362E+01             0.885E-32
             0.363E+01             0.361E-29
             0.365E+01             0.158E-29
             0.366E+01             0.534E-29
             0.367E+01             0.889E-30
             0.368E+01             0.217E-31
             0.369E+01             0.101E-30
             0.370E+01             0.280E-29
             0.372E+01             0.591E-29
             0.373E+01             0.343E-29
             0.374E+01             0.580E-31
             0.375E+01             0.826E-30
             0.376E+01             0.624E-30
             0.378E+01             0.399E-32
             0.379E+01             0.764E-30
             0.380E+01             0.322E-29
             0.381E+01             0.325E-30
             0.382E+01             0.308E-30
             0.383E+01             0.985E-31
             0.385E+01             0.183E-32
             0.386E+01             0.106E-29
             0.387E+01             0.202E-31
             0.388E+01             0.155E-29
             0.389E+01             0.103E-29
             0.391E+01             0.735E-29
             0.392E+01             0.100E-28
             0.393E+01             0.835E-29
             0.394E+01             0.110E-29
             0.395E+01             0.466E-30
             0.397E+01             0.376E-29
             0.398E+01             0.963E-30
             0.399E+01             0.566E-29
             0.400E+01             0.311E-30
             0.401E+01             0.470E-30
             0.402E+01             0.129E-33
             0.404E+01             0.169E-29
             0.405E+01             0.459E-29
             0.406E+01             0.282E-29
             0.407E+01             0.854E-29
             0.408E+01             0.940E-31
             0.410E+01             0.122E-29
             0.411E+01             0.149E-30
             0.412E+01             0.175E-29
             0.413E+01             0.432E-30
             0.414E+01             0.204E-29
             0.415E+01             0.319E-30
             0.417E+01             0.395E-31
             0.418E+01             0.649E-33
             0.419E+01             0.111E-30
             0.420E+01             0.697E-30
             0.421E+01             0.313E-29
             0.423E+01             0.331E-29
             0.424E+01             0.244E-31
             0.425E+01             0.915E-30
             0.426E+01             0.172E-31
             0.427E+01             0.139E-29
             0.429E+01             0.265E-29
             0.430E+01             0.345E-30
             0.431E+01             0.200E-29
             0.432E+01             0.374E-29
             0.433E+01             0.491E-30
             0.434E+01             0.117E-29
             0.436E+01             0.224E-29
             0.437E+01             0.409E-29
             0.438E+01             0.910E-30
             0.439E+01             0.562E-29
             0.440E+01             0.372E-29
             0.442E+01             0.793E-30
             0.443E+01             0.680E-31
             0.444E+01             0.346E-29
             0.445E+01             0.314E-29
             0.446E+01             0.324E-30
             0.448E+01             0.893E-30
             0.449E+01             0.172E-29
             0.450E+01             0.905E-34
             0.451E+01             0.558E-30
             0.452E+01             0.315E-30
             0.453E+01             0.125E-29
             0.455E+01             0.113E-30
             0.456E+01             0.721E-30
             0.457E+01             0.231E-29
             0.458E+01             0.137E-29
             0.459E+01             0.590E-32
             0.461E+01             0.782E-29
             0.462E+01             0.247E-30
             0.463E+01             0.156E-29
             0.464E+01             0.582E-32
             0.465E+01             0.261E-29
             0.466E+01             0.758E-34
             0.468E+01             0.146E-29
             0.469E+01             0.731E-31
             0.470E+01             0.268E-29
             0.471E+01             0.112E-29
             0.472E+01             0.439E-31
             0.474E+01             0.354E-29
             0.475E+01             0.104E-29
             0.476E+01             0.350E-30
             0.477E+01             0.407E-32
             0.478E+01             0.492E-31
             0.480E+01             0.253E-29
             0.481E+01             0.360E-29
             0.482E+01             0.902E-29
             0.483E+01             0.213E-30
             0.484E+01             0.861E-30
             0.485E+01             0.147E-29
             0.487E+01             0.230E-30
             0.488E+01             0.271E-31
             0.489E+01             0.228E-30
             0.490E+01             0.102E-29
             0.491E+01             0.128E-29
             0.493E+01             0.311E-29
             0.494E+01             0.539E-29
             0.495E+01             0.343E-29
             0.496E+01             0.212E-29
             0.497E+01             0.106E-31
             0.498E+01             0.212E-30
             0.500E+01             0.905E-30
             0.501E+01             0.261E-29
             0.502E+01             0.161E-32
             0.503E+01             0.710E-31
             0.504E+01             0.670E-30
             0.506E+01             0.717E-30
             0.507E+01             0.260E-30
             0.508E+01             0.299E-29
             0.509E+01             0.299E-29
             0.510E+01             0.267E-29
             0.512E+01             0.138E-29
             0.513E+01             0.589E-30
             0.514E+01             0.350E-30
             0.515E+01             0.652E-31
             0.516E+01             0.319E-29
             0.517E+01             0.259E-30
             0.519E+01             0.105E-32
             0.520E+01             0.425E-30
             0.521E+01             0.209E-29
             0.522E+01             0.235E-30
             0.523E+01             0.124E-29
             0.525E+01             0.200E-29
             0.526E+01             0.143E-29
             0.527E+01             0.378E-30
             0.528E+01             0.111E-29
             0.529E+01             0.198E-29
             0.530E+01             0.568E-31
             0.532E+01             0.335E-29
             0.533E+01             0.379E-31
             0.534E+01             0.333E-30
             0.535E+01             0.585E-31
             0.536E+01             0.318E-31
             0.538E+01             0.451E-30
             0.539E+01             0.121E-29
             0.540E+01             0.356E-31
             0.541E+01             0.267E-32
             0.542E+01             0.860E-32
             0.544E+01             0.259E-30
             0.545E+01             0.279E-29
             0.546E+01             0.220E-31
             0.547E+01             0.109E-30
             0.548E+01             0.772E-32
             0.549E+01             0.641E-30
             0.551E+01             0.236E-29
             0.552E+01             0.371E-30
             0.553E+01             0.995E-30
             0.554E+01             0.278E-29
             0.555E+01             0.919E-30
             0.557E+01             0.109E-29
             0.558E+01             0.102E-29
             0.559E+01             0.406E-32
             0.560E+01             0.114E-29
             0.561E+01             0.262E-29
             0.562E+01             0.652E-33
             0.564E+01             0.473E-29
             0.565E+01             0.438E-29
             0.566E+01             0.858E-29
             0.567E+01             0.849E-29
             0.568E+01             0.911E-30
             0.570E+01             0.504E-31
             0.571E+01             0.213E-29
             0.572E+01             0.292E-34
             0.573E+01             0.202E-29
             0.574E+01             0.390E-29
             0.576E+01             0.594E-29
             0.577E+01             0.249E-29
             0.578E+01             0.490E-29
             0.579E+01             0.341E-29
             0.580E+01             0.456E-30
             0.581E+01             0.333E-30
             0.583E+01             0.144E-29
             0.584E+01             0.975E-29
             0.585E+01             0.293E-29
             0.586E+01             0.300E-30
             0.587E+01             0.641E-32
             0.589E+01             0.182E-31
             0.590E+01             0.646E-30
             0.591E+01             0.158E-29
             0.592E+01             0.246E-29
             0.593E+01             0.200E-29
             0.594E+01             0.209E-31
             0.596E+01             0.198E-29
             0.597E+01             0.619E-32
             0.598E+01             0.389E-29
             0.599E+01             0.330E-29
             0.600E+01             0.499E-30
             0.602E+01             0.119E-30
             0.603E+01             0.926E-30
             0.604E+01             0.119E-29
             0.605E+01             0.104E-30
             0.606E+01             0.234E-29
             0.608E+01             0.103E-30
             0.609E+01             0.398E-29
             0.610E+01             0.483E-29
             0.611E+01             0.893E-30
             0.612E+01             0.222E-30
             0.613E+01             0.136E-31
             0.615E+01             0.158E-29
             0.616E+01             0.493E-31
             0.617E+01             0.428E-30
             0.618E+01             0.129E-29
             0.619E+01             0.678E-30
             0.621E+01             0.682E-30
             0.622E+01             0.116E-29
             0.623E+01             0.334E-29
             0.624E+01             0.839E-30
             0.625E+01             0.766E-29
             0.627E+01             0.486E-29
             0.628E+01             0.160E-30
             0.629E+01             0.183E-31
             0.630E+01             0.383E-29
             0.631E+01             0.185E-31
             0.632E+01             0.621E-29
             0.634E+01             0.177E-29
             0.635E+01             0.173E-29
             0.636E+01             0.100E-29
             0.637E+01             0.117E-29
             0.638E+01             0.839E-29
             0.640E+01             0.373E-29
             0.641E+01             0.399E-29
             0.642E+01             0.676E-30
             0.643E+01             0.109E-31
             0.644E+01             0.166E-30
             0.645E+01             0.306E-31
             0.647E+01             0.348E-29
             0.648E+01             0.150E-29
             0.649E+01             0.853E-29
             0.650E+01             0.373E-30
             0.651E+01             0.390E-30
             0.653E+01             0.161E-29
             0.654E+01             0.232E-30
             0.655E+01             0.117E-29
             0.656E+01             0.366E-30
             0.657E+01             0.257E-29
             0.659E+01             0.148E-29
             0.660E+01             0.701E-30
             0.661E+01             0.588E-30
             0.662E+01             0.104E-28
             0.663E+01             0.298E-29
             0.664E+01             0.127E-29
             0.666E+01             0.598E-30
             0.667E+01             0.666E-30
             0.668E+01             0.181E-29
             0.669E+01             0.873E-31
             0.670E+01             0.440E-29
             0.672E+01             0.149E-29
             0.673E+01             0.707E-31
             0.674E+01             0.435E-31
             0.675E+01             0.163E-30
             0.676E+01             0.643E-30
             0.677E+01             0.215E-29
             0.679E+01             0.478E-29
             0.680E+01             0.199E-30
             0.681E+01             0.192E-29
             0.682E+01             0.565E-30
             0.683E+01             0.412E-30
             0.685E+01             0.153E-29
             0.686E+01             0.845E-30
             0.687E+01             0.453E-32
             0.688E+01             0.118E-29
             0.689E+01             0.520E-29
             0.691E+01             0.646E-31
             0.692E+01             0.805E-30
             0.693E+01             0.478E-29
             0.694E+01             0.249E-30
             0.695E+01             0.733E-30
             0.696E+01             0.139E-30
             0.698E+01             0.952E-30
             0.699E+01             0.249E-29
             0.700E+01             0.432E-31
