            -0.699E+01             0.836E-32
            -0.698E+01             0.140E-30
            -0.697E+01             0.184E-30
            -0.696E+01             0.673E-31
            -0.695E+01             0.703E-32
            -0.694E+01             0.756E-32
            -0.693E+01             0.858E-31
            -0.692E+01             0.221E-30
            -0.690E+01             0.858E-30
            -0.689E+01             0.134E-29
            -0.688E+01             0.113E-29
            -0.687E+01             0.770E-30
            -0.686E+01             0.767E-31
            -0.685E+01             0.828E-31
            -0.684E+01             0.866E-31
            -0.683E+01             0.601E-34
            -0.682E+01             0.993E-32
            -0.681E+01             0.832E-31
            -0.680E+01             0.183E-31
            -0.679E+01             0.436E-30
            -0.678E+01             0.138E-30
            -0.677E+01             0.946E-31
            -0.676E+01             0.614E-32
            -0.675E+01             0.102E-31
            -0.674E+01             0.102E-30
            -0.672E+01             0.310E-31
            -0.671E+01             0.151E-32
            -0.670E+01             0.144E-32
            -0.669E+01             0.626E-31
            -0.668E+01             0.196E-30
            -0.667E+01             0.813E-31
            -0.666E+01             0.987E-31
            -0.665E+01             0.388E-30
            -0.664E+01             0.608E-30
            -0.663E+01             0.159E-30
            -0.662E+01             0.361E-30
            -0.661E+01             0.913E-31
            -0.660E+01             0.155E-30
            -0.659E+01             0.311E-30
            -0.658E+01             0.350E-30
            -0.657E+01             0.523E-30
            -0.655E+01             0.186E-30
            -0.654E+01             0.773E-31
            -0.653E+01             0.126E-30
            -0.652E+01             0.198E-30
            -0.651E+01             0.636E-31
            -0.650E+01             0.696E-31
            -0.649E+01             0.128E-31
            -0.648E+01             0.739E-31
            -0.647E+01             0.473E-32
            -0.646E+01             0.269E-31
            -0.645E+01             0.770E-32
            -0.644E+01             0.150E-31
            -0.643E+01             0.347E-32
            -0.642E+01             0.359E-32
            -0.641E+01             0.152E-32
            -0.640E+01             0.516E-33
            -0.639E+01             0.447E-33
            -0.637E+01             0.623E-34
            -0.636E+01             0.763E-34
            -0.635E+01             0.581E-34
            -0.634E+01             0.343E-34
            -0.633E+01             0.150E-34
            -0.632E+01             0.718E-35
            -0.631E+01             0.375E-35
            -0.630E+01             0.662E-35
            -0.629E+01             0.176E-35
            -0.628E+01             0.699E-36
            -0.627E+01             0.135E-36
            -0.626E+01             0.119E-36
            -0.625E+01             0.607E-37
            -0.624E+01             0.267E-37
            -0.623E+01             0.169E-37
            -0.622E+01             0.100E-37
            -0.621E+01             0.503E-39
            -0.619E+01             0.636E-39
            -0.618E+01             0.450E-39
            -0.617E+01             0.318E-39
            -0.616E+01             0.145E-39
            -0.615E+01             0.390E-40
            -0.614E+01             0.944E-41
            -0.613E+01             0.274E-41
            -0.612E+01             0.801E-42
            -0.611E+01             0.291E-42
            -0.610E+01             0.167E-42
            -0.609E+01             0.565E-43
            -0.608E+01             0.445E-43
            -0.607E+01             0.868E-44
            -0.606E+01             0.137E-43
            -0.605E+01             0.276E-44
            -0.604E+01             0.141E-44
            -0.602E+01             0.255E-45
            -0.601E+01             0.105E-45
            -0.600E+01             0.463E-46
            -0.599E+01             0.110E-46
            -0.598E+01             0.159E-47
            -0.597E+01             0.330E-47
            -0.596E+01             0.697E-48
            -0.595E+01             0.141E-48
            -0.594E+01             0.552E-49
            -0.593E+01             0.224E-49
            -0.592E+01             0.458E-50
            -0.591E+01             0.201E-50
            -0.590E+01             0.456E-51
            -0.589E+01             0.193E-51
            -0.588E+01             0.676E-52
            -0.587E+01             0.423E-52
            -0.586E+01             0.115E-52
            -0.584E+01             0.158E-53
            -0.583E+01             0.442E-54
            -0.582E+01             0.890E-55
            -0.581E+01             0.471E-55
            -0.580E+01             0.763E-56
            -0.579E+01             0.843E-56
            -0.578E+01             0.951E-57
            -0.577E+01             0.389E-57
            -0.576E+01             0.166E-57
            -0.575E+01             0.160E-58
            -0.574E+01             0.565E-59
            -0.573E+01             0.279E-60
            -0.572E+01             0.132E-60
            -0.571E+01             0.400E-61
            -0.570E+01             0.394E-60
            -0.569E+01             0.219E-60
            -0.568E+01             0.338E-61
            -0.566E+01             0.150E-60
            -0.565E+01             0.159E-59
            -0.564E+01             0.240E-59
            -0.563E+01             0.336E-63
            -0.562E+01             0.192E-60
            -0.561E+01             0.312E-60
            -0.560E+01             0.819E-61
            -0.559E+01             0.328E-61
            -0.558E+01             0.211E-61
            -0.557E+01             0.115E-60
            -0.556E+01             0.190E-60
            -0.555E+01             0.266E-59
            -0.554E+01             0.368E-62
            -0.553E+01             0.567E-60
            -0.552E+01             0.891E-62
            -0.551E+01             0.205E-60
            -0.550E+01             0.544E-62
            -0.548E+01             0.159E-59
            -0.547E+01             0.211E-63
            -0.546E+01             0.755E-60
            -0.545E+01             0.439E-60
            -0.544E+01             0.315E-60
            -0.543E+01             0.663E-61
            -0.542E+01             0.300E-60
            -0.541E+01             0.586E-61
            -0.540E+01             0.557E-61
            -0.539E+01             0.123E-60
            -0.538E+01             0.139E-59
            -0.537E+01             0.573E-60
            -0.536E+01             0.372E-61
            -0.535E+01             0.692E-60
            -0.534E+01             0.362E-61
            -0.533E+01             0.153E-60
            -0.531E+01             0.350E-60
            -0.530E+01             0.177E-61
            -0.529E+01             0.463E-60
            -0.528E+01             0.463E-61
            -0.527E+01             0.750E-60
            -0.526E+01             0.398E-60
            -0.525E+01             0.178E-59
            -0.524E+01             0.118E-60
            -0.523E+01             0.304E-61
            -0.522E+01             0.734E-62
            -0.521E+01             0.313E-60
            -0.520E+01             0.571E-61
            -0.519E+01             0.147E-60
            -0.518E+01             0.206E-59
            -0.517E+01             0.194E-61
            -0.516E+01             0.370E-61
            -0.515E+01             0.321E-61
            -0.513E+01             0.389E-62
            -0.512E+01             0.550E-61
            -0.511E+01             0.986E-61
            -0.510E+01             0.634E-60
            -0.509E+01             0.318E-59
            -0.508E+01             0.699E-60
            -0.507E+01             0.341E-61
            -0.506E+01             0.778E-60
            -0.505E+01             0.109E-60
            -0.504E+01             0.128E-59
            -0.503E+01             0.141E-61
            -0.502E+01             0.101E-59
            -0.501E+01             0.238E-59
            -0.500E+01             0.805E-61
            -0.499E+01             0.867E-60
            -0.498E+01             0.652E-60
            -0.497E+01             0.659E-60
            -0.495E+01             0.153E-60
            -0.494E+01             0.171E-60
            -0.493E+01             0.170E-59
            -0.492E+01             0.933E-60
            -0.491E+01             0.253E-60
            -0.490E+01             0.823E-60
            -0.489E+01             0.466E-60
            -0.488E+01             0.265E-63
            -0.487E+01             0.913E-61
            -0.486E+01             0.959E-61
            -0.485E+01             0.275E-62
            -0.484E+01             0.179E-61
            -0.483E+01             0.242E-60
            -0.482E+01             0.242E-62
            -0.481E+01             0.627E-60
            -0.480E+01             0.457E-60
            -0.479E+01             0.232E-60
            -0.477E+01             0.266E-59
            -0.476E+01             0.821E-62
            -0.475E+01             0.714E-63
            -0.474E+01             0.270E-59
            -0.473E+01             0.628E-62
            -0.472E+01             0.863E-60
            -0.471E+01             0.248E-60
            -0.470E+01             0.112E-59
            -0.469E+01             0.158E-60
            -0.468E+01             0.289E-59
            -0.467E+01             0.193E-60
            -0.466E+01             0.225E-62
            -0.465E+01             0.946E-60
            -0.464E+01             0.628E-61
            -0.463E+01             0.740E-61
            -0.462E+01             0.113E-59
            -0.460E+01             0.701E-60
            -0.459E+01             0.482E-61
            -0.458E+01             0.598E-60
            -0.457E+01             0.178E-59
            -0.456E+01             0.387E-61
            -0.455E+01             0.210E-59
            -0.454E+01             0.244E-60
            -0.453E+01             0.445E-60
            -0.452E+01             0.942E-61
            -0.451E+01             0.168E-60
            -0.450E+01             0.431E-60
            -0.449E+01             0.106E-60
            -0.448E+01             0.344E-60
            -0.447E+01             0.145E-59
            -0.446E+01             0.739E-60
            -0.445E+01             0.621E-59
            -0.444E+01             0.274E-60
            -0.442E+01             0.481E-60
            -0.441E+01             0.214E-59
            -0.440E+01             0.829E-60
            -0.439E+01             0.149E-59
            -0.438E+01             0.261E-60
            -0.437E+01             0.724E-60
            -0.436E+01             0.318E-60
            -0.435E+01             0.101E-59
            -0.434E+01             0.227E-59
            -0.433E+01             0.180E-60
            -0.432E+01             0.213E-61
            -0.431E+01             0.487E-60
            -0.430E+01             0.932E-61
            -0.429E+01             0.763E-60
            -0.428E+01             0.572E-60
            -0.427E+01             0.237E-60
            -0.426E+01             0.227E-59
            -0.424E+01             0.882E-60
            -0.423E+01             0.719E-60
            -0.422E+01             0.125E-60
            -0.421E+01             0.245E-59
            -0.420E+01             0.611E-59
            -0.419E+01             0.162E-60
            -0.418E+01             0.140E-59
            -0.417E+01             0.122E-59
            -0.416E+01             0.250E-60
            -0.415E+01             0.121E-59
            -0.414E+01             0.495E-59
            -0.413E+01             0.547E-60
            -0.412E+01             0.100E-59
            -0.411E+01             0.588E-60
            -0.410E+01             0.122E-59
            -0.409E+01             0.302E-60
            -0.407E+01             0.387E-62
            -0.406E+01             0.155E-59
            -0.405E+01             0.462E-60
            -0.404E+01             0.296E-60
            -0.403E+01             0.206E-60
            -0.402E+01             0.324E-61
            -0.401E+01             0.580E-60
            -0.400E+01             0.368E-60
            -0.399E+01             0.201E-62
            -0.398E+01             0.682E-60
            -0.397E+01             0.275E-60
            -0.396E+01             0.812E-60
            -0.395E+01             0.282E-59
            -0.394E+01             0.920E-60
            -0.393E+01             0.487E-60
            -0.392E+01             0.252E-59
            -0.391E+01             0.356E-59
            -0.389E+01             0.343E-59
            -0.388E+01             0.217E-60
            -0.387E+01             0.690E-61
            -0.386E+01             0.329E-61
            -0.385E+01             0.390E-59
            -0.384E+01             0.171E-59
            -0.383E+01             0.270E-60
            -0.382E+01             0.257E-60
            -0.381E+01             0.548E-61
            -0.380E+01             0.110E-59
            -0.379E+01             0.398E-60
            -0.378E+01             0.397E-59
            -0.377E+01             0.153E-60
            -0.376E+01             0.643E-60
            -0.375E+01             0.236E-59
            -0.374E+01             0.158E-59
            -0.373E+01             0.849E-59
            -0.371E+01             0.149E-59
            -0.370E+01             0.781E-59
            -0.369E+01             0.804E-59
            -0.368E+01             0.245E-59
            -0.367E+01             0.171E-60
            -0.366E+01             0.128E-60
            -0.365E+01             0.714E-59
            -0.364E+01             0.977E-63
            -0.363E+01             0.103E-59
            -0.362E+01             0.660E-61
            -0.361E+01             0.409E-59
            -0.360E+01             0.139E-59
            -0.359E+01             0.317E-59
            -0.358E+01             0.375E-59
            -0.357E+01             0.130E-59
            -0.356E+01             0.195E-59
            -0.355E+01             0.373E-59
            -0.353E+01             0.785E-60
            -0.352E+01             0.734E-60
            -0.351E+01             0.324E-61
            -0.350E+01             0.359E-60
            -0.349E+01             0.304E-60
            -0.348E+01             0.117E-59
            -0.347E+01             0.266E-59
            -0.346E+01             0.191E-60
            -0.345E+01             0.309E-60
            -0.344E+01             0.142E-59
            -0.343E+01             0.444E-60
            -0.342E+01             0.657E-60
            -0.341E+01             0.171E-59
            -0.340E+01             0.923E-61
            -0.339E+01             0.203E-59
            -0.338E+01             0.172E-59
            -0.336E+01             0.343E-59
            -0.335E+01             0.748E-60
            -0.334E+01             0.249E-59
            -0.333E+01             0.129E-61
            -0.332E+01             0.320E-61
            -0.331E+01             0.324E-61
            -0.330E+01             0.341E-59
            -0.329E+01             0.808E-61
            -0.328E+01             0.109E-64
            -0.327E+01             0.159E-60
            -0.326E+01             0.924E-61
            -0.325E+01             0.102E-60
            -0.324E+01             0.196E-59
            -0.323E+01             0.677E-59
            -0.322E+01             0.267E-59
            -0.321E+01             0.499E-61
            -0.320E+01             0.174E-59
            -0.318E+01             0.179E-59
            -0.317E+01             0.134E-59
            -0.316E+01             0.375E-59
            -0.315E+01             0.536E-59
            -0.314E+01             0.414E-59
            -0.313E+01             0.239E-66
            -0.312E+01             0.794E-60
            -0.311E+01             0.210E-59
            -0.310E+01             0.239E-65
            -0.309E+01             0.382E-59
            -0.308E+01             0.172E-60
            -0.307E+01             0.429E-62
            -0.306E+01             0.169E-61
            -0.305E+01             0.105E-59
            -0.304E+01             0.204E-61
            -0.303E+01             0.999E-60
            -0.302E+01             0.855E-61
            -0.300E+01             0.401E-59
            -0.299E+01             0.207E-59
            -0.298E+01             0.158E-61
            -0.297E+01             0.658E-60
            -0.296E+01             0.277E-60
            -0.295E+01             0.180E-60
            -0.294E+01             0.143E-62
            -0.293E+01             0.306E-59
            -0.292E+01             0.781E-60
            -0.291E+01             0.566E-60
            -0.290E+01             0.703E-61
            -0.289E+01             0.543E-62
            -0.288E+01             0.607E-60
            -0.287E+01             0.945E-62
            -0.286E+01             0.165E-61
            -0.285E+01             0.131E-60
            -0.283E+01             0.354E-59
            -0.282E+01             0.107E-60
            -0.281E+01             0.869E-60
            -0.280E+01             0.142E-59
            -0.279E+01             0.408E-59
            -0.278E+01             0.963E-61
            -0.277E+01             0.248E-59
            -0.276E+01             0.370E-59
            -0.275E+01             0.690E-59
            -0.274E+01             0.627E-59
            -0.273E+01             0.559E-60
            -0.272E+01             0.416E-63
            -0.271E+01             0.566E-59
            -0.270E+01             0.168E-59
            -0.269E+01             0.655E-59
            -0.268E+01             0.361E-58
            -0.267E+01             0.601E-59
            -0.265E+01             0.871E-58
            -0.264E+01             0.179E-57
            -0.263E+01             0.437E-57
            -0.262E+01             0.151E-56
            -0.261E+01             0.397E-56
            -0.260E+01             0.133E-55
            -0.259E+01             0.403E-55
            -0.258E+01             0.118E-54
            -0.257E+01             0.338E-54
            -0.256E+01             0.985E-54
            -0.255E+01             0.285E-53
            -0.254E+01             0.824E-53
            -0.253E+01             0.237E-52
            -0.252E+01             0.678E-52
            -0.251E+01             0.193E-51
            -0.250E+01             0.548E-51
            -0.249E+01             0.155E-50
            -0.247E+01             0.436E-50
            -0.246E+01             0.122E-49
            -0.245E+01             0.340E-49
            -0.244E+01             0.943E-49
            -0.243E+01             0.261E-48
            -0.242E+01             0.717E-48
            -0.241E+01             0.196E-47
            -0.240E+01             0.536E-47
            -0.239E+01             0.145E-46
            -0.238E+01             0.393E-46
            -0.237E+01             0.106E-45
            -0.236E+01             0.283E-45
            -0.235E+01             0.756E-45
            -0.234E+01             0.201E-44
            -0.233E+01             0.531E-44
            -0.232E+01             0.140E-43
            -0.231E+01             0.366E-43
            -0.229E+01             0.956E-43
            -0.228E+01             0.248E-42
            -0.227E+01             0.642E-42
            -0.226E+01             0.165E-41
            -0.225E+01             0.424E-41
            -0.224E+01             0.108E-40
            -0.223E+01             0.275E-40
            -0.222E+01             0.696E-40
            -0.221E+01             0.175E-39
            -0.220E+01             0.440E-39
            -0.219E+01             0.110E-38
            -0.218E+01             0.273E-38
            -0.217E+01             0.675E-38
            -0.216E+01             0.166E-37
            -0.215E+01             0.408E-37
            -0.214E+01             0.997E-37
            -0.212E+01             0.242E-36
            -0.211E+01             0.587E-36
            -0.210E+01             0.141E-35
            -0.209E+01             0.339E-35
            -0.208E+01             0.810E-35
            -0.207E+01             0.193E-34
            -0.206E+01             0.456E-34
            -0.205E+01             0.107E-33
            -0.204E+01             0.252E-33
            -0.203E+01             0.589E-33
            -0.202E+01             0.137E-32
            -0.201E+01             0.317E-32
            -0.200E+01             0.731E-32
            -0.199E+01             0.168E-31
            -0.198E+01             0.383E-31
            -0.197E+01             0.872E-31
            -0.196E+01             0.197E-30
            -0.194E+01             0.445E-30
            -0.193E+01             0.999E-30
            -0.192E+01             0.223E-29
            -0.191E+01             0.496E-29
            -0.190E+01             0.110E-28
            -0.189E+01             0.242E-28
            -0.188E+01             0.532E-28
            -0.187E+01             0.116E-27
            -0.186E+01             0.253E-27
            -0.185E+01             0.547E-27
            -0.184E+01             0.118E-26
            -0.183E+01             0.253E-26
            -0.182E+01             0.541E-26
            -0.181E+01             0.115E-25
            -0.180E+01             0.244E-25
            -0.179E+01             0.513E-25
            -0.178E+01             0.108E-24
            -0.176E+01             0.225E-24
            -0.175E+01             0.468E-24
            -0.174E+01             0.969E-24
            -0.173E+01             0.200E-23
            -0.172E+01             0.410E-23
            -0.171E+01             0.837E-23
            -0.170E+01             0.170E-22
            -0.169E+01             0.345E-22
            -0.168E+01             0.695E-22
            -0.167E+01             0.139E-21
            -0.166E+01             0.278E-21
            -0.165E+01             0.553E-21
            -0.164E+01             0.110E-20
            -0.163E+01             0.216E-20
            -0.162E+01             0.423E-20
            -0.161E+01             0.827E-20
            -0.160E+01             0.161E-19
            -0.158E+01             0.311E-19
            -0.157E+01             0.599E-19
            -0.156E+01             0.115E-18
            -0.155E+01             0.219E-18
            -0.154E+01             0.417E-18
            -0.153E+01             0.788E-18
            -0.152E+01             0.148E-17
            -0.151E+01             0.278E-17
            -0.150E+01             0.519E-17
            -0.149E+01             0.965E-17
            -0.148E+01             0.178E-16
            -0.147E+01             0.328E-16
            -0.146E+01             0.602E-16
            -0.145E+01             0.110E-15
            -0.144E+01             0.199E-15
            -0.143E+01             0.361E-15
            -0.141E+01             0.649E-15
            -0.140E+01             0.116E-14
            -0.139E+01             0.207E-14
            -0.138E+01             0.368E-14
            -0.137E+01             0.650E-14
            -0.136E+01             0.114E-13
            -0.135E+01             0.200E-13
            -0.134E+01             0.349E-13
            -0.133E+01             0.605E-13
            -0.132E+01             0.105E-12
            -0.131E+01             0.180E-12
            -0.130E+01             0.308E-12
            -0.129E+01             0.524E-12
            -0.128E+01             0.889E-12
            -0.127E+01             0.150E-11
            -0.126E+01             0.252E-11
            -0.125E+01             0.422E-11
            -0.123E+01             0.702E-11
            -0.122E+01             0.116E-10
            -0.121E+01             0.192E-10
            -0.120E+01             0.315E-10
            -0.119E+01             0.515E-10
            -0.118E+01             0.838E-10
            -0.117E+01             0.136E-09
            -0.116E+01             0.219E-09
            -0.115E+01             0.351E-09
            -0.114E+01             0.560E-09
            -0.113E+01             0.891E-09
            -0.112E+01             0.141E-08
            -0.111E+01             0.222E-08
            -0.110E+01             0.348E-08
            -0.109E+01             0.543E-08
            -0.108E+01             0.843E-08
            -0.107E+01             0.130E-07
            -0.105E+01             0.201E-07
            -0.104E+01             0.307E-07
            -0.103E+01             0.468E-07
            -0.102E+01             0.711E-07
            -0.101E+01             0.107E-06
            -0.100E+01             0.161E-06
            -0.991E+00             0.241E-06
            -0.980E+00             0.360E-06
            -0.970E+00             0.533E-06
            -0.959E+00             0.786E-06
            -0.949E+00             0.115E-05
            -0.938E+00             0.169E-05
            -0.927E+00             0.245E-05
            -0.917E+00             0.355E-05
            -0.906E+00             0.512E-05
            -0.896E+00             0.734E-05
            -0.885E+00             0.105E-04
            -0.874E+00             0.149E-04
            -0.864E+00             0.210E-04
            -0.853E+00             0.296E-04
            -0.843E+00             0.414E-04
            -0.832E+00             0.577E-04
            -0.821E+00             0.800E-04
            -0.811E+00             0.110E-03
            -0.800E+00             0.152E-03
            -0.790E+00             0.207E-03
            -0.779E+00             0.282E-03
            -0.768E+00             0.382E-03
            -0.758E+00             0.514E-03
            -0.747E+00             0.690E-03
            -0.737E+00             0.920E-03
            -0.726E+00             0.122E-02
            -0.715E+00             0.161E-02
            -0.705E+00             0.212E-02
            -0.694E+00             0.277E-02
            -0.684E+00             0.361E-02
            -0.673E+00             0.468E-02
            -0.662E+00             0.603E-02
            -0.652E+00             0.773E-02
            -0.641E+00             0.987E-02
            -0.631E+00             0.125E-01
            -0.620E+00             0.158E-01
            -0.609E+00             0.199E-01
            -0.599E+00             0.249E-01
            -0.588E+00             0.309E-01
            -0.578E+00             0.383E-01
            -0.567E+00             0.472E-01
            -0.556E+00             0.578E-01
            -0.546E+00             0.704E-01
            -0.535E+00             0.854E-01
            -0.525E+00             0.103E+00
            -0.514E+00             0.124E+00
            -0.503E+00             0.147E+00
            -0.493E+00             0.175E+00
            -0.482E+00             0.207E+00
            -0.472E+00             0.243E+00
            -0.461E+00             0.283E+00
            -0.450E+00             0.329E+00
            -0.440E+00             0.380E+00
            -0.429E+00             0.436E+00
            -0.419E+00             0.498E+00
            -0.408E+00             0.565E+00
            -0.397E+00             0.638E+00
            -0.387E+00             0.716E+00
            -0.376E+00             0.799E+00
            -0.366E+00             0.886E+00
            -0.355E+00             0.976E+00
            -0.344E+00             0.107E+01
            -0.334E+00             0.116E+01
            -0.323E+00             0.126E+01
            -0.313E+00             0.135E+01
            -0.302E+00             0.144E+01
            -0.291E+00             0.153E+01
            -0.281E+00             0.161E+01
            -0.270E+00             0.168E+01
            -0.260E+00             0.174E+01
            -0.249E+00             0.179E+01
            -0.238E+00             0.183E+01
            -0.228E+00             0.185E+01
            -0.217E+00             0.186E+01
            -0.207E+00             0.185E+01
            -0.196E+00             0.182E+01
            -0.185E+00             0.177E+01
            -0.175E+00             0.171E+01
            -0.164E+00             0.163E+01
            -0.154E+00             0.154E+01
            -0.143E+00             0.143E+01
            -0.132E+00             0.131E+01
            -0.122E+00             0.118E+01
            -0.111E+00             0.105E+01
            -0.101E+00             0.906E+00
            -0.901E-01             0.766E+00
            -0.795E-01             0.629E+00
            -0.689E-01             0.498E+00
            -0.583E-01             0.377E+00
            -0.477E-01             0.268E+00
            -0.371E-01             0.175E+00
            -0.265E-01             0.100E+00
            -0.159E-01             0.450E-01
            -0.530E-02             0.113E-01
             0.530E-02             0.333E-24
             0.159E-01             0.113E-01
             0.265E-01             0.450E-01
             0.371E-01             0.100E+00
             0.477E-01             0.175E+00
             0.583E-01             0.268E+00
             0.689E-01             0.377E+00
             0.795E-01             0.498E+00
             0.901E-01             0.629E+00
             0.101E+00             0.766E+00
             0.111E+00             0.906E+00
             0.122E+00             0.105E+01
             0.132E+00             0.118E+01
             0.143E+00             0.131E+01
             0.154E+00             0.143E+01
             0.164E+00             0.154E+01
             0.175E+00             0.163E+01
             0.185E+00             0.171E+01
             0.196E+00             0.177E+01
             0.207E+00             0.182E+01
             0.217E+00             0.185E+01
             0.228E+00             0.186E+01
             0.238E+00             0.185E+01
             0.249E+00             0.183E+01
             0.260E+00             0.179E+01
             0.270E+00             0.174E+01
             0.281E+00             0.168E+01
             0.291E+00             0.161E+01
             0.302E+00             0.153E+01
             0.313E+00             0.144E+01
             0.323E+00             0.135E+01
             0.334E+00             0.126E+01
             0.344E+00             0.116E+01
             0.355E+00             0.107E+01
             0.366E+00             0.976E+00
             0.376E+00             0.886E+00
             0.387E+00             0.799E+00
             0.397E+00             0.716E+00
             0.408E+00             0.638E+00
             0.419E+00             0.565E+00
             0.429E+00             0.498E+00
             0.440E+00             0.436E+00
             0.450E+00             0.380E+00
             0.461E+00             0.329E+00
             0.472E+00             0.283E+00
             0.482E+00             0.243E+00
             0.493E+00             0.207E+00
             0.503E+00             0.175E+00
             0.514E+00             0.147E+00
             0.525E+00             0.124E+00
             0.535E+00             0.103E+00
             0.546E+00             0.854E-01
             0.556E+00             0.704E-01
             0.567E+00             0.578E-01
             0.578E+00             0.472E-01
             0.588E+00             0.383E-01
             0.599E+00             0.309E-01
             0.609E+00             0.249E-01
             0.620E+00             0.199E-01
             0.631E+00             0.158E-01
             0.641E+00             0.125E-01
             0.652E+00             0.987E-02
             0.662E+00             0.773E-02
             0.673E+00             0.603E-02
             0.684E+00             0.468E-02
             0.694E+00             0.361E-02
             0.705E+00             0.277E-02
             0.715E+00             0.212E-02
             0.726E+00             0.161E-02
             0.737E+00             0.122E-02
             0.747E+00             0.920E-03
             0.758E+00             0.690E-03
             0.768E+00             0.514E-03
             0.779E+00             0.382E-03
             0.790E+00             0.282E-03
             0.800E+00             0.207E-03
             0.811E+00             0.152E-03
             0.821E+00             0.110E-03
             0.832E+00             0.800E-04
             0.843E+00             0.577E-04
             0.853E+00             0.414E-04
             0.864E+00             0.296E-04
             0.874E+00             0.210E-04
             0.885E+00             0.149E-04
             0.896E+00             0.105E-04
             0.906E+00             0.734E-05
             0.917E+00             0.512E-05
             0.927E+00             0.355E-05
             0.938E+00             0.245E-05
             0.949E+00             0.169E-05
             0.959E+00             0.115E-05
             0.970E+00             0.786E-06
             0.980E+00             0.533E-06
             0.991E+00             0.360E-06
             0.100E+01             0.241E-06
             0.101E+01             0.161E-06
             0.102E+01             0.107E-06
             0.103E+01             0.711E-07
             0.104E+01             0.468E-07
             0.105E+01             0.307E-07
             0.107E+01             0.201E-07
             0.108E+01             0.130E-07
             0.109E+01             0.843E-08
             0.110E+01             0.543E-08
             0.111E+01             0.348E-08
             0.112E+01             0.222E-08
             0.113E+01             0.141E-08
             0.114E+01             0.891E-09
             0.115E+01             0.560E-09
             0.116E+01             0.351E-09
             0.117E+01             0.219E-09
             0.118E+01             0.136E-09
             0.119E+01             0.838E-10
             0.120E+01             0.515E-10
             0.121E+01             0.315E-10
             0.122E+01             0.192E-10
             0.123E+01             0.116E-10
             0.125E+01             0.702E-11
             0.126E+01             0.422E-11
             0.127E+01             0.252E-11
             0.128E+01             0.150E-11
             0.129E+01             0.889E-12
             0.130E+01             0.524E-12
             0.131E+01             0.308E-12
             0.132E+01             0.180E-12
             0.133E+01             0.105E-12
             0.134E+01             0.605E-13
             0.135E+01             0.349E-13
             0.136E+01             0.200E-13
             0.137E+01             0.114E-13
             0.138E+01             0.650E-14
             0.139E+01             0.368E-14
             0.140E+01             0.207E-14
             0.141E+01             0.116E-14
             0.143E+01             0.649E-15
             0.144E+01             0.361E-15
             0.145E+01             0.199E-15
             0.146E+01             0.110E-15
             0.147E+01             0.602E-16
             0.148E+01             0.328E-16
             0.149E+01             0.178E-16
             0.150E+01             0.965E-17
             0.151E+01             0.519E-17
             0.152E+01             0.278E-17
             0.153E+01             0.148E-17
             0.154E+01             0.788E-18
             0.155E+01             0.417E-18
             0.156E+01             0.219E-18
             0.157E+01             0.115E-18
             0.158E+01             0.599E-19
             0.160E+01             0.311E-19
             0.161E+01             0.161E-19
             0.162E+01             0.827E-20
             0.163E+01             0.423E-20
             0.164E+01             0.216E-20
             0.165E+01             0.110E-20
             0.166E+01             0.553E-21
             0.167E+01             0.278E-21
             0.168E+01             0.139E-21
             0.169E+01             0.696E-22
             0.170E+01             0.347E-22
             0.171E+01             0.171E-22
             0.172E+01             0.838E-23
             0.173E+01             0.410E-23
             0.174E+01             0.199E-23
             0.175E+01             0.955E-24
             0.176E+01             0.465E-24
             0.178E+01             0.224E-24
             0.179E+01             0.108E-24
             0.180E+01             0.506E-25
             0.181E+01             0.259E-25
             0.182E+01             0.130E-25
             0.183E+01             0.649E-26
             0.184E+01             0.304E-26
             0.185E+01             0.186E-26
             0.186E+01             0.984E-27
             0.187E+01             0.673E-27
             0.188E+01             0.291E-27
             0.189E+01             0.653E-28
             0.190E+01             0.819E-29
             0.191E+01             0.123E-32
             0.192E+01             0.154E-29
             0.193E+01             0.286E-28
             0.194E+01             0.311E-29
             0.196E+01             0.352E-29
             0.197E+01             0.255E-28
             0.198E+01             0.260E-28
             0.199E+01             0.526E-28
             0.200E+01             0.557E-28
             0.201E+01             0.569E-29
             0.202E+01             0.301E-29
             0.203E+01             0.173E-29
             0.204E+01             0.232E-28
             0.205E+01             0.333E-28
             0.206E+01             0.453E-29
             0.207E+01             0.364E-30
             0.208E+01             0.406E-28
             0.209E+01             0.376E-28
             0.210E+01             0.175E-29
             0.211E+01             0.121E-28
             0.212E+01             0.276E-28
             0.214E+01             0.244E-28
             0.215E+01             0.364E-28
             0.216E+01             0.686E-29
             0.217E+01             0.934E-29
             0.218E+01             0.295E-30
             0.219E+01             0.720E-31
             0.220E+01             0.471E-31
             0.221E+01             0.113E-28
             0.222E+01             0.708E-29
             0.223E+01             0.625E-29
             0.224E+01             0.133E-29
             0.225E+01             0.228E-30
             0.226E+01             0.346E-29
             0.227E+01             0.405E-28
             0.228E+01             0.115E-27
             0.229E+01             0.778E-28
             0.231E+01             0.769E-28
             0.232E+01             0.911E-29
             0.233E+01             0.335E-28
             0.234E+01             0.150E-28
             0.235E+01             0.222E-28
             0.236E+01             0.540E-29
             0.237E+01             0.229E-28
             0.238E+01             0.398E-28
             0.239E+01             0.472E-28
             0.240E+01             0.237E-28
             0.241E+01             0.804E-30
             0.242E+01             0.279E-29
             0.243E+01             0.355E-29
             0.244E+01             0.119E-29
             0.245E+01             0.250E-30
             0.246E+01             0.209E-31
             0.247E+01             0.189E-33
             0.249E+01             0.530E-28
             0.250E+01             0.159E-28
             0.251E+01             0.632E-28
             0.252E+01             0.121E-28
             0.253E+01             0.128E-29
             0.254E+01             0.268E-34
             0.255E+01             0.267E-29
             0.256E+01             0.138E-28
             0.257E+01             0.260E-28
             0.258E+01             0.691E-29
             0.259E+01             0.432E-29
             0.260E+01             0.344E-30
             0.261E+01             0.135E-28
             0.262E+01             0.203E-28
             0.263E+01             0.206E-32
             0.264E+01             0.816E-29
             0.265E+01             0.522E-32
             0.267E+01             0.218E-29
             0.268E+01             0.197E-28
             0.269E+01             0.493E-29
             0.270E+01             0.639E-30
             0.271E+01             0.137E-28
             0.272E+01             0.143E-28
             0.273E+01             0.301E-28
             0.274E+01             0.529E-29
             0.275E+01             0.149E-28
             0.276E+01             0.396E-29
             0.277E+01             0.375E-29
             0.278E+01             0.422E-29
             0.279E+01             0.258E-29
             0.280E+01             0.114E-29
             0.281E+01             0.238E-28
             0.282E+01             0.969E-29
             0.283E+01             0.293E-29
             0.285E+01             0.368E-30
             0.286E+01             0.585E-29
             0.287E+01             0.385E-31
             0.288E+01             0.989E-30
             0.289E+01             0.147E-29
             0.290E+01             0.251E-29
             0.291E+01             0.241E-29
             0.292E+01             0.131E-30
             0.293E+01             0.225E-29
             0.294E+01             0.181E-29
             0.295E+01             0.206E-29
             0.296E+01             0.276E-29
             0.297E+01             0.105E-28
             0.298E+01             0.644E-30
             0.299E+01             0.822E-30
             0.300E+01             0.199E-29
             0.302E+01             0.110E-28
             0.303E+01             0.381E-29
             0.304E+01             0.420E-30
             0.305E+01             0.239E-29
             0.306E+01             0.341E-28
             0.307E+01             0.438E-29
             0.308E+01             0.514E-30
             0.309E+01             0.389E-29
             0.310E+01             0.797E-30
             0.311E+01             0.105E-30
             0.312E+01             0.172E-30
             0.313E+01             0.396E-30
             0.314E+01             0.716E-29
             0.315E+01             0.893E-30
             0.316E+01             0.301E-32
             0.317E+01             0.382E-29
             0.318E+01             0.517E-30
             0.320E+01             0.469E-31
             0.321E+01             0.881E-30
             0.322E+01             0.572E-29
             0.323E+01             0.113E-29
             0.324E+01             0.533E-30
             0.325E+01             0.294E-29
             0.326E+01             0.271E-29
             0.327E+01             0.702E-29
             0.328E+01             0.594E-30
             0.329E+01             0.934E-30
             0.330E+01             0.925E-29
             0.331E+01             0.328E-29
             0.332E+01             0.132E-30
             0.333E+01             0.439E-30
             0.334E+01             0.282E-31
             0.335E+01             0.498E-29
             0.336E+01             0.346E-29
             0.338E+01             0.362E-31
             0.339E+01             0.763E-29
             0.340E+01             0.773E-30
             0.341E+01             0.427E-29
             0.342E+01             0.109E-31
             0.343E+01             0.130E-29
             0.344E+01             0.146E-29
             0.345E+01             0.509E-29
             0.346E+01             0.229E-29
             0.347E+01             0.451E-30
             0.348E+01             0.177E-31
             0.349E+01             0.157E-29
             0.350E+01             0.941E-30
             0.351E+01             0.169E-29
             0.352E+01             0.534E-29
             0.353E+01             0.159E-29
             0.355E+01             0.338E-30
             0.356E+01             0.691E-29
             0.357E+01             0.132E-29
             0.358E+01             0.597E-30
             0.359E+01             0.227E-29
             0.360E+01             0.238E-30
             0.361E+01             0.246E-30
             0.362E+01             0.480E-29
             0.363E+01             0.291E-30
             0.364E+01             0.215E-30
             0.365E+01             0.809E-31
             0.366E+01             0.174E-35
             0.367E+01             0.200E-30
             0.368E+01             0.212E-31
             0.369E+01             0.159E-30
             0.370E+01             0.266E-29
             0.371E+01             0.202E-29
             0.373E+01             0.647E-30
             0.374E+01             0.963E-33
             0.375E+01             0.313E-30
             0.376E+01             0.194E-29
             0.377E+01             0.556E-31
             0.378E+01             0.236E-29
             0.379E+01             0.106E-30
             0.380E+01             0.185E-29
             0.381E+01             0.193E-29
             0.382E+01             0.256E-29
             0.383E+01             0.528E-31
             0.384E+01             0.717E-30
             0.385E+01             0.480E-30
             0.386E+01             0.179E-29
             0.387E+01             0.116E-29
             0.388E+01             0.200E-29
             0.389E+01             0.112E-29
             0.391E+01             0.269E-29
             0.392E+01             0.145E-28
             0.393E+01             0.859E-30
             0.394E+01             0.139E-29
             0.395E+01             0.200E-30
             0.396E+01             0.659E-29
             0.397E+01             0.392E-29
             0.398E+01             0.220E-30
             0.399E+01             0.650E-30
             0.400E+01             0.473E-29
             0.401E+01             0.686E-30
             0.402E+01             0.115E-28
             0.403E+01             0.131E-29
             0.404E+01             0.467E-30
             0.405E+01             0.401E-29
             0.406E+01             0.124E-28
             0.407E+01             0.778E-29
             0.409E+01             0.170E-29
             0.410E+01             0.231E-29
             0.411E+01             0.153E-29
             0.412E+01             0.661E-29
             0.413E+01             0.158E-28
             0.414E+01             0.792E-29
             0.415E+01             0.103E-30
             0.416E+01             0.304E-30
             0.417E+01             0.307E-30
             0.418E+01             0.259E-30
             0.419E+01             0.710E-31
             0.420E+01             0.484E-30
             0.421E+01             0.227E-29
             0.422E+01             0.595E-31
             0.423E+01             0.652E-31
             0.424E+01             0.373E-29
             0.426E+01             0.126E-31
             0.427E+01             0.502E-29
             0.428E+01             0.579E-31
             0.429E+01             0.596E-29
             0.430E+01             0.233E-30
             0.431E+01             0.186E-30
             0.432E+01             0.186E-29
             0.433E+01             0.283E-29
             0.434E+01             0.789E-30
             0.435E+01             0.350E-29
             0.436E+01             0.449E-29
             0.437E+01             0.590E-29
             0.438E+01             0.320E-29
             0.439E+01             0.101E-28
             0.440E+01             0.864E-30
             0.441E+01             0.772E-30
             0.442E+01             0.155E-29
             0.444E+01             0.753E-29
             0.445E+01             0.191E-30
             0.446E+01             0.178E-29
             0.447E+01             0.738E-30
             0.448E+01             0.106E-30
             0.449E+01             0.339E-29
             0.450E+01             0.199E-29
             0.451E+01             0.213E-30
             0.452E+01             0.332E-30
             0.453E+01             0.109E-29
             0.454E+01             0.212E-29
             0.455E+01             0.352E-30
             0.456E+01             0.292E-30
             0.457E+01             0.569E-31
             0.458E+01             0.894E-30
             0.459E+01             0.455E-29
             0.460E+01             0.135E-29
             0.462E+01             0.126E-28
             0.463E+01             0.105E-29
             0.464E+01             0.670E-30
             0.465E+01             0.229E-29
             0.466E+01             0.238E-29
             0.467E+01             0.660E-30
             0.468E+01             0.923E-30
             0.469E+01             0.146E-32
             0.470E+01             0.314E-29
             0.471E+01             0.763E-32
             0.472E+01             0.180E-30
             0.473E+01             0.632E-30
             0.474E+01             0.209E-30
             0.475E+01             0.235E-29
             0.476E+01             0.109E-29
             0.477E+01             0.322E-29
             0.479E+01             0.125E-29
             0.480E+01             0.114E-28
             0.481E+01             0.743E-29
             0.482E+01             0.160E-30
             0.483E+01             0.119E-32
             0.484E+01             0.238E-29
             0.485E+01             0.459E-30
             0.486E+01             0.429E-29
             0.487E+01             0.239E-29
             0.488E+01             0.597E-29
             0.489E+01             0.520E-31
             0.490E+01             0.104E-29
             0.491E+01             0.566E-29
             0.492E+01             0.222E-31
             0.493E+01             0.573E-31
             0.494E+01             0.155E-30
             0.495E+01             0.408E-30
             0.497E+01             0.121E-31
             0.498E+01             0.143E-29
             0.499E+01             0.169E-29
             0.500E+01             0.218E-31
             0.501E+01             0.198E-29
             0.502E+01             0.130E-29
             0.503E+01             0.942E-31
             0.504E+01             0.286E-29
             0.505E+01             0.775E-30
             0.506E+01             0.356E-31
             0.507E+01             0.284E-31
             0.508E+01             0.182E-29
             0.509E+01             0.172E-29
             0.510E+01             0.377E-30
             0.511E+01             0.172E-30
             0.512E+01             0.415E-30
             0.513E+01             0.736E-30
             0.515E+01             0.540E-29
             0.516E+01             0.197E-30
             0.517E+01             0.539E-29
             0.518E+01             0.415E-29
             0.519E+01             0.266E-29
             0.520E+01             0.128E-28
             0.521E+01             0.107E-29
             0.522E+01             0.437E-29
             0.523E+01             0.973E-30
             0.524E+01             0.172E-29
             0.525E+01             0.370E-29
             0.526E+01             0.311E-29
             0.527E+01             0.356E-29
             0.528E+01             0.719E-29
             0.529E+01             0.543E-30
             0.530E+01             0.538E-29
             0.531E+01             0.309E-30
             0.533E+01             0.642E-31
             0.534E+01             0.650E-30
             0.535E+01             0.318E-29
             0.536E+01             0.197E-30
             0.537E+01             0.724E-31
             0.538E+01             0.632E-29
             0.539E+01             0.278E-33
             0.540E+01             0.368E-31
             0.541E+01             0.666E-30
             0.542E+01             0.354E-31
             0.543E+01             0.237E-30
             0.544E+01             0.357E-30
             0.545E+01             0.131E-29
             0.546E+01             0.125E-29
             0.547E+01             0.699E-31
             0.548E+01             0.140E-29
             0.550E+01             0.176E-30
             0.551E+01             0.122E-28
             0.552E+01             0.538E-31
             0.553E+01             0.145E-29
             0.554E+01             0.509E-30
             0.555E+01             0.236E-29
             0.556E+01             0.139E-33
             0.557E+01             0.545E-30
             0.558E+01             0.583E-29
             0.559E+01             0.139E-29
             0.560E+01             0.113E-28
             0.561E+01             0.480E-30
             0.562E+01             0.443E-30
             0.563E+01             0.142E-29
             0.564E+01             0.627E-30
             0.565E+01             0.106E-29
             0.566E+01             0.117E-29
             0.568E+01             0.157E-29
             0.569E+01             0.502E-29
             0.570E+01             0.183E-31
             0.571E+01             0.709E-30
             0.572E+01             0.502E-30
             0.573E+01             0.235E-29
             0.574E+01             0.220E-30
             0.575E+01             0.590E-30
             0.576E+01             0.154E-29
             0.577E+01             0.135E-29
             0.578E+01             0.387E-29
             0.579E+01             0.546E-30
             0.580E+01             0.966E-30
             0.581E+01             0.267E-31
             0.582E+01             0.367E-29
             0.583E+01             0.294E-30
             0.584E+01             0.599E-30
             0.586E+01             0.284E-30
             0.587E+01             0.209E-31
             0.588E+01             0.988E-34
             0.589E+01             0.161E-30
             0.590E+01             0.482E-32
             0.591E+01             0.342E-29
             0.592E+01             0.153E-29
             0.593E+01             0.587E-30
             0.594E+01             0.165E-29
             0.595E+01             0.954E-30
             0.596E+01             0.299E-30
             0.597E+01             0.503E-32
             0.598E+01             0.117E-29
             0.599E+01             0.257E-30
             0.600E+01             0.794E-30
             0.601E+01             0.241E-29
             0.602E+01             0.144E-29
             0.604E+01             0.699E-29
             0.605E+01             0.224E-31
             0.606E+01             0.577E-30
             0.607E+01             0.183E-29
             0.608E+01             0.709E-30
             0.609E+01             0.270E-29
             0.610E+01             0.214E-30
             0.611E+01             0.580E-30
             0.612E+01             0.426E-32
             0.613E+01             0.119E-29
             0.614E+01             0.480E-29
             0.615E+01             0.172E-29
             0.616E+01             0.251E-29
             0.617E+01             0.194E-29
             0.618E+01             0.116E-30
             0.619E+01             0.942E-31
             0.621E+01             0.105E-29
             0.622E+01             0.872E-30
             0.623E+01             0.249E-29
             0.624E+01             0.276E-30
             0.625E+01             0.161E-31
             0.626E+01             0.318E-29
             0.627E+01             0.537E-32
             0.628E+01             0.159E-28
             0.629E+01             0.311E-29
             0.630E+01             0.497E-29
             0.631E+01             0.838E-29
             0.632E+01             0.621E-29
             0.633E+01             0.294E-30
             0.634E+01             0.246E-29
             0.635E+01             0.591E-29
             0.636E+01             0.236E-30
             0.637E+01             0.625E-29
             0.639E+01             0.614E-29
             0.640E+01             0.399E-31
             0.641E+01             0.519E-30
             0.642E+01             0.137E-28
             0.643E+01             0.548E-29
             0.644E+01             0.317E-30
             0.645E+01             0.153E-29
             0.646E+01             0.246E-29
             0.647E+01             0.251E-29
             0.648E+01             0.121E-28
             0.649E+01             0.153E-28
             0.650E+01             0.393E-29
             0.651E+01             0.962E-30
             0.652E+01             0.171E-29
             0.653E+01             0.492E-31
             0.654E+01             0.583E-30
             0.655E+01             0.418E-30
             0.657E+01             0.205E-30
             0.658E+01             0.258E-28
             0.659E+01             0.197E-28
             0.660E+01             0.202E-29
             0.661E+01             0.686E-30
             0.662E+01             0.607E-29
             0.663E+01             0.375E-29
             0.664E+01             0.167E-29
             0.665E+01             0.926E-29
             0.666E+01             0.130E-30
             0.667E+01             0.446E-29
             0.668E+01             0.261E-30
             0.669E+01             0.284E-29
             0.670E+01             0.132E-29
             0.671E+01             0.505E-29
             0.672E+01             0.562E-29
             0.674E+01             0.106E-29
             0.675E+01             0.780E-30
             0.676E+01             0.320E-30
             0.677E+01             0.112E-30
             0.678E+01             0.510E-29
             0.679E+01             0.152E-29
             0.680E+01             0.987E-30
             0.681E+01             0.943E-30
             0.682E+01             0.129E-29
             0.683E+01             0.119E-28
             0.684E+01             0.474E-29
             0.685E+01             0.754E-31
             0.686E+01             0.272E-29
             0.687E+01             0.565E-30
             0.688E+01             0.689E-31
             0.689E+01             0.836E-30
             0.690E+01             0.266E-32
             0.692E+01             0.495E-31
             0.693E+01             0.169E-30
             0.694E+01             0.460E-32
             0.695E+01             0.238E-29
             0.696E+01             0.174E-30
             0.697E+01             0.138E-29
             0.698E+01             0.847E-31
             0.699E+01             0.593E-31
             0.700E+01             0.256E-30
