            -0.497E+01             0.338-184
            -0.494E+01             0.738-182
            -0.491E+01             0.210-179
            -0.488E+01             0.173-178
            -0.485E+01             0.194-176
            -0.482E+01             0.235-174
            -0.479E+01             0.808-173
            -0.477E+01             0.256-170
            -0.474E+01             0.426-169
            -0.471E+01             0.272-167
            -0.468E+01             0.113-164
            -0.465E+01             0.328-163
            -0.462E+01             0.173-161
            -0.459E+01             0.410-159
            -0.456E+01             0.249-157
            -0.453E+01             0.835-156
            -0.450E+01             0.102-154
            -0.447E+01             0.133-151
            -0.444E+01             0.651-150
            -0.441E+01             0.249-148
            -0.438E+01             0.393-146
            -0.435E+01             0.273-144
            -0.433E+01             0.162-142
            -0.430E+01             0.882-141
            -0.427E+01             0.626-139
            -0.424E+01             0.378-137
            -0.421E+01             0.249-135
            -0.418E+01             0.173-133
            -0.415E+01             0.799-132
            -0.412E+01             0.514-130
            -0.409E+01             0.314-128
            -0.406E+01             0.198-126
            -0.403E+01             0.119-124
            -0.400E+01             0.587-123
            -0.397E+01             0.305-121
            -0.394E+01             0.152-119
            -0.391E+01             0.772-118
            -0.389E+01             0.393-116
            -0.386E+01             0.191-114
            -0.383E+01             0.900-113
            -0.380E+01             0.418-111
            -0.377E+01             0.194-109
            -0.374E+01             0.865-108
            -0.371E+01             0.375-106
            -0.368E+01             0.160-104
            -0.365E+01             0.670-103
            -0.362E+01             0.273-101
            -0.359E+01             0.108E-99
            -0.356E+01             0.422E-98
            -0.353E+01             0.159E-96
            -0.350E+01             0.589E-95
            -0.348E+01             0.213E-93
            -0.345E+01             0.750E-92
            -0.342E+01             0.258E-90
            -0.339E+01             0.865E-89
            -0.336E+01             0.283E-87
            -0.333E+01             0.905E-86
            -0.330E+01             0.282E-84
            -0.327E+01             0.857E-83
            -0.324E+01             0.254E-81
            -0.321E+01             0.734E-80
            -0.318E+01             0.207E-78
            -0.315E+01             0.568E-77
            -0.312E+01             0.152E-75
            -0.309E+01             0.396E-74
            -0.306E+01             0.101E-72
            -0.304E+01             0.250E-71
            -0.301E+01             0.603E-70
            -0.298E+01             0.142E-68
            -0.295E+01             0.325E-67
            -0.292E+01             0.724E-66
            -0.289E+01             0.157E-64
            -0.286E+01             0.333E-63
            -0.283E+01             0.685E-62
            -0.280E+01             0.137E-60
            -0.277E+01             0.268E-59
            -0.274E+01             0.509E-58
            -0.271E+01             0.940E-57
            -0.268E+01             0.169E-55
            -0.265E+01             0.296E-54
            -0.262E+01             0.503E-53
            -0.260E+01             0.833E-52
            -0.257E+01             0.134E-50
            -0.254E+01             0.210E-49
            -0.251E+01             0.319E-48
            -0.248E+01             0.472E-47
            -0.245E+01             0.679E-46
            -0.242E+01             0.948E-45
            -0.239E+01             0.129E-43
            -0.236E+01             0.170E-42
            -0.233E+01             0.218E-41
            -0.230E+01             0.271E-40
            -0.227E+01             0.327E-39
            -0.224E+01             0.385E-38
            -0.221E+01             0.438E-37
            -0.218E+01             0.485E-36
            -0.216E+01             0.521E-35
            -0.213E+01             0.543E-34
            -0.210E+01             0.550E-33
            -0.207E+01             0.540E-32
            -0.204E+01             0.514E-31
            -0.201E+01             0.475E-30
            -0.198E+01             0.426E-29
            -0.195E+01             0.370E-28
            -0.192E+01             0.312E-27
            -0.189E+01             0.255E-26
            -0.186E+01             0.202E-25
            -0.183E+01             0.155E-24
            -0.180E+01             0.115E-23
            -0.177E+01             0.831E-23
            -0.174E+01             0.580E-22
            -0.172E+01             0.393E-21
            -0.169E+01             0.257E-20
            -0.166E+01             0.163E-19
            -0.163E+01             0.100E-18
            -0.160E+01             0.596E-18
            -0.157E+01             0.343E-17
            -0.154E+01             0.191E-16
            -0.151E+01             0.103E-15
            -0.148E+01             0.537E-15
            -0.145E+01             0.271E-14
            -0.142E+01             0.132E-13
            -0.139E+01             0.623E-13
            -0.136E+01             0.284E-12
            -0.133E+01             0.125E-11
            -0.130E+01             0.533E-11
            -0.128E+01             0.219E-10
            -0.125E+01             0.873E-10
            -0.122E+01             0.335E-09
            -0.119E+01             0.124E-08
            -0.116E+01             0.445E-08
            -0.113E+01             0.154E-07
            -0.110E+01             0.513E-07
            -0.107E+01             0.165E-06
            -0.104E+01             0.512E-06
            -0.101E+01             0.153E-05
            -0.982E+00             0.443E-05
            -0.953E+00             0.123E-04
            -0.924E+00             0.330E-04
            -0.894E+00             0.850E-04
            -0.865E+00             0.211E-03
            -0.836E+00             0.505E-03
            -0.806E+00             0.116E-02
            -0.777E+00             0.256E-02
            -0.748E+00             0.545E-02
            -0.718E+00             0.111E-01
            -0.689E+00             0.217E-01
            -0.660E+00             0.408E-01
            -0.630E+00             0.733E-01
            -0.601E+00             0.126E+00
            -0.572E+00             0.207E+00
            -0.543E+00             0.325E+00
            -0.513E+00             0.486E+00
            -0.484E+00             0.691E+00
            -0.455E+00             0.932E+00
            -0.425E+00             0.119E+01
            -0.396E+00             0.142E+01
            -0.367E+00             0.159E+01
            -0.337E+00             0.166E+01
            -0.308E+00             0.158E+01
            -0.279E+00             0.135E+01
            -0.249E+00             0.101E+01
            -0.220E+00             0.615E+00
            -0.191E+00             0.261E+00
            -0.161E+00             0.404E-01
            -0.132E+00             0.153E-01
            -0.103E+00             0.193E+00
            -0.733E-01             0.516E+00
            -0.440E-01             0.880E+00
            -0.147E-01             0.116E+01
             0.147E-01             0.127E+01
             0.440E-01             0.116E+01
             0.733E-01             0.880E+00
             0.103E+00             0.516E+00
             0.132E+00             0.193E+00
             0.161E+00             0.153E-01
             0.191E+00             0.404E-01
             0.220E+00             0.261E+00
             0.249E+00             0.615E+00
             0.279E+00             0.101E+01
             0.308E+00             0.135E+01
             0.337E+00             0.158E+01
             0.367E+00             0.166E+01
             0.396E+00             0.159E+01
             0.425E+00             0.142E+01
             0.455E+00             0.119E+01
             0.484E+00             0.932E+00
             0.513E+00             0.691E+00
             0.543E+00             0.486E+00
             0.572E+00             0.325E+00
             0.601E+00             0.207E+00
             0.630E+00             0.126E+00
             0.660E+00             0.733E-01
             0.689E+00             0.408E-01
             0.718E+00             0.217E-01
             0.748E+00             0.111E-01
             0.777E+00             0.545E-02
             0.806E+00             0.256E-02
             0.836E+00             0.116E-02
             0.865E+00             0.505E-03
             0.894E+00             0.211E-03
             0.924E+00             0.850E-04
             0.953E+00             0.330E-04
             0.982E+00             0.123E-04
             0.101E+01             0.443E-05
             0.104E+01             0.153E-05
             0.107E+01             0.512E-06
             0.110E+01             0.165E-06
             0.113E+01             0.513E-07
             0.116E+01             0.154E-07
             0.119E+01             0.445E-08
             0.122E+01             0.124E-08
             0.125E+01             0.335E-09
             0.128E+01             0.873E-10
             0.130E+01             0.219E-10
             0.133E+01             0.533E-11
             0.136E+01             0.125E-11
             0.139E+01             0.284E-12
             0.142E+01             0.623E-13
             0.145E+01             0.132E-13
             0.148E+01             0.271E-14
             0.151E+01             0.537E-15
             0.154E+01             0.103E-15
             0.157E+01             0.191E-16
             0.160E+01             0.343E-17
             0.163E+01             0.596E-18
             0.166E+01             0.100E-18
             0.169E+01             0.163E-19
             0.172E+01             0.257E-20
             0.174E+01             0.392E-21
             0.177E+01             0.580E-22
             0.180E+01             0.832E-23
             0.183E+01             0.116E-23
             0.186E+01             0.158E-24
             0.189E+01             0.203E-25
             0.192E+01             0.245E-26
             0.195E+01             0.306E-27
             0.198E+01             0.384E-28
             0.201E+01             0.847E-30
             0.204E+01             0.710E-30
             0.207E+01             0.656E-32
             0.210E+01             0.372E-29
             0.213E+01             0.518E-30
             0.216E+01             0.457E-30
             0.218E+01             0.284E-30
             0.221E+01             0.433E-30
             0.224E+01             0.433E-30
             0.227E+01             0.537E-30
             0.230E+01             0.486E-30
             0.233E+01             0.389E-29
             0.236E+01             0.168E-29
             0.239E+01             0.163E-29
             0.242E+01             0.123E-29
             0.245E+01             0.651E-30
             0.248E+01             0.552E-30
             0.251E+01             0.230E-30
             0.254E+01             0.322E-31
             0.257E+01             0.132E-30
             0.260E+01             0.683E-30
             0.262E+01             0.818E-30
             0.265E+01             0.229E-29
             0.268E+01             0.172E-30
             0.271E+01             0.548E-30
             0.274E+01             0.108E-30
             0.277E+01             0.382E-32
             0.280E+01             0.113E-30
             0.283E+01             0.171E-32
             0.286E+01             0.127E-30
             0.289E+01             0.117E-30
             0.292E+01             0.508E-30
             0.295E+01             0.171E-30
             0.298E+01             0.149E-30
             0.301E+01             0.685E-30
             0.304E+01             0.120E-30
             0.306E+01             0.148E-30
             0.309E+01             0.129E-33
             0.312E+01             0.458E-31
             0.315E+01             0.116E-30
             0.318E+01             0.114E-31
             0.321E+01             0.103E-32
             0.324E+01             0.150E-30
             0.327E+01             0.997E-32
             0.330E+01             0.792E-30
             0.333E+01             0.158E-31
             0.336E+01             0.304E-32
             0.339E+01             0.472E-30
             0.342E+01             0.206E-30
             0.345E+01             0.193E-30
             0.348E+01             0.463E-32
             0.350E+01             0.732E-30
             0.353E+01             0.237E-31
             0.356E+01             0.158E-30
             0.359E+01             0.223E-30
             0.362E+01             0.111E-29
             0.365E+01             0.104E-29
             0.368E+01             0.296E-30
             0.371E+01             0.165E-29
             0.374E+01             0.309E-30
             0.377E+01             0.607E-31
             0.380E+01             0.361E-30
             0.383E+01             0.539E-30
             0.386E+01             0.838E-30
             0.389E+01             0.259E-29
             0.391E+01             0.578E-29
             0.394E+01             0.282E-29
             0.397E+01             0.104E-29
             0.400E+01             0.838E-31
             0.403E+01             0.246E-29
             0.406E+01             0.200E-31
             0.409E+01             0.458E-30
             0.412E+01             0.119E-30
             0.415E+01             0.867E-31
             0.418E+01             0.180E-29
             0.421E+01             0.339E-29
             0.424E+01             0.136E-29
             0.427E+01             0.503E-32
             0.430E+01             0.951E-33
             0.433E+01             0.120E-29
             0.435E+01             0.278E-32
             0.438E+01             0.803E-30
             0.441E+01             0.152E-29
             0.444E+01             0.598E-32
             0.447E+01             0.898E-31
             0.450E+01             0.241E-31
             0.453E+01             0.396E-32
             0.456E+01             0.741E-31
             0.459E+01             0.242E-30
             0.462E+01             0.582E-31
             0.465E+01             0.187E-30
             0.468E+01             0.249E-32
             0.471E+01             0.364E-30
             0.474E+01             0.296E-29
             0.477E+01             0.170E-29
             0.479E+01             0.105E-30
             0.482E+01             0.190E-31
             0.485E+01             0.166E-30
             0.488E+01             0.587E-31
             0.491E+01             0.884E-30
             0.494E+01             0.217E-30
             0.497E+01             0.315E-31
             0.500E+01             0.102E-29
