            -0.698E+01             0.129E-30
            -0.696E+01             0.166E-31
            -0.694E+01             0.393E-30
            -0.693E+01             0.728E-32
            -0.691E+01             0.169E-30
            -0.689E+01             0.374E-31
            -0.687E+01             0.213E-30
            -0.685E+01             0.744E-30
            -0.683E+01             0.739E-31
            -0.682E+01             0.249E-30
            -0.680E+01             0.146E-31
            -0.678E+01             0.239E-32
            -0.676E+01             0.554E-31
            -0.674E+01             0.768E-32
            -0.672E+01             0.883E-33
            -0.671E+01             0.105E-31
            -0.669E+01             0.274E-32
            -0.667E+01             0.293E-32
            -0.665E+01             0.564E-32
            -0.663E+01             0.145E-32
            -0.661E+01             0.202E-32
            -0.660E+01             0.913E-33
            -0.658E+01             0.673E-34
            -0.656E+01             0.167E-33
            -0.654E+01             0.558E-34
            -0.652E+01             0.537E-35
            -0.650E+01             0.470E-37
            -0.648E+01             0.523E-36
            -0.647E+01             0.229E-36
            -0.645E+01             0.106E-37
            -0.643E+01             0.288E-37
            -0.641E+01             0.282E-38
            -0.639E+01             0.467E-39
            -0.637E+01             0.134E-39
            -0.636E+01             0.132E-40
            -0.634E+01             0.203E-40
            -0.632E+01             0.387E-41
            -0.630E+01             0.224E-42
            -0.628E+01             0.772E-43
            -0.626E+01             0.136E-43
            -0.625E+01             0.204E-45
            -0.623E+01             0.657E-45
            -0.621E+01             0.407E-46
            -0.619E+01             0.173E-47
            -0.617E+01             0.178E-47
            -0.615E+01             0.775E-49
            -0.614E+01             0.652E-49
            -0.612E+01             0.498E-50
            -0.610E+01             0.353E-51
            -0.608E+01             0.537E-52
            -0.606E+01             0.287E-52
            -0.604E+01             0.596E-53
            -0.602E+01             0.129E-55
            -0.601E+01             0.364E-55
            -0.599E+01             0.632E-57
            -0.597E+01             0.286E-57
            -0.595E+01             0.728E-58
            -0.593E+01             0.338E-58
            -0.591E+01             0.291E-60
            -0.590E+01             0.115E-61
            -0.588E+01             0.406E-62
            -0.586E+01             0.133E-60
            -0.584E+01             0.770E-62
            -0.582E+01             0.264E-61
            -0.580E+01             0.728E-63
            -0.579E+01             0.129E-61
            -0.577E+01             0.154E-60
            -0.575E+01             0.149E-61
            -0.573E+01             0.546E-61
            -0.571E+01             0.173E-60
            -0.569E+01             0.131E-60
            -0.568E+01             0.723E-61
            -0.566E+01             0.591E-62
            -0.564E+01             0.115E-60
            -0.562E+01             0.898E-61
            -0.560E+01             0.768E-62
            -0.558E+01             0.229E-61
            -0.557E+01             0.309E-62
            -0.555E+01             0.219E-61
            -0.553E+01             0.595E-64
            -0.551E+01             0.493E-61
            -0.549E+01             0.152E-61
            -0.547E+01             0.164E-61
            -0.545E+01             0.125E-61
            -0.544E+01             0.554E-61
            -0.542E+01             0.970E-65
            -0.540E+01             0.139E-60
            -0.538E+01             0.313E-61
            -0.536E+01             0.877E-63
            -0.534E+01             0.130E-60
            -0.533E+01             0.496E-63
            -0.531E+01             0.431E-63
            -0.529E+01             0.102E-63
            -0.527E+01             0.559E-62
            -0.525E+01             0.515E-61
            -0.523E+01             0.620E-61
            -0.522E+01             0.157E-61
            -0.520E+01             0.628E-61
            -0.518E+01             0.180E-63
            -0.516E+01             0.175E-60
            -0.514E+01             0.923E-62
            -0.512E+01             0.142E-63
            -0.511E+01             0.195E-61
            -0.509E+01             0.348E-64
            -0.507E+01             0.400E-62
            -0.505E+01             0.589E-62
            -0.503E+01             0.206E-61
            -0.501E+01             0.312E-65
            -0.499E+01             0.925E-63
            -0.498E+01             0.502E-61
            -0.496E+01             0.131E-62
            -0.494E+01             0.104E-60
            -0.492E+01             0.110E-60
            -0.490E+01             0.866E-61
            -0.488E+01             0.105E-61
            -0.487E+01             0.177E-61
            -0.485E+01             0.197E-60
            -0.483E+01             0.267E-61
            -0.481E+01             0.640E-63
            -0.479E+01             0.167E-61
            -0.477E+01             0.118E-60
            -0.476E+01             0.611E-61
            -0.474E+01             0.615E-63
            -0.472E+01             0.494E-63
            -0.470E+01             0.644E-62
            -0.468E+01             0.240E-62
            -0.466E+01             0.116E-61
            -0.465E+01             0.459E-61
            -0.463E+01             0.354E-62
            -0.461E+01             0.522E-60
            -0.459E+01             0.139E-61
            -0.457E+01             0.503E-62
            -0.455E+01             0.257E-61
            -0.453E+01             0.236E-62
            -0.452E+01             0.169E-62
            -0.450E+01             0.253E-61
            -0.448E+01             0.163E-61
            -0.446E+01             0.872E-61
            -0.444E+01             0.572E-62
            -0.442E+01             0.900E-61
            -0.441E+01             0.229E-61
            -0.439E+01             0.781E-62
            -0.437E+01             0.632E-62
            -0.435E+01             0.606E-61
            -0.433E+01             0.281E-61
            -0.431E+01             0.127E-63
            -0.430E+01             0.595E-62
            -0.428E+01             0.272E-63
            -0.426E+01             0.299E-61
            -0.424E+01             0.131E-61
            -0.422E+01             0.839E-61
            -0.420E+01             0.247E-63
            -0.419E+01             0.442E-62
            -0.417E+01             0.218E-61
            -0.415E+01             0.138E-61
            -0.413E+01             0.982E-62
            -0.411E+01             0.152E-61
            -0.409E+01             0.114E-61
            -0.407E+01             0.123E-61
            -0.406E+01             0.109E-61
            -0.404E+01             0.308E-61
            -0.402E+01             0.585E-61
            -0.400E+01             0.443E-61
            -0.398E+01             0.429E-62
            -0.396E+01             0.298E-61
            -0.395E+01             0.336E-63
            -0.393E+01             0.481E-61
            -0.391E+01             0.808E-61
            -0.389E+01             0.217E-61
            -0.387E+01             0.253E-62
            -0.385E+01             0.658E-61
            -0.384E+01             0.681E-63
            -0.382E+01             0.160E-61
            -0.380E+01             0.901E-61
            -0.378E+01             0.729E-63
            -0.376E+01             0.428E-64
            -0.374E+01             0.643E-62
            -0.373E+01             0.233E-61
            -0.371E+01             0.717E-61
            -0.369E+01             0.190E-60
            -0.367E+01             0.402E-61
            -0.365E+01             0.543E-62
            -0.363E+01             0.529E-62
            -0.361E+01             0.308E-61
            -0.360E+01             0.622E-63
            -0.358E+01             0.138E-61
            -0.356E+01             0.115E-62
            -0.354E+01             0.742E-62
            -0.352E+01             0.400E-63
            -0.350E+01             0.858E-61
            -0.349E+01             0.356E-61
            -0.347E+01             0.477E-61
            -0.345E+01             0.111E-61
            -0.343E+01             0.122E-61
            -0.341E+01             0.141E-61
            -0.339E+01             0.260E-61
            -0.338E+01             0.827E-62
            -0.336E+01             0.151E-62
            -0.334E+01             0.816E-63
            -0.332E+01             0.187E-60
            -0.330E+01             0.236E-61
            -0.328E+01             0.154E-60
            -0.327E+01             0.466E-61
            -0.325E+01             0.707E-61
            -0.323E+01             0.558E-61
            -0.321E+01             0.587E-62
            -0.319E+01             0.117E-61
            -0.317E+01             0.659E-62
            -0.316E+01             0.532E-60
            -0.314E+01             0.351E-61
            -0.312E+01             0.705E-61
            -0.310E+01             0.185E-62
            -0.308E+01             0.942E-61
            -0.306E+01             0.127E-60
            -0.304E+01             0.102E-62
            -0.303E+01             0.394E-62
            -0.301E+01             0.577E-60
            -0.299E+01             0.240E-62
            -0.297E+01             0.424E-60
            -0.295E+01             0.170E-60
            -0.293E+01             0.460E-61
            -0.292E+01             0.115E-60
            -0.290E+01             0.268E-60
            -0.288E+01             0.213E-60
            -0.286E+01             0.340E-61
            -0.284E+01             0.390E-61
            -0.282E+01             0.737E-61
            -0.281E+01             0.134E-61
            -0.279E+01             0.104E-59
            -0.277E+01             0.129E-58
            -0.275E+01             0.921E-58
            -0.273E+01             0.727E-57
            -0.271E+01             0.479E-56
            -0.270E+01             0.315E-55
            -0.268E+01             0.203E-54
            -0.266E+01             0.131E-53
            -0.264E+01             0.835E-53
            -0.262E+01             0.524E-52
            -0.260E+01             0.325E-51
            -0.258E+01             0.199E-50
            -0.257E+01             0.120E-49
            -0.255E+01             0.720E-49
            -0.253E+01             0.425E-48
            -0.251E+01             0.247E-47
            -0.249E+01             0.142E-46
            -0.247E+01             0.808E-46
            -0.246E+01             0.453E-45
            -0.244E+01             0.251E-44
            -0.242E+01             0.137E-43
            -0.240E+01             0.740E-43
            -0.238E+01             0.395E-42
            -0.236E+01             0.208E-41
            -0.235E+01             0.108E-40
            -0.233E+01             0.553E-40
            -0.231E+01             0.280E-39
            -0.229E+01             0.140E-38
            -0.227E+01             0.691E-38
            -0.225E+01             0.336E-37
            -0.224E+01             0.162E-36
            -0.222E+01             0.768E-36
            -0.220E+01             0.360E-35
            -0.218E+01             0.166E-34
            -0.216E+01             0.759E-34
            -0.214E+01             0.342E-33
            -0.212E+01             0.152E-32
            -0.211E+01             0.668E-32
            -0.209E+01             0.289E-31
            -0.207E+01             0.124E-30
            -0.205E+01             0.522E-30
            -0.203E+01             0.217E-29
            -0.201E+01             0.893E-29
            -0.200E+01             0.362E-28
            -0.198E+01             0.145E-27
            -0.196E+01             0.572E-27
            -0.194E+01             0.223E-26
            -0.192E+01             0.857E-26
            -0.190E+01             0.325E-25
            -0.189E+01             0.122E-24
            -0.187E+01             0.450E-24
            -0.185E+01             0.164E-23
            -0.183E+01             0.589E-23
            -0.181E+01             0.209E-22
            -0.179E+01             0.732E-22
            -0.178E+01             0.253E-21
            -0.176E+01             0.861E-21
            -0.174E+01             0.289E-20
            -0.172E+01             0.959E-20
            -0.170E+01             0.314E-19
            -0.168E+01             0.101E-18
            -0.166E+01             0.322E-18
            -0.165E+01             0.101E-17
            -0.163E+01             0.313E-17
            -0.161E+01             0.954E-17
            -0.159E+01             0.287E-16
            -0.157E+01             0.853E-16
            -0.155E+01             0.250E-15
            -0.154E+01             0.721E-15
            -0.152E+01             0.205E-14
            -0.150E+01             0.577E-14
            -0.148E+01             0.160E-13
            -0.146E+01             0.436E-13
            -0.144E+01             0.117E-12
            -0.143E+01             0.312E-12
            -0.141E+01             0.815E-12
            -0.139E+01             0.210E-11
            -0.137E+01             0.535E-11
            -0.135E+01             0.134E-10
            -0.133E+01             0.331E-10
            -0.132E+01             0.807E-10
            -0.130E+01             0.194E-09
            -0.128E+01             0.459E-09
            -0.126E+01             0.107E-08
            -0.124E+01             0.246E-08
            -0.122E+01             0.557E-08
            -0.120E+01             0.124E-07
            -0.119E+01             0.273E-07
            -0.117E+01             0.592E-07
            -0.115E+01             0.126E-06
            -0.113E+01             0.266E-06
            -0.111E+01             0.550E-06
            -0.109E+01             0.112E-05
            -0.108E+01             0.225E-05
            -0.106E+01             0.446E-05
            -0.104E+01             0.870E-05
            -0.102E+01             0.167E-04
            -0.100E+01             0.315E-04
            -0.984E+00             0.586E-04
            -0.966E+00             0.107E-03
            -0.947E+00             0.193E-03
            -0.929E+00             0.343E-03
            -0.911E+00             0.598E-03
            -0.892E+00             0.103E-02
            -0.874E+00             0.173E-02
            -0.855E+00             0.288E-02
            -0.837E+00             0.470E-02
            -0.819E+00             0.755E-02
            -0.800E+00             0.119E-01
            -0.782E+00             0.185E-01
            -0.763E+00             0.282E-01
            -0.745E+00             0.421E-01
            -0.727E+00             0.619E-01
            -0.708E+00             0.894E-01
            -0.690E+00             0.127E+00
            -0.671E+00             0.176E+00
            -0.653E+00             0.239E+00
            -0.635E+00             0.319E+00
            -0.616E+00             0.417E+00
            -0.598E+00             0.533E+00
            -0.580E+00             0.667E+00
            -0.561E+00             0.815E+00
            -0.543E+00             0.971E+00
            -0.524E+00             0.113E+01
            -0.506E+00             0.128E+01
            -0.488E+00             0.140E+01
            -0.469E+00             0.150E+01
            -0.451E+00             0.154E+01
            -0.432E+00             0.153E+01
            -0.414E+00             0.146E+01
            -0.396E+00             0.132E+01
            -0.377E+00             0.113E+01
            -0.359E+00             0.892E+00
            -0.340E+00             0.642E+00
            -0.322E+00             0.401E+00
            -0.304E+00             0.197E+00
            -0.285E+00             0.578E-01
            -0.267E+00             0.782E-03
            -0.248E+00             0.344E-01
            -0.230E+00             0.153E+00
            -0.212E+00             0.339E+00
            -0.193E+00             0.562E+00
            -0.175E+00             0.784E+00
            -0.156E+00             0.967E+00
            -0.138E+00             0.108E+01
            -0.120E+00             0.110E+01
            -0.101E+00             0.102E+01
            -0.828E-01             0.855E+00
            -0.644E-01             0.637E+00
            -0.460E-01             0.402E+00
            -0.276E-01             0.193E+00
            -0.920E-02             0.507E-01
             0.920E-02             0.468E-27
             0.276E-01             0.507E-01
             0.460E-01             0.193E+00
             0.644E-01             0.402E+00
             0.828E-01             0.637E+00
             0.101E+00             0.855E+00
             0.120E+00             0.102E+01
             0.138E+00             0.110E+01
             0.156E+00             0.108E+01
             0.175E+00             0.967E+00
             0.193E+00             0.784E+00
             0.212E+00             0.562E+00
             0.230E+00             0.339E+00
             0.248E+00             0.153E+00
             0.267E+00             0.344E-01
             0.285E+00             0.782E-03
             0.304E+00             0.578E-01
             0.322E+00             0.197E+00
             0.340E+00             0.401E+00
             0.359E+00             0.642E+00
             0.377E+00             0.892E+00
             0.396E+00             0.113E+01
             0.414E+00             0.132E+01
             0.432E+00             0.146E+01
             0.451E+00             0.153E+01
             0.469E+00             0.154E+01
             0.488E+00             0.150E+01
             0.506E+00             0.140E+01
             0.524E+00             0.128E+01
             0.543E+00             0.113E+01
             0.561E+00             0.971E+00
             0.580E+00             0.815E+00
             0.598E+00             0.667E+00
             0.616E+00             0.533E+00
             0.635E+00             0.417E+00
             0.653E+00             0.319E+00
             0.671E+00             0.239E+00
             0.690E+00             0.176E+00
             0.708E+00             0.127E+00
             0.727E+00             0.894E-01
             0.745E+00             0.619E-01
             0.763E+00             0.421E-01
             0.782E+00             0.282E-01
             0.800E+00             0.185E-01
             0.819E+00             0.119E-01
             0.837E+00             0.755E-02
             0.855E+00             0.470E-02
             0.874E+00             0.288E-02
             0.892E+00             0.173E-02
             0.911E+00             0.103E-02
             0.929E+00             0.598E-03
             0.947E+00             0.343E-03
             0.966E+00             0.193E-03
             0.984E+00             0.107E-03
             0.100E+01             0.586E-04
             0.102E+01             0.315E-04
             0.104E+01             0.167E-04
             0.106E+01             0.870E-05
             0.108E+01             0.446E-05
             0.109E+01             0.225E-05
             0.111E+01             0.112E-05
             0.113E+01             0.550E-06
             0.115E+01             0.266E-06
             0.117E+01             0.126E-06
             0.119E+01             0.592E-07
             0.120E+01             0.273E-07
             0.122E+01             0.124E-07
             0.124E+01             0.557E-08
             0.126E+01             0.246E-08
             0.128E+01             0.107E-08
             0.130E+01             0.459E-09
             0.132E+01             0.194E-09
             0.133E+01             0.807E-10
             0.135E+01             0.331E-10
             0.137E+01             0.134E-10
             0.139E+01             0.535E-11
             0.141E+01             0.210E-11
             0.143E+01             0.815E-12
             0.144E+01             0.312E-12
             0.146E+01             0.117E-12
             0.148E+01             0.436E-13
             0.150E+01             0.160E-13
             0.152E+01             0.577E-14
             0.154E+01             0.205E-14
             0.155E+01             0.721E-15
             0.157E+01             0.250E-15
             0.159E+01             0.853E-16
             0.161E+01             0.287E-16
             0.163E+01             0.954E-17
             0.165E+01             0.313E-17
             0.166E+01             0.101E-17
             0.168E+01             0.322E-18
             0.170E+01             0.101E-18
             0.172E+01             0.314E-19
             0.174E+01             0.959E-20
             0.176E+01             0.289E-20
             0.178E+01             0.861E-21
             0.179E+01             0.253E-21
             0.181E+01             0.732E-22
             0.183E+01             0.210E-22
             0.185E+01             0.590E-23
             0.187E+01             0.163E-23
             0.189E+01             0.451E-24
             0.190E+01             0.122E-24
             0.192E+01             0.331E-25
             0.194E+01             0.910E-26
             0.196E+01             0.256E-26
             0.198E+01             0.100E-26
             0.200E+01             0.261E-27
             0.201E+01             0.530E-28
             0.203E+01             0.156E-30
             0.205E+01             0.771E-29
             0.207E+01             0.512E-29
             0.209E+01             0.274E-28
             0.211E+01             0.622E-29
             0.212E+01             0.171E-28
             0.214E+01             0.212E-31
             0.216E+01             0.359E-29
             0.218E+01             0.124E-29
             0.220E+01             0.193E-30
             0.222E+01             0.136E-30
             0.224E+01             0.397E-31
             0.225E+01             0.372E-30
             0.227E+01             0.270E-29
             0.229E+01             0.614E-29
             0.231E+01             0.242E-29
             0.233E+01             0.312E-31
             0.235E+01             0.276E-29
             0.236E+01             0.793E-29
             0.238E+01             0.288E-29
             0.240E+01             0.947E-31
             0.242E+01             0.346E-29
             0.244E+01             0.718E-29
             0.246E+01             0.712E-29
             0.247E+01             0.154E-28
             0.249E+01             0.119E-28
             0.251E+01             0.310E-29
             0.253E+01             0.684E-29
             0.255E+01             0.120E-28
             0.257E+01             0.201E-28
             0.258E+01             0.137E-29
             0.260E+01             0.124E-29
             0.262E+01             0.213E-29
             0.264E+01             0.367E-29
             0.266E+01             0.725E-30
             0.268E+01             0.545E-33
             0.270E+01             0.731E-30
             0.271E+01             0.359E-30
             0.273E+01             0.101E-28
             0.275E+01             0.125E-30
             0.277E+01             0.565E-29
             0.279E+01             0.692E-33
             0.281E+01             0.603E-29
             0.282E+01             0.273E-30
             0.284E+01             0.113E-30
             0.286E+01             0.194E-29
             0.288E+01             0.258E-30
             0.290E+01             0.935E-31
             0.292E+01             0.275E-30
             0.293E+01             0.454E-30
             0.295E+01             0.876E-30
             0.297E+01             0.161E-29
             0.299E+01             0.492E-30
             0.301E+01             0.202E-30
             0.303E+01             0.181E-29
             0.304E+01             0.206E-31
             0.306E+01             0.909E-30
             0.308E+01             0.161E-29
             0.310E+01             0.112E-29
             0.312E+01             0.371E-30
             0.314E+01             0.445E-29
             0.316E+01             0.461E-30
             0.317E+01             0.311E-31
             0.319E+01             0.186E-29
             0.321E+01             0.609E-29
             0.323E+01             0.482E-30
             0.325E+01             0.875E-30
             0.327E+01             0.654E-30
             0.328E+01             0.690E-30
             0.330E+01             0.201E-29
             0.332E+01             0.177E-29
             0.334E+01             0.138E-30
             0.336E+01             0.288E-29
             0.338E+01             0.164E-29
             0.339E+01             0.139E-29
             0.341E+01             0.350E-29
             0.343E+01             0.666E-29
             0.345E+01             0.403E-31
             0.347E+01             0.129E-30
             0.349E+01             0.499E-30
             0.350E+01             0.933E-30
             0.352E+01             0.136E-29
             0.354E+01             0.220E-31
             0.356E+01             0.184E-30
             0.358E+01             0.974E-30
             0.360E+01             0.518E-30
             0.361E+01             0.574E-30
             0.363E+01             0.136E-30
             0.365E+01             0.351E-30
             0.367E+01             0.246E-29
             0.369E+01             0.275E-30
             0.371E+01             0.145E-29
             0.373E+01             0.380E-29
             0.374E+01             0.607E-31
             0.376E+01             0.264E-30
             0.378E+01             0.135E-33
             0.380E+01             0.826E-31
             0.382E+01             0.723E-30
             0.384E+01             0.858E-30
             0.385E+01             0.208E-30
             0.387E+01             0.667E-30
             0.389E+01             0.782E-32
             0.391E+01             0.687E-31
             0.393E+01             0.450E-31
             0.395E+01             0.175E-30
             0.396E+01             0.106E-29
             0.398E+01             0.702E-31
             0.400E+01             0.947E-31
             0.402E+01             0.367E-30
             0.404E+01             0.868E-30
             0.406E+01             0.357E-32
             0.407E+01             0.152E-30
             0.409E+01             0.140E-32
             0.411E+01             0.133E-29
             0.413E+01             0.153E-30
             0.415E+01             0.462E-30
             0.417E+01             0.554E-30
             0.419E+01             0.118E-29
             0.420E+01             0.671E-31
             0.422E+01             0.297E-29
             0.424E+01             0.141E-30
             0.426E+01             0.174E-29
             0.428E+01             0.465E-31
             0.430E+01             0.253E-30
             0.431E+01             0.531E-31
             0.433E+01             0.564E-34
             0.435E+01             0.412E-33
             0.437E+01             0.333E-30
             0.439E+01             0.101E-29
             0.441E+01             0.145E-29
             0.442E+01             0.315E-30
             0.444E+01             0.646E-30
             0.446E+01             0.719E-30
             0.448E+01             0.247E-35
             0.450E+01             0.392E-33
             0.452E+01             0.217E-29
             0.453E+01             0.130E-31
             0.455E+01             0.896E-30
             0.457E+01             0.106E-32
             0.459E+01             0.152E-31
             0.461E+01             0.157E-30
             0.463E+01             0.154E-29
             0.465E+01             0.387E-30
             0.466E+01             0.217E-29
             0.468E+01             0.143E-29
             0.470E+01             0.117E-29
             0.472E+01             0.111E-29
             0.474E+01             0.759E-31
             0.476E+01             0.190E-31
             0.477E+01             0.271E-30
             0.479E+01             0.104E-31
             0.481E+01             0.304E-31
             0.483E+01             0.149E-29
             0.485E+01             0.583E-31
             0.487E+01             0.278E-30
             0.488E+01             0.921E-30
             0.490E+01             0.152E-30
             0.492E+01             0.372E-30
             0.494E+01             0.795E-30
             0.496E+01             0.211E-29
             0.498E+01             0.392E-30
             0.499E+01             0.148E-29
             0.501E+01             0.987E-30
             0.503E+01             0.997E-30
             0.505E+01             0.254E-30
             0.507E+01             0.914E-31
             0.509E+01             0.133E-29
             0.511E+01             0.210E-30
             0.512E+01             0.242E-30
             0.514E+01             0.977E-31
             0.516E+01             0.207E-29
             0.518E+01             0.327E-30
             0.520E+01             0.388E-31
             0.522E+01             0.321E-30
             0.523E+01             0.591E-30
             0.525E+01             0.354E-30
             0.527E+01             0.219E-29
             0.529E+01             0.120E-29
             0.531E+01             0.183E-30
             0.533E+01             0.190E-31
             0.534E+01             0.292E-31
             0.536E+01             0.263E-29
             0.538E+01             0.536E-30
             0.540E+01             0.255E-30
             0.542E+01             0.282E-30
             0.544E+01             0.324E-29
             0.545E+01             0.247E-30
             0.547E+01             0.586E-30
             0.549E+01             0.573E-29
             0.551E+01             0.244E-30
             0.553E+01             0.301E-29
             0.555E+01             0.107E-29
             0.557E+01             0.542E-29
             0.558E+01             0.365E-30
             0.560E+01             0.612E-29
             0.562E+01             0.438E-30
             0.564E+01             0.241E-29
             0.566E+01             0.649E-30
             0.568E+01             0.916E-30
             0.569E+01             0.494E-30
             0.571E+01             0.396E-34
             0.573E+01             0.483E-32
             0.575E+01             0.679E-32
             0.577E+01             0.265E-29
             0.579E+01             0.359E-29
             0.580E+01             0.370E-29
             0.582E+01             0.121E-28
             0.584E+01             0.372E-31
             0.586E+01             0.133E-29
             0.588E+01             0.291E-30
             0.590E+01             0.486E-31
             0.591E+01             0.111E-29
             0.593E+01             0.176E-32
             0.595E+01             0.926E-30
             0.597E+01             0.630E-32
             0.599E+01             0.813E-30
             0.601E+01             0.121E-30
             0.602E+01             0.461E-32
             0.604E+01             0.744E-30
             0.606E+01             0.967E-31
             0.608E+01             0.278E-29
             0.610E+01             0.459E-29
             0.612E+01             0.721E-30
             0.614E+01             0.262E-29
             0.615E+01             0.680E-29
             0.617E+01             0.901E-30
             0.619E+01             0.186E-29
             0.621E+01             0.249E-30
             0.623E+01             0.337E-31
             0.625E+01             0.285E-29
             0.626E+01             0.228E-29
             0.628E+01             0.565E-31
             0.630E+01             0.355E-29
             0.632E+01             0.221E-29
             0.634E+01             0.862E-30
             0.636E+01             0.378E-29
             0.637E+01             0.685E-33
             0.639E+01             0.295E-32
             0.641E+01             0.105E-29
             0.643E+01             0.309E-30
             0.645E+01             0.300E-29
             0.647E+01             0.985E-35
             0.648E+01             0.386E-30
             0.650E+01             0.250E-29
             0.652E+01             0.378E-29
             0.654E+01             0.839E-30
             0.656E+01             0.333E-30
             0.658E+01             0.627E-32
             0.660E+01             0.177E-29
             0.661E+01             0.466E-31
             0.663E+01             0.122E-29
             0.665E+01             0.289E-30
             0.667E+01             0.611E-31
             0.669E+01             0.174E-29
             0.671E+01             0.175E-30
             0.672E+01             0.828E-32
             0.674E+01             0.971E-30
             0.676E+01             0.142E-29
             0.678E+01             0.821E-32
             0.680E+01             0.383E-32
             0.682E+01             0.139E-29
             0.683E+01             0.301E-30
             0.685E+01             0.181E-30
             0.687E+01             0.330E-30
             0.689E+01             0.406E-29
             0.691E+01             0.166E-29
             0.693E+01             0.761E-31
             0.694E+01             0.605E-30
             0.696E+01             0.653E-31
             0.698E+01             0.902E-30
             0.700E+01             0.127E-29
