            -0.299E+01             0.273E-61
            -0.298E+01             0.560E-61
            -0.298E+01             0.159E-60
            -0.297E+01             0.668E-61
            -0.296E+01             0.137E-63
            -0.295E+01             0.844E-61
            -0.294E+01             0.496E-61
            -0.294E+01             0.320E-62
            -0.293E+01             0.682E-61
            -0.292E+01             0.525E-61
            -0.291E+01             0.245E-61
            -0.291E+01             0.394E-60
            -0.290E+01             0.105E-62
            -0.289E+01             0.455E-60
            -0.288E+01             0.171E-61
            -0.287E+01             0.342E-62
            -0.287E+01             0.935E-62
            -0.286E+01             0.231E-61
            -0.285E+01             0.190E-61
            -0.284E+01             0.273E-62
            -0.283E+01             0.378E-64
            -0.283E+01             0.491E-61
            -0.282E+01             0.777E-61
            -0.281E+01             0.113E-62
            -0.280E+01             0.113E-60
            -0.280E+01             0.376E-61
            -0.279E+01             0.543E-62
            -0.278E+01             0.820E-61
            -0.277E+01             0.805E-61
            -0.276E+01             0.778E-61
            -0.276E+01             0.882E-61
            -0.275E+01             0.348E-61
            -0.274E+01             0.850E-60
            -0.273E+01             0.209E-59
            -0.272E+01             0.407E-59
            -0.272E+01             0.114E-58
            -0.271E+01             0.216E-58
            -0.270E+01             0.498E-58
            -0.269E+01             0.104E-57
            -0.268E+01             0.271E-57
            -0.268E+01             0.622E-57
            -0.267E+01             0.143E-56
            -0.266E+01             0.328E-56
            -0.265E+01             0.739E-56
            -0.265E+01             0.166E-55
            -0.264E+01             0.379E-55
            -0.263E+01             0.855E-55
            -0.262E+01             0.193E-54
            -0.261E+01             0.433E-54
            -0.261E+01             0.968E-54
            -0.260E+01             0.217E-53
            -0.259E+01             0.483E-53
            -0.258E+01             0.107E-52
            -0.257E+01             0.238E-52
            -0.257E+01             0.528E-52
            -0.256E+01             0.117E-51
            -0.255E+01             0.257E-51
            -0.254E+01             0.564E-51
            -0.253E+01             0.124E-50
            -0.253E+01             0.270E-50
            -0.252E+01             0.589E-50
            -0.251E+01             0.128E-49
            -0.250E+01             0.278E-49
            -0.250E+01             0.602E-49
            -0.249E+01             0.130E-48
            -0.248E+01             0.280E-48
            -0.247E+01             0.601E-48
            -0.246E+01             0.129E-47
            -0.246E+01             0.276E-47
            -0.245E+01             0.588E-47
            -0.244E+01             0.125E-46
            -0.243E+01             0.265E-46
            -0.242E+01             0.561E-46
            -0.242E+01             0.119E-45
            -0.241E+01             0.250E-45
            -0.240E+01             0.525E-45
            -0.239E+01             0.110E-44
            -0.239E+01             0.230E-44
            -0.238E+01             0.479E-44
            -0.237E+01             0.997E-44
            -0.236E+01             0.207E-43
            -0.235E+01             0.428E-43
            -0.235E+01             0.884E-43
            -0.234E+01             0.182E-42
            -0.233E+01             0.374E-42
            -0.232E+01             0.766E-42
            -0.231E+01             0.157E-41
            -0.231E+01             0.319E-41
            -0.230E+01             0.650E-41
            -0.229E+01             0.132E-40
            -0.228E+01             0.267E-40
            -0.227E+01             0.539E-40
            -0.227E+01             0.108E-39
            -0.226E+01             0.218E-39
            -0.225E+01             0.437E-39
            -0.224E+01             0.873E-39
            -0.224E+01             0.174E-38
            -0.223E+01             0.346E-38
            -0.222E+01             0.687E-38
            -0.221E+01             0.136E-37
            -0.220E+01             0.268E-37
            -0.220E+01             0.528E-37
            -0.219E+01             0.104E-36
            -0.218E+01             0.203E-36
            -0.217E+01             0.397E-36
            -0.216E+01             0.774E-36
            -0.216E+01             0.151E-35
            -0.215E+01             0.292E-35
            -0.214E+01             0.565E-35
            -0.213E+01             0.109E-34
            -0.212E+01             0.210E-34
            -0.212E+01             0.403E-34
            -0.211E+01             0.772E-34
            -0.210E+01             0.147E-33
            -0.209E+01             0.281E-33
            -0.209E+01             0.534E-33
            -0.208E+01             0.101E-32
            -0.207E+01             0.192E-32
            -0.206E+01             0.362E-32
            -0.205E+01             0.680E-32
            -0.205E+01             0.128E-31
            -0.204E+01             0.239E-31
            -0.203E+01             0.447E-31
            -0.202E+01             0.833E-31
            -0.201E+01             0.155E-30
            -0.201E+01             0.287E-30
            -0.200E+01             0.530E-30
            -0.199E+01             0.978E-30
            -0.198E+01             0.180E-29
            -0.198E+01             0.330E-29
            -0.197E+01             0.605E-29
            -0.196E+01             0.110E-28
            -0.195E+01             0.201E-28
            -0.194E+01             0.365E-28
            -0.194E+01             0.662E-28
            -0.193E+01             0.120E-27
            -0.192E+01             0.216E-27
            -0.191E+01             0.388E-27
            -0.190E+01             0.696E-27
            -0.190E+01             0.125E-26
            -0.189E+01             0.222E-26
            -0.188E+01             0.396E-26
            -0.187E+01             0.703E-26
            -0.186E+01             0.125E-25
            -0.186E+01             0.220E-25
            -0.185E+01             0.388E-25
            -0.184E+01             0.682E-25
            -0.183E+01             0.120E-24
            -0.183E+01             0.209E-24
            -0.182E+01             0.365E-24
            -0.181E+01             0.635E-24
            -0.180E+01             0.110E-23
            -0.179E+01             0.191E-23
            -0.179E+01             0.330E-23
            -0.178E+01             0.568E-23
            -0.177E+01             0.976E-23
            -0.176E+01             0.167E-22
            -0.175E+01             0.286E-22
            -0.175E+01             0.487E-22
            -0.174E+01             0.829E-22
            -0.173E+01             0.141E-21
            -0.172E+01             0.238E-21
            -0.171E+01             0.402E-21
            -0.171E+01             0.676E-21
            -0.170E+01             0.114E-20
            -0.169E+01             0.190E-20
            -0.168E+01             0.318E-20
            -0.168E+01             0.530E-20
            -0.167E+01             0.881E-20
            -0.166E+01             0.146E-19
            -0.165E+01             0.241E-19
            -0.164E+01             0.398E-19
            -0.164E+01             0.655E-19
            -0.163E+01             0.108E-18
            -0.162E+01             0.176E-18
            -0.161E+01             0.287E-18
            -0.160E+01             0.468E-18
            -0.160E+01             0.760E-18
            -0.159E+01             0.123E-17
            -0.158E+01             0.199E-17
            -0.157E+01             0.321E-17
            -0.157E+01             0.516E-17
            -0.156E+01             0.827E-17
            -0.155E+01             0.132E-16
            -0.154E+01             0.211E-16
            -0.153E+01             0.336E-16
            -0.153E+01             0.533E-16
            -0.152E+01             0.844E-16
            -0.151E+01             0.133E-15
            -0.150E+01             0.210E-15
            -0.149E+01             0.330E-15
            -0.149E+01             0.516E-15
            -0.148E+01             0.807E-15
            -0.147E+01             0.126E-14
            -0.146E+01             0.196E-14
            -0.145E+01             0.303E-14
            -0.145E+01             0.469E-14
            -0.144E+01             0.723E-14
            -0.143E+01             0.111E-13
            -0.142E+01             0.171E-13
            -0.142E+01             0.261E-13
            -0.141E+01             0.399E-13
            -0.140E+01             0.608E-13
            -0.139E+01             0.923E-13
            -0.138E+01             0.140E-12
            -0.138E+01             0.211E-12
            -0.137E+01             0.318E-12
            -0.136E+01             0.478E-12
            -0.135E+01             0.717E-12
            -0.134E+01             0.107E-11
            -0.134E+01             0.160E-11
            -0.133E+01             0.238E-11
            -0.132E+01             0.353E-11
            -0.131E+01             0.522E-11
            -0.130E+01             0.770E-11
            -0.130E+01             0.113E-10
            -0.129E+01             0.166E-10
            -0.128E+01             0.244E-10
            -0.127E+01             0.356E-10
            -0.127E+01             0.518E-10
            -0.126E+01             0.753E-10
            -0.125E+01             0.109E-09
            -0.124E+01             0.158E-09
            -0.123E+01             0.227E-09
            -0.123E+01             0.326E-09
            -0.122E+01             0.468E-09
            -0.121E+01             0.669E-09
            -0.120E+01             0.954E-09
            -0.119E+01             0.136E-08
            -0.119E+01             0.192E-08
            -0.118E+01             0.272E-08
            -0.117E+01             0.384E-08
            -0.116E+01             0.540E-08
            -0.116E+01             0.758E-08
            -0.115E+01             0.106E-07
            -0.114E+01             0.148E-07
            -0.113E+01             0.206E-07
            -0.112E+01             0.286E-07
            -0.112E+01             0.396E-07
            -0.111E+01             0.547E-07
            -0.110E+01             0.754E-07
            -0.109E+01             0.104E-06
            -0.108E+01             0.142E-06
            -0.108E+01             0.194E-06
            -0.107E+01             0.264E-06
            -0.106E+01             0.359E-06
            -0.105E+01             0.486E-06
            -0.104E+01             0.656E-06
            -0.104E+01             0.885E-06
            -0.103E+01             0.119E-05
            -0.102E+01             0.159E-05
            -0.101E+01             0.213E-05
            -0.101E+01             0.284E-05
            -0.997E+00             0.378E-05
            -0.989E+00             0.500E-05
            -0.982E+00             0.662E-05
            -0.974E+00             0.872E-05
            -0.966E+00             0.115E-04
            -0.958E+00             0.150E-04
            -0.950E+00             0.197E-04
            -0.942E+00             0.256E-04
            -0.934E+00             0.333E-04
            -0.926E+00             0.432E-04
            -0.919E+00             0.559E-04
            -0.911E+00             0.721E-04
            -0.903E+00             0.927E-04
            -0.895E+00             0.119E-03
            -0.887E+00             0.152E-03
            -0.879E+00             0.194E-03
            -0.871E+00             0.246E-03
            -0.863E+00             0.312E-03
            -0.855E+00             0.395E-03
            -0.848E+00             0.498E-03
            -0.840E+00             0.625E-03
            -0.832E+00             0.784E-03
            -0.824E+00             0.980E-03
            -0.816E+00             0.122E-02
            -0.808E+00             0.152E-02
            -0.800E+00             0.188E-02
            -0.792E+00             0.232E-02
            -0.784E+00             0.286E-02
            -0.777E+00             0.351E-02
            -0.769E+00             0.430E-02
            -0.761E+00             0.525E-02
            -0.753E+00             0.639E-02
            -0.745E+00             0.776E-02
            -0.737E+00             0.939E-02
            -0.729E+00             0.113E-01
            -0.721E+00             0.136E-01
            -0.714E+00             0.163E-01
            -0.706E+00             0.195E-01
            -0.698E+00             0.233E-01
            -0.690E+00             0.276E-01
            -0.682E+00             0.327E-01
            -0.674E+00             0.387E-01
            -0.666E+00             0.455E-01
            -0.658E+00             0.534E-01
            -0.650E+00             0.625E-01
            -0.643E+00             0.729E-01
            -0.635E+00             0.847E-01
            -0.627E+00             0.981E-01
            -0.619E+00             0.113E+00
            -0.611E+00             0.130E+00
            -0.603E+00             0.150E+00
            -0.595E+00             0.171E+00
            -0.587E+00             0.195E+00
            -0.580E+00             0.222E+00
            -0.572E+00             0.251E+00
            -0.564E+00             0.283E+00
            -0.556E+00             0.318E+00
            -0.548E+00             0.356E+00
            -0.540E+00             0.398E+00
            -0.532E+00             0.443E+00
            -0.524E+00             0.490E+00
            -0.516E+00             0.542E+00
            -0.509E+00             0.596E+00
            -0.501E+00             0.653E+00
            -0.493E+00             0.713E+00
            -0.485E+00             0.776E+00
            -0.477E+00             0.841E+00
            -0.469E+00             0.907E+00
            -0.461E+00             0.975E+00
            -0.453E+00             0.104E+01
            -0.445E+00             0.111E+01
            -0.438E+00             0.118E+01
            -0.430E+00             0.125E+01
            -0.422E+00             0.131E+01
            -0.414E+00             0.137E+01
            -0.406E+00             0.143E+01
            -0.398E+00             0.149E+01
            -0.390E+00             0.153E+01
            -0.382E+00             0.157E+01
            -0.375E+00             0.161E+01
            -0.367E+00             0.163E+01
            -0.359E+00             0.165E+01
            -0.351E+00             0.166E+01
            -0.343E+00             0.165E+01
            -0.335E+00             0.164E+01
            -0.327E+00             0.161E+01
            -0.319E+00             0.158E+01
            -0.311E+00             0.153E+01
            -0.304E+00             0.147E+01
            -0.296E+00             0.141E+01
            -0.288E+00             0.133E+01
            -0.280E+00             0.124E+01
            -0.272E+00             0.115E+01
            -0.264E+00             0.105E+01
            -0.256E+00             0.951E+00
            -0.248E+00             0.845E+00
            -0.240E+00             0.738E+00
            -0.233E+00             0.632E+00
            -0.225E+00             0.529E+00
            -0.217E+00             0.430E+00
            -0.209E+00             0.337E+00
            -0.201E+00             0.253E+00
            -0.193E+00             0.178E+00
            -0.185E+00             0.115E+00
            -0.177E+00             0.652E-01
            -0.170E+00             0.287E-01
            -0.162E+00             0.685E-02
            -0.154E+00             0.198E-04
            -0.146E+00             0.839E-02
            -0.138E+00             0.318E-01
            -0.130E+00             0.697E-01
            -0.122E+00             0.121E+00
            -0.114E+00             0.185E+00
            -0.106E+00             0.260E+00
            -0.986E-01             0.344E+00
            -0.907E-01             0.435E+00
            -0.828E-01             0.531E+00
            -0.749E-01             0.629E+00
            -0.670E-01             0.728E+00
            -0.591E-01             0.824E+00
            -0.512E-01             0.916E+00
            -0.434E-01             0.100E+01
            -0.355E-01             0.108E+01
            -0.276E-01             0.114E+01
            -0.197E-01             0.119E+01
            -0.118E-01             0.123E+01
            -0.394E-02             0.125E+01
             0.394E-02             0.126E+01
             0.118E-01             0.125E+01
             0.197E-01             0.123E+01
             0.276E-01             0.119E+01
             0.355E-01             0.114E+01
             0.434E-01             0.108E+01
             0.512E-01             0.100E+01
             0.591E-01             0.916E+00
             0.670E-01             0.824E+00
             0.749E-01             0.728E+00
             0.828E-01             0.629E+00
             0.907E-01             0.531E+00
             0.986E-01             0.435E+00
             0.106E+00             0.344E+00
             0.114E+00             0.260E+00
             0.122E+00             0.185E+00
             0.130E+00             0.121E+00
             0.138E+00             0.697E-01
             0.146E+00             0.318E-01
             0.154E+00             0.839E-02
             0.162E+00             0.198E-04
             0.170E+00             0.685E-02
             0.177E+00             0.287E-01
             0.185E+00             0.652E-01
             0.193E+00             0.115E+00
             0.201E+00             0.178E+00
             0.209E+00             0.253E+00
             0.217E+00             0.337E+00
             0.225E+00             0.430E+00
             0.233E+00             0.529E+00
             0.240E+00             0.632E+00
             0.248E+00             0.738E+00
             0.256E+00             0.845E+00
             0.264E+00             0.951E+00
             0.272E+00             0.105E+01
             0.280E+00             0.115E+01
             0.288E+00             0.124E+01
             0.296E+00             0.133E+01
             0.304E+00             0.141E+01
             0.311E+00             0.147E+01
             0.319E+00             0.153E+01
             0.327E+00             0.158E+01
             0.335E+00             0.161E+01
             0.343E+00             0.164E+01
             0.351E+00             0.165E+01
             0.359E+00             0.166E+01
             0.367E+00             0.165E+01
             0.375E+00             0.163E+01
             0.382E+00             0.161E+01
             0.390E+00             0.157E+01
             0.398E+00             0.153E+01
             0.406E+00             0.149E+01
             0.414E+00             0.143E+01
             0.422E+00             0.137E+01
             0.430E+00             0.131E+01
             0.438E+00             0.125E+01
             0.445E+00             0.118E+01
             0.453E+00             0.111E+01
             0.461E+00             0.104E+01
             0.469E+00             0.975E+00
             0.477E+00             0.907E+00
             0.485E+00             0.841E+00
             0.493E+00             0.776E+00
             0.501E+00             0.713E+00
             0.509E+00             0.653E+00
             0.516E+00             0.596E+00
             0.524E+00             0.542E+00
             0.532E+00             0.490E+00
             0.540E+00             0.443E+00
             0.548E+00             0.398E+00
             0.556E+00             0.356E+00
             0.564E+00             0.318E+00
             0.572E+00             0.283E+00
             0.580E+00             0.251E+00
             0.587E+00             0.222E+00
             0.595E+00             0.195E+00
             0.603E+00             0.171E+00
             0.611E+00             0.150E+00
             0.619E+00             0.130E+00
             0.627E+00             0.113E+00
             0.635E+00             0.981E-01
             0.643E+00             0.847E-01
             0.650E+00             0.729E-01
             0.658E+00             0.625E-01
             0.666E+00             0.534E-01
             0.674E+00             0.455E-01
             0.682E+00             0.387E-01
             0.690E+00             0.327E-01
             0.698E+00             0.276E-01
             0.706E+00             0.233E-01
             0.714E+00             0.195E-01
             0.721E+00             0.163E-01
             0.729E+00             0.136E-01
             0.737E+00             0.113E-01
             0.745E+00             0.939E-02
             0.753E+00             0.776E-02
             0.761E+00             0.639E-02
             0.769E+00             0.525E-02
             0.777E+00             0.430E-02
             0.784E+00             0.351E-02
             0.792E+00             0.286E-02
             0.800E+00             0.232E-02
             0.808E+00             0.188E-02
             0.816E+00             0.152E-02
             0.824E+00             0.122E-02
             0.832E+00             0.980E-03
             0.840E+00             0.784E-03
             0.848E+00             0.625E-03
             0.855E+00             0.498E-03
             0.863E+00             0.395E-03
             0.871E+00             0.312E-03
             0.879E+00             0.246E-03
             0.887E+00             0.194E-03
             0.895E+00             0.152E-03
             0.903E+00             0.119E-03
             0.911E+00             0.927E-04
             0.919E+00             0.721E-04
             0.926E+00             0.559E-04
             0.934E+00             0.432E-04
             0.942E+00             0.333E-04
             0.950E+00             0.256E-04
             0.958E+00             0.197E-04
             0.966E+00             0.150E-04
             0.974E+00             0.115E-04
             0.982E+00             0.872E-05
             0.989E+00             0.662E-05
             0.997E+00             0.500E-05
             0.101E+01             0.378E-05
             0.101E+01             0.284E-05
             0.102E+01             0.213E-05
             0.103E+01             0.159E-05
             0.104E+01             0.119E-05
             0.104E+01             0.885E-06
             0.105E+01             0.656E-06
             0.106E+01             0.486E-06
             0.107E+01             0.359E-06
             0.108E+01             0.264E-06
             0.108E+01             0.194E-06
             0.109E+01             0.142E-06
             0.110E+01             0.104E-06
             0.111E+01             0.754E-07
             0.112E+01             0.547E-07
             0.112E+01             0.396E-07
             0.113E+01             0.286E-07
             0.114E+01             0.206E-07
             0.115E+01             0.148E-07
             0.116E+01             0.106E-07
             0.116E+01             0.758E-08
             0.117E+01             0.540E-08
             0.118E+01             0.384E-08
             0.119E+01             0.272E-08
             0.119E+01             0.192E-08
             0.120E+01             0.136E-08
             0.121E+01             0.954E-09
             0.122E+01             0.669E-09
             0.123E+01             0.468E-09
             0.123E+01             0.326E-09
             0.124E+01             0.227E-09
             0.125E+01             0.158E-09
             0.126E+01             0.109E-09
             0.127E+01             0.753E-10
             0.127E+01             0.518E-10
             0.128E+01             0.356E-10
             0.129E+01             0.244E-10
             0.130E+01             0.166E-10
             0.130E+01             0.113E-10
             0.131E+01             0.770E-11
             0.132E+01             0.522E-11
             0.133E+01             0.353E-11
             0.134E+01             0.238E-11
             0.134E+01             0.160E-11
             0.135E+01             0.107E-11
             0.136E+01             0.717E-12
             0.137E+01             0.478E-12
             0.138E+01             0.318E-12
             0.138E+01             0.211E-12
             0.139E+01             0.140E-12
             0.140E+01             0.923E-13
             0.141E+01             0.608E-13
             0.142E+01             0.399E-13
             0.142E+01             0.261E-13
             0.143E+01             0.171E-13
             0.144E+01             0.111E-13
             0.145E+01             0.723E-14
             0.145E+01             0.469E-14
             0.146E+01             0.303E-14
             0.147E+01             0.196E-14
             0.148E+01             0.126E-14
             0.149E+01             0.807E-15
             0.149E+01             0.516E-15
             0.150E+01             0.330E-15
             0.151E+01             0.210E-15
             0.152E+01             0.133E-15
             0.153E+01             0.844E-16
             0.153E+01             0.533E-16
             0.154E+01             0.336E-16
             0.155E+01             0.211E-16
             0.156E+01             0.132E-16
             0.157E+01             0.827E-17
             0.157E+01             0.516E-17
             0.158E+01             0.321E-17
             0.159E+01             0.199E-17
             0.160E+01             0.123E-17
             0.160E+01             0.760E-18
             0.161E+01             0.468E-18
             0.162E+01             0.287E-18
             0.163E+01             0.176E-18
             0.164E+01             0.108E-18
             0.164E+01             0.655E-19
             0.165E+01             0.398E-19
             0.166E+01             0.241E-19
             0.167E+01             0.146E-19
             0.168E+01             0.881E-20
             0.168E+01             0.530E-20
             0.169E+01             0.318E-20
             0.170E+01             0.190E-20
             0.171E+01             0.114E-20
             0.171E+01             0.676E-21
             0.172E+01             0.402E-21
             0.173E+01             0.238E-21
             0.174E+01             0.141E-21
             0.175E+01             0.830E-22
             0.175E+01             0.488E-22
             0.176E+01             0.286E-22
             0.177E+01             0.167E-22
             0.178E+01             0.973E-23
             0.179E+01             0.568E-23
             0.179E+01             0.329E-23
             0.180E+01             0.190E-23
             0.181E+01             0.110E-23
             0.182E+01             0.631E-24
             0.183E+01             0.365E-24
             0.183E+01             0.208E-24
             0.184E+01             0.121E-24
             0.185E+01             0.693E-25
             0.186E+01             0.379E-25
             0.186E+01             0.215E-25
             0.187E+01             0.122E-25
             0.188E+01             0.723E-26
             0.189E+01             0.416E-26
             0.190E+01             0.197E-26
             0.190E+01             0.120E-26
             0.191E+01             0.586E-27
             0.192E+01             0.431E-27
             0.193E+01             0.199E-27
             0.194E+01             0.135E-27
             0.194E+01             0.795E-28
             0.195E+01             0.253E-28
             0.196E+01             0.280E-28
             0.197E+01             0.351E-28
             0.198E+01             0.102E-28
             0.198E+01             0.236E-30
             0.199E+01             0.614E-29
             0.200E+01             0.271E-29
             0.201E+01             0.230E-29
             0.201E+01             0.719E-29
             0.202E+01             0.323E-30
             0.203E+01             0.124E-28
             0.204E+01             0.431E-29
             0.205E+01             0.242E-28
             0.205E+01             0.432E-29
             0.206E+01             0.597E-30
             0.207E+01             0.483E-29
             0.208E+01             0.626E-29
             0.209E+01             0.152E-28
             0.209E+01             0.550E-28
             0.210E+01             0.301E-28
             0.211E+01             0.561E-29
             0.212E+01             0.172E-30
             0.212E+01             0.142E-29
             0.213E+01             0.218E-29
             0.214E+01             0.142E-28
             0.215E+01             0.124E-28
             0.216E+01             0.668E-29
             0.216E+01             0.564E-31
             0.217E+01             0.395E-30
             0.218E+01             0.275E-29
             0.219E+01             0.708E-30
             0.220E+01             0.470E-29
             0.220E+01             0.314E-29
             0.221E+01             0.191E-29
             0.222E+01             0.349E-30
             0.223E+01             0.151E-35
             0.224E+01             0.283E-30
             0.224E+01             0.402E-29
             0.225E+01             0.156E-29
             0.226E+01             0.514E-30
             0.227E+01             0.763E-29
             0.227E+01             0.178E-29
             0.228E+01             0.724E-30
             0.229E+01             0.843E-30
             0.230E+01             0.357E-29
             0.231E+01             0.222E-29
             0.231E+01             0.101E-28
             0.232E+01             0.338E-30
             0.233E+01             0.404E-29
             0.234E+01             0.411E-29
             0.235E+01             0.354E-29
             0.235E+01             0.183E-29
             0.236E+01             0.157E-29
             0.237E+01             0.587E-30
             0.238E+01             0.630E-30
             0.239E+01             0.540E-31
             0.239E+01             0.118E-29
             0.240E+01             0.115E-30
             0.241E+01             0.438E-30
             0.242E+01             0.535E-29
             0.242E+01             0.108E-29
             0.243E+01             0.205E-29
             0.244E+01             0.166E-29
             0.245E+01             0.790E-32
             0.246E+01             0.521E-29
             0.246E+01             0.728E-29
             0.247E+01             0.593E-29
             0.248E+01             0.170E-29
             0.249E+01             0.361E-29
             0.250E+01             0.531E-29
             0.250E+01             0.108E-28
             0.251E+01             0.477E-30
             0.252E+01             0.536E-29
             0.253E+01             0.954E-30
             0.253E+01             0.130E-29
             0.254E+01             0.182E-30
             0.255E+01             0.224E-32
             0.256E+01             0.820E-31
             0.257E+01             0.172E-29
             0.257E+01             0.137E-29
             0.258E+01             0.207E-29
             0.259E+01             0.390E-30
             0.260E+01             0.780E-30
             0.261E+01             0.137E-29
             0.261E+01             0.433E-29
             0.262E+01             0.304E-31
             0.263E+01             0.500E-30
             0.264E+01             0.934E-29
             0.265E+01             0.199E-29
             0.265E+01             0.220E-30
             0.266E+01             0.254E-30
             0.267E+01             0.177E-28
             0.268E+01             0.582E-29
             0.268E+01             0.187E-29
             0.269E+01             0.111E-30
             0.270E+01             0.234E-29
             0.271E+01             0.202E-29
             0.272E+01             0.254E-30
             0.272E+01             0.258E-30
             0.273E+01             0.223E-29
             0.274E+01             0.514E-29
             0.275E+01             0.972E-31
             0.276E+01             0.100E-28
             0.276E+01             0.352E-30
             0.277E+01             0.102E-29
             0.278E+01             0.290E-29
             0.279E+01             0.115E-29
             0.280E+01             0.974E-30
             0.280E+01             0.518E-30
             0.281E+01             0.168E-30
             0.282E+01             0.428E-29
             0.283E+01             0.162E-31
             0.283E+01             0.343E-30
             0.284E+01             0.120E-30
             0.285E+01             0.962E-29
             0.286E+01             0.973E-31
             0.287E+01             0.857E-30
             0.287E+01             0.311E-29
             0.288E+01             0.288E-29
             0.289E+01             0.308E-29
             0.290E+01             0.401E-30
             0.291E+01             0.556E-31
             0.291E+01             0.944E-30
             0.292E+01             0.114E-29
             0.293E+01             0.655E-29
             0.294E+01             0.289E-29
             0.294E+01             0.411E-30
             0.295E+01             0.623E-30
             0.296E+01             0.101E-29
             0.297E+01             0.197E-31
             0.298E+01             0.282E-30
             0.298E+01             0.290E-31
             0.299E+01             0.725E-31
             0.300E+01             0.359E-30
