            -0.300E+01             0.143E-75
            -0.299E+01             0.605E-75
            -0.299E+01             0.150E-74
            -0.298E+01             0.304E-74
            -0.298E+01             0.560E-74
            -0.298E+01             0.978E-74
            -0.297E+01             0.166E-73
            -0.297E+01             0.276E-73
            -0.296E+01             0.456E-73
            -0.296E+01             0.746E-73
            -0.295E+01             0.121E-72
            -0.295E+01             0.197E-72
            -0.295E+01             0.320E-72
            -0.294E+01             0.518E-72
            -0.294E+01             0.837E-72
            -0.293E+01             0.135E-71
            -0.293E+01             0.218E-71
            -0.293E+01             0.352E-71
            -0.292E+01             0.567E-71
            -0.292E+01             0.912E-71
            -0.291E+01             0.147E-70
            -0.291E+01             0.236E-70
            -0.291E+01             0.379E-70
            -0.290E+01             0.609E-70
            -0.290E+01             0.976E-70
            -0.289E+01             0.157E-69
            -0.289E+01             0.251E-69
            -0.289E+01             0.402E-69
            -0.288E+01             0.643E-69
            -0.288E+01             0.103E-68
            -0.287E+01             0.164E-68
            -0.287E+01             0.262E-68
            -0.286E+01             0.418E-68
            -0.286E+01             0.667E-68
            -0.286E+01             0.106E-67
            -0.285E+01             0.169E-67
            -0.285E+01             0.269E-67
            -0.284E+01             0.428E-67
            -0.284E+01             0.681E-67
            -0.284E+01             0.108E-66
            -0.283E+01             0.172E-66
            -0.283E+01             0.272E-66
            -0.282E+01             0.431E-66
            -0.282E+01             0.683E-66
            -0.282E+01             0.108E-65
            -0.281E+01             0.171E-65
            -0.281E+01             0.270E-65
            -0.280E+01             0.427E-65
            -0.280E+01             0.674E-65
            -0.279E+01             0.106E-64
            -0.279E+01             0.168E-64
            -0.279E+01             0.264E-64
            -0.278E+01             0.416E-64
            -0.278E+01             0.655E-64
            -0.277E+01             0.103E-63
            -0.277E+01             0.162E-63
            -0.277E+01             0.254E-63
            -0.276E+01             0.398E-63
            -0.276E+01             0.625E-63
            -0.275E+01             0.979E-63
            -0.275E+01             0.153E-62
            -0.275E+01             0.240E-62
            -0.274E+01             0.375E-62
            -0.274E+01             0.586E-62
            -0.273E+01             0.915E-62
            -0.273E+01             0.143E-61
            -0.272E+01             0.223E-61
            -0.272E+01             0.347E-61
            -0.272E+01             0.541E-61
            -0.271E+01             0.841E-61
            -0.271E+01             0.131E-60
            -0.270E+01             0.203E-60
            -0.270E+01             0.316E-60
            -0.270E+01             0.490E-60
            -0.269E+01             0.761E-60
            -0.269E+01             0.118E-59
            -0.268E+01             0.183E-59
            -0.268E+01             0.283E-59
            -0.268E+01             0.437E-59
            -0.267E+01             0.676E-59
            -0.267E+01             0.104E-58
            -0.266E+01             0.161E-58
            -0.266E+01             0.249E-58
            -0.266E+01             0.384E-58
            -0.265E+01             0.591E-58
            -0.265E+01             0.910E-58
            -0.264E+01             0.140E-57
            -0.264E+01             0.215E-57
            -0.263E+01             0.331E-57
            -0.263E+01             0.508E-57
            -0.263E+01             0.779E-57
            -0.262E+01             0.120E-56
            -0.262E+01             0.183E-56
            -0.261E+01             0.280E-56
            -0.261E+01             0.429E-56
            -0.261E+01             0.656E-56
            -0.260E+01             0.100E-55
            -0.260E+01             0.153E-55
            -0.259E+01             0.234E-55
            -0.259E+01             0.357E-55
            -0.259E+01             0.543E-55
            -0.258E+01             0.828E-55
            -0.258E+01             0.126E-54
            -0.257E+01             0.192E-54
            -0.257E+01             0.291E-54
            -0.256E+01             0.442E-54
            -0.256E+01             0.672E-54
            -0.256E+01             0.102E-53
            -0.255E+01             0.154E-53
            -0.255E+01             0.234E-53
            -0.254E+01             0.354E-53
            -0.254E+01             0.536E-53
            -0.254E+01             0.810E-53
            -0.253E+01             0.122E-52
            -0.253E+01             0.185E-52
            -0.252E+01             0.279E-52
            -0.252E+01             0.420E-52
            -0.252E+01             0.633E-52
            -0.251E+01             0.954E-52
            -0.251E+01             0.143E-51
            -0.250E+01             0.216E-51
            -0.250E+01             0.324E-51
            -0.249E+01             0.487E-51
            -0.249E+01             0.731E-51
            -0.249E+01             0.110E-50
            -0.248E+01             0.164E-50
            -0.248E+01             0.246E-50
            -0.247E+01             0.368E-50
            -0.247E+01             0.550E-50
            -0.247E+01             0.822E-50
            -0.246E+01             0.123E-49
            -0.246E+01             0.183E-49
            -0.245E+01             0.273E-49
            -0.245E+01             0.408E-49
            -0.245E+01             0.607E-49
            -0.244E+01             0.903E-49
            -0.244E+01             0.134E-48
            -0.243E+01             0.200E-48
            -0.243E+01             0.297E-48
            -0.243E+01             0.440E-48
            -0.242E+01             0.653E-48
            -0.242E+01             0.969E-48
            -0.241E+01             0.144E-47
            -0.241E+01             0.212E-47
            -0.240E+01             0.314E-47
            -0.240E+01             0.465E-47
            -0.240E+01             0.687E-47
            -0.239E+01             0.101E-46
            -0.239E+01             0.150E-46
            -0.238E+01             0.220E-46
            -0.238E+01             0.325E-46
            -0.238E+01             0.478E-46
            -0.237E+01             0.704E-46
            -0.237E+01             0.104E-45
            -0.236E+01             0.152E-45
            -0.236E+01             0.223E-45
            -0.236E+01             0.328E-45
            -0.235E+01             0.481E-45
            -0.235E+01             0.704E-45
            -0.234E+01             0.103E-44
            -0.234E+01             0.151E-44
            -0.233E+01             0.221E-44
            -0.233E+01             0.323E-44
            -0.233E+01             0.471E-44
            -0.232E+01             0.688E-44
            -0.232E+01             0.100E-43
            -0.231E+01             0.146E-43
            -0.231E+01             0.213E-43
            -0.231E+01             0.310E-43
            -0.230E+01             0.451E-43
            -0.230E+01             0.655E-43
            -0.229E+01             0.952E-43
            -0.229E+01             0.138E-42
            -0.229E+01             0.200E-42
            -0.228E+01             0.291E-42
            -0.228E+01             0.421E-42
            -0.227E+01             0.610E-42
            -0.227E+01             0.882E-42
            -0.226E+01             0.127E-41
            -0.226E+01             0.184E-41
            -0.226E+01             0.266E-41
            -0.225E+01             0.384E-41
            -0.225E+01             0.553E-41
            -0.224E+01             0.797E-41
            -0.224E+01             0.115E-40
            -0.224E+01             0.165E-40
            -0.223E+01             0.237E-40
            -0.223E+01             0.341E-40
            -0.222E+01             0.490E-40
            -0.222E+01             0.703E-40
            -0.222E+01             0.101E-39
            -0.221E+01             0.144E-39
            -0.221E+01             0.207E-39
            -0.220E+01             0.296E-39
            -0.220E+01             0.423E-39
            -0.220E+01             0.605E-39
            -0.219E+01             0.864E-39
            -0.219E+01             0.123E-38
            -0.218E+01             0.176E-38
            -0.218E+01             0.251E-38
            -0.217E+01             0.357E-38
            -0.217E+01             0.508E-38
            -0.217E+01             0.723E-38
            -0.216E+01             0.103E-37
            -0.216E+01             0.146E-37
            -0.215E+01             0.207E-37
            -0.215E+01             0.294E-37
            -0.215E+01             0.417E-37
            -0.214E+01             0.590E-37
            -0.214E+01             0.835E-37
            -0.213E+01             0.118E-36
            -0.213E+01             0.167E-36
            -0.213E+01             0.236E-36
            -0.212E+01             0.333E-36
            -0.212E+01             0.470E-36
            -0.211E+01             0.663E-36
            -0.211E+01             0.934E-36
            -0.210E+01             0.131E-35
            -0.210E+01             0.185E-35
            -0.210E+01             0.260E-35
            -0.209E+01             0.365E-35
            -0.209E+01             0.513E-35
            -0.208E+01             0.720E-35
            -0.208E+01             0.101E-34
            -0.208E+01             0.141E-34
            -0.207E+01             0.198E-34
            -0.207E+01             0.277E-34
            -0.206E+01             0.388E-34
            -0.206E+01             0.542E-34
            -0.206E+01             0.757E-34
            -0.205E+01             0.106E-33
            -0.205E+01             0.147E-33
            -0.204E+01             0.205E-33
            -0.204E+01             0.286E-33
            -0.203E+01             0.398E-33
            -0.203E+01             0.553E-33
            -0.203E+01             0.769E-33
            -0.202E+01             0.107E-32
            -0.202E+01             0.148E-32
            -0.201E+01             0.206E-32
            -0.201E+01             0.285E-32
            -0.201E+01             0.395E-32
            -0.200E+01             0.546E-32
            -0.200E+01             0.756E-32
            -0.199E+01             0.104E-31
            -0.199E+01             0.144E-31
            -0.199E+01             0.199E-31
            -0.198E+01             0.275E-31
            -0.198E+01             0.379E-31
            -0.197E+01             0.522E-31
            -0.197E+01             0.719E-31
            -0.197E+01             0.989E-31
            -0.196E+01             0.136E-30
            -0.196E+01             0.187E-30
            -0.195E+01             0.256E-30
            -0.195E+01             0.352E-30
            -0.194E+01             0.482E-30
            -0.194E+01             0.661E-30
            -0.194E+01             0.905E-30
            -0.193E+01             0.124E-29
            -0.193E+01             0.169E-29
            -0.192E+01             0.231E-29
            -0.192E+01             0.316E-29
            -0.192E+01             0.431E-29
            -0.191E+01             0.588E-29
            -0.191E+01             0.801E-29
            -0.190E+01             0.109E-28
            -0.190E+01             0.148E-28
            -0.190E+01             0.202E-28
            -0.189E+01             0.274E-28
            -0.189E+01             0.372E-28
            -0.188E+01             0.505E-28
            -0.188E+01             0.685E-28
            -0.187E+01             0.929E-28
            -0.187E+01             0.126E-27
            -0.187E+01             0.170E-27
            -0.186E+01             0.230E-27
            -0.186E+01             0.311E-27
            -0.185E+01             0.420E-27
            -0.185E+01             0.567E-27
            -0.185E+01             0.765E-27
            -0.184E+01             0.103E-26
            -0.184E+01             0.139E-26
            -0.183E+01             0.187E-26
            -0.183E+01             0.252E-26
            -0.183E+01             0.338E-26
            -0.182E+01             0.454E-26
            -0.182E+01             0.610E-26
            -0.181E+01             0.818E-26
            -0.181E+01             0.110E-25
            -0.180E+01             0.147E-25
            -0.180E+01             0.197E-25
            -0.180E+01             0.263E-25
            -0.179E+01             0.352E-25
            -0.179E+01             0.470E-25
            -0.178E+01             0.627E-25
            -0.178E+01             0.837E-25
            -0.178E+01             0.112E-24
            -0.177E+01             0.149E-24
            -0.177E+01             0.198E-24
            -0.176E+01             0.263E-24
            -0.176E+01             0.350E-24
            -0.176E+01             0.465E-24
            -0.175E+01             0.618E-24
            -0.175E+01             0.820E-24
            -0.174E+01             0.109E-23
            -0.174E+01             0.144E-23
            -0.174E+01             0.191E-23
            -0.173E+01             0.252E-23
            -0.173E+01             0.334E-23
            -0.172E+01             0.441E-23
            -0.172E+01             0.582E-23
            -0.171E+01             0.768E-23
            -0.171E+01             0.101E-22
            -0.171E+01             0.134E-22
            -0.170E+01             0.176E-22
            -0.170E+01             0.231E-22
            -0.169E+01             0.304E-22
            -0.169E+01             0.400E-22
            -0.169E+01             0.525E-22
            -0.168E+01             0.689E-22
            -0.168E+01             0.904E-22
            -0.167E+01             0.118E-21
            -0.167E+01             0.155E-21
            -0.167E+01             0.203E-21
            -0.166E+01             0.266E-21
            -0.166E+01             0.347E-21
            -0.165E+01             0.453E-21
            -0.165E+01             0.592E-21
            -0.164E+01             0.772E-21
            -0.164E+01             0.101E-20
            -0.164E+01             0.131E-20
            -0.163E+01             0.171E-20
            -0.163E+01             0.222E-20
            -0.162E+01             0.288E-20
            -0.162E+01             0.375E-20
            -0.162E+01             0.486E-20
            -0.161E+01             0.631E-20
            -0.161E+01             0.818E-20
            -0.160E+01             0.106E-19
            -0.160E+01             0.137E-19
            -0.160E+01             0.177E-19
            -0.159E+01             0.229E-19
            -0.159E+01             0.296E-19
            -0.158E+01             0.383E-19
            -0.158E+01             0.494E-19
            -0.157E+01             0.636E-19
            -0.157E+01             0.820E-19
            -0.157E+01             0.106E-18
            -0.156E+01             0.136E-18
            -0.156E+01             0.175E-18
            -0.155E+01             0.224E-18
            -0.155E+01             0.288E-18
            -0.155E+01             0.370E-18
            -0.154E+01             0.474E-18
            -0.154E+01             0.607E-18
            -0.153E+01             0.777E-18
            -0.153E+01             0.995E-18
            -0.153E+01             0.127E-17
            -0.152E+01             0.162E-17
            -0.152E+01             0.207E-17
            -0.151E+01             0.265E-17
            -0.151E+01             0.338E-17
            -0.151E+01             0.430E-17
            -0.150E+01             0.548E-17
            -0.150E+01             0.697E-17
            -0.149E+01             0.886E-17
            -0.149E+01             0.113E-16
            -0.148E+01             0.143E-16
            -0.148E+01             0.181E-16
            -0.148E+01             0.230E-16
            -0.147E+01             0.292E-16
            -0.147E+01             0.369E-16
            -0.146E+01             0.467E-16
            -0.146E+01             0.591E-16
            -0.146E+01             0.747E-16
            -0.145E+01             0.943E-16
            -0.145E+01             0.119E-15
            -0.144E+01             0.150E-15
            -0.144E+01             0.189E-15
            -0.144E+01             0.238E-15
            -0.143E+01             0.300E-15
            -0.143E+01             0.377E-15
            -0.142E+01             0.474E-15
            -0.142E+01             0.595E-15
            -0.141E+01             0.747E-15
            -0.141E+01             0.937E-15
            -0.141E+01             0.117E-14
            -0.140E+01             0.147E-14
            -0.140E+01             0.184E-14
            -0.139E+01             0.230E-14
            -0.139E+01             0.288E-14
            -0.139E+01             0.360E-14
            -0.138E+01             0.449E-14
            -0.138E+01             0.560E-14
            -0.137E+01             0.698E-14
            -0.137E+01             0.869E-14
            -0.137E+01             0.108E-13
            -0.136E+01             0.135E-13
            -0.136E+01             0.167E-13
            -0.135E+01             0.208E-13
            -0.135E+01             0.258E-13
            -0.134E+01             0.320E-13
            -0.134E+01             0.396E-13
            -0.134E+01             0.491E-13
            -0.133E+01             0.608E-13
            -0.133E+01             0.752E-13
            -0.132E+01             0.929E-13
            -0.132E+01             0.115E-12
            -0.132E+01             0.142E-12
            -0.131E+01             0.175E-12
            -0.131E+01             0.215E-12
            -0.130E+01             0.265E-12
            -0.130E+01             0.327E-12
            -0.130E+01             0.402E-12
            -0.129E+01             0.494E-12
            -0.129E+01             0.607E-12
            -0.128E+01             0.745E-12
            -0.128E+01             0.914E-12
            -0.128E+01             0.112E-11
            -0.127E+01             0.137E-11
            -0.127E+01             0.168E-11
            -0.126E+01             0.206E-11
            -0.126E+01             0.251E-11
            -0.125E+01             0.307E-11
            -0.125E+01             0.375E-11
            -0.125E+01             0.457E-11
            -0.124E+01             0.557E-11
            -0.124E+01             0.679E-11
            -0.123E+01             0.827E-11
            -0.123E+01             0.101E-10
            -0.123E+01             0.122E-10
            -0.122E+01             0.148E-10
            -0.122E+01             0.180E-10
            -0.121E+01             0.219E-10
            -0.121E+01             0.265E-10
            -0.121E+01             0.321E-10
            -0.120E+01             0.389E-10
            -0.120E+01             0.470E-10
            -0.119E+01             0.569E-10
            -0.119E+01             0.687E-10
            -0.118E+01             0.829E-10
            -0.118E+01             0.100E-09
            -0.118E+01             0.121E-09
            -0.117E+01             0.145E-09
            -0.117E+01             0.175E-09
            -0.116E+01             0.210E-09
            -0.116E+01             0.253E-09
            -0.116E+01             0.304E-09
            -0.115E+01             0.365E-09
            -0.115E+01             0.438E-09
            -0.114E+01             0.525E-09
            -0.114E+01             0.629E-09
            -0.114E+01             0.753E-09
            -0.113E+01             0.900E-09
            -0.113E+01             0.108E-08
            -0.112E+01             0.129E-08
            -0.112E+01             0.154E-08
            -0.111E+01             0.183E-08
            -0.111E+01             0.218E-08
            -0.111E+01             0.260E-08
            -0.110E+01             0.310E-08
            -0.110E+01             0.368E-08
            -0.109E+01             0.438E-08
            -0.109E+01             0.520E-08
            -0.109E+01             0.618E-08
            -0.108E+01             0.733E-08
            -0.108E+01             0.869E-08
            -0.107E+01             0.103E-07
            -0.107E+01             0.122E-07
            -0.107E+01             0.144E-07
            -0.106E+01             0.170E-07
            -0.106E+01             0.201E-07
            -0.105E+01             0.238E-07
            -0.105E+01             0.280E-07
            -0.105E+01             0.330E-07
            -0.104E+01             0.389E-07
            -0.104E+01             0.458E-07
            -0.103E+01             0.539E-07
            -0.103E+01             0.633E-07
            -0.102E+01             0.744E-07
            -0.102E+01             0.873E-07
            -0.102E+01             0.102E-06
            -0.101E+01             0.120E-06
            -0.101E+01             0.141E-06
            -0.100E+01             0.165E-06
            -0.100E+01             0.193E-06
            -0.996E+00             0.225E-06
            -0.992E+00             0.263E-06
            -0.988E+00             0.307E-06
            -0.984E+00             0.358E-06
            -0.979E+00             0.417E-06
            -0.975E+00             0.486E-06
            -0.971E+00             0.565E-06
            -0.967E+00             0.658E-06
            -0.963E+00             0.764E-06
            -0.959E+00             0.888E-06
            -0.955E+00             0.103E-05
            -0.951E+00             0.120E-05
            -0.947E+00             0.138E-05
            -0.943E+00             0.160E-05
            -0.938E+00             0.186E-05
            -0.934E+00             0.215E-05
            -0.930E+00             0.248E-05
            -0.926E+00             0.287E-05
            -0.922E+00             0.331E-05
            -0.918E+00             0.381E-05
            -0.914E+00             0.439E-05
            -0.910E+00             0.506E-05
            -0.906E+00             0.582E-05
            -0.901E+00             0.669E-05
            -0.897E+00             0.769E-05
            -0.893E+00             0.883E-05
            -0.889E+00             0.101E-04
            -0.885E+00             0.116E-04
            -0.881E+00             0.133E-04
            -0.877E+00             0.152E-04
            -0.873E+00             0.174E-04
            -0.869E+00             0.199E-04
            -0.864E+00             0.228E-04
            -0.860E+00             0.260E-04
            -0.856E+00             0.297E-04
            -0.852E+00             0.338E-04
            -0.848E+00             0.385E-04
            -0.844E+00             0.439E-04
            -0.840E+00             0.499E-04
            -0.836E+00             0.567E-04
            -0.832E+00             0.644E-04
            -0.828E+00             0.732E-04
            -0.823E+00             0.830E-04
            -0.819E+00             0.940E-04
            -0.815E+00             0.107E-03
            -0.811E+00             0.121E-03
            -0.807E+00             0.136E-03
            -0.803E+00             0.154E-03
            -0.799E+00             0.174E-03
            -0.795E+00             0.196E-03
            -0.791E+00             0.221E-03
            -0.786E+00             0.250E-03
            -0.782E+00             0.281E-03
            -0.778E+00             0.316E-03
            -0.774E+00             0.356E-03
            -0.770E+00             0.400E-03
            -0.766E+00             0.449E-03
            -0.762E+00             0.503E-03
            -0.758E+00             0.564E-03
            -0.754E+00             0.632E-03
            -0.749E+00             0.708E-03
            -0.745E+00             0.792E-03
            -0.741E+00             0.885E-03
            -0.737E+00             0.989E-03
            -0.733E+00             0.110E-02
            -0.729E+00             0.123E-02
            -0.725E+00             0.137E-02
            -0.721E+00             0.153E-02
            -0.717E+00             0.170E-02
            -0.713E+00             0.189E-02
            -0.708E+00             0.210E-02
            -0.704E+00             0.233E-02
            -0.700E+00             0.259E-02
            -0.696E+00             0.287E-02
            -0.692E+00             0.318E-02
            -0.688E+00             0.352E-02
            -0.684E+00             0.390E-02
            -0.680E+00             0.431E-02
            -0.676E+00             0.476E-02
            -0.671E+00             0.525E-02
            -0.667E+00             0.580E-02
            -0.663E+00             0.639E-02
            -0.659E+00             0.704E-02
            -0.655E+00             0.774E-02
            -0.651E+00             0.852E-02
            -0.647E+00             0.936E-02
            -0.643E+00             0.103E-01
            -0.639E+00             0.113E-01
            -0.634E+00             0.124E-01
            -0.630E+00             0.135E-01
            -0.626E+00             0.148E-01
            -0.622E+00             0.162E-01
            -0.618E+00             0.177E-01
            -0.614E+00             0.194E-01
            -0.610E+00             0.211E-01
            -0.606E+00             0.230E-01
            -0.602E+00             0.251E-01
            -0.598E+00             0.273E-01
            -0.593E+00             0.298E-01
            -0.589E+00             0.324E-01
            -0.585E+00             0.352E-01
            -0.581E+00             0.382E-01
            -0.577E+00             0.414E-01
            -0.573E+00             0.449E-01
            -0.569E+00             0.486E-01
            -0.565E+00             0.526E-01
            -0.561E+00             0.569E-01
            -0.556E+00             0.614E-01
            -0.552E+00             0.663E-01
            -0.548E+00             0.716E-01
            -0.544E+00             0.771E-01
            -0.540E+00             0.831E-01
            -0.536E+00             0.894E-01
            -0.532E+00             0.962E-01
            -0.528E+00             0.103E+00
            -0.524E+00             0.111E+00
            -0.520E+00             0.119E+00
            -0.515E+00             0.128E+00
            -0.511E+00             0.137E+00
            -0.507E+00             0.146E+00
            -0.503E+00             0.156E+00
            -0.499E+00             0.167E+00
            -0.495E+00             0.179E+00
            -0.491E+00             0.190E+00
            -0.487E+00             0.203E+00
            -0.483E+00             0.216E+00
            -0.478E+00             0.230E+00
            -0.474E+00             0.245E+00
            -0.470E+00             0.260E+00
            -0.466E+00             0.276E+00
            -0.462E+00             0.293E+00
            -0.458E+00             0.310E+00
            -0.454E+00             0.329E+00
            -0.450E+00             0.348E+00
            -0.446E+00             0.368E+00
            -0.441E+00             0.388E+00
            -0.437E+00             0.410E+00
            -0.433E+00             0.432E+00
            -0.429E+00             0.455E+00
            -0.425E+00             0.479E+00
            -0.421E+00             0.504E+00
            -0.417E+00             0.530E+00
            -0.413E+00             0.556E+00
            -0.409E+00             0.583E+00
            -0.405E+00             0.612E+00
            -0.400E+00             0.640E+00
            -0.396E+00             0.670E+00
            -0.392E+00             0.701E+00
            -0.388E+00             0.732E+00
            -0.384E+00             0.763E+00
            -0.380E+00             0.796E+00
            -0.376E+00             0.829E+00
            -0.372E+00             0.863E+00
            -0.368E+00             0.897E+00
            -0.363E+00             0.932E+00
            -0.359E+00             0.967E+00
            -0.355E+00             0.100E+01
            -0.351E+00             0.104E+01
            -0.347E+00             0.107E+01
            -0.343E+00             0.111E+01
            -0.339E+00             0.115E+01
            -0.335E+00             0.118E+01
            -0.331E+00             0.122E+01
            -0.326E+00             0.126E+01
            -0.322E+00             0.129E+01
            -0.318E+00             0.133E+01
            -0.314E+00             0.137E+01
            -0.310E+00             0.140E+01
            -0.306E+00             0.144E+01
            -0.302E+00             0.147E+01
            -0.298E+00             0.150E+01
            -0.294E+00             0.154E+01
            -0.290E+00             0.157E+01
            -0.285E+00             0.160E+01
            -0.281E+00             0.163E+01
            -0.277E+00             0.165E+01
            -0.273E+00             0.168E+01
            -0.269E+00             0.171E+01
            -0.265E+00             0.173E+01
            -0.261E+00             0.175E+01
            -0.257E+00             0.177E+01
            -0.253E+00             0.179E+01
            -0.248E+00             0.181E+01
            -0.244E+00             0.182E+01
            -0.240E+00             0.183E+01
            -0.236E+00             0.184E+01
            -0.232E+00             0.185E+01
            -0.228E+00             0.185E+01
            -0.224E+00             0.186E+01
            -0.220E+00             0.186E+01
            -0.216E+00             0.185E+01
            -0.211E+00             0.185E+01
            -0.207E+00             0.184E+01
            -0.203E+00             0.183E+01
            -0.199E+00             0.182E+01
            -0.195E+00             0.180E+01
            -0.191E+00             0.178E+01
            -0.187E+00             0.176E+01
            -0.183E+00             0.174E+01
            -0.179E+00             0.172E+01
            -0.175E+00             0.169E+01
            -0.170E+00             0.166E+01
            -0.166E+00             0.162E+01
            -0.162E+00             0.159E+01
            -0.158E+00             0.155E+01
            -0.154E+00             0.151E+01
            -0.150E+00             0.147E+01
            -0.146E+00             0.142E+01
            -0.142E+00             0.138E+01
            -0.138E+00             0.133E+01
            -0.133E+00             0.128E+01
            -0.129E+00             0.123E+01
            -0.125E+00             0.118E+01
            -0.121E+00             0.113E+01
            -0.117E+00             0.108E+01
            -0.113E+00             0.102E+01
            -0.109E+00             0.970E+00
            -0.105E+00             0.916E+00
            -0.101E+00             0.862E+00
            -0.965E-01             0.807E+00
            -0.924E-01             0.753E+00
            -0.883E-01             0.700E+00
            -0.842E-01             0.647E+00
            -0.801E-01             0.595E+00
            -0.760E-01             0.544E+00
            -0.719E-01             0.494E+00
            -0.678E-01             0.446E+00
            -0.637E-01             0.400E+00
            -0.595E-01             0.355E+00
            -0.554E-01             0.312E+00
            -0.513E-01             0.272E+00
            -0.472E-01             0.234E+00
            -0.431E-01             0.198E+00
            -0.390E-01             0.165E+00
            -0.349E-01             0.134E+00
            -0.308E-01             0.107E+00
            -0.267E-01             0.820E-01
            -0.226E-01             0.605E-01
            -0.185E-01             0.422E-01
            -0.144E-01             0.271E-01
            -0.103E-01             0.153E-01
            -0.616E-02             0.680E-02
            -0.205E-02             0.170E-02
             0.205E-02             0.193E-23
             0.616E-02             0.170E-02
             0.103E-01             0.680E-02
             0.144E-01             0.153E-01
             0.185E-01             0.271E-01
             0.226E-01             0.422E-01
             0.267E-01             0.605E-01
             0.308E-01             0.820E-01
             0.349E-01             0.107E+00
             0.390E-01             0.134E+00
             0.431E-01             0.165E+00
             0.472E-01             0.198E+00
             0.513E-01             0.234E+00
             0.554E-01             0.272E+00
             0.595E-01             0.312E+00
             0.637E-01             0.355E+00
             0.678E-01             0.400E+00
             0.719E-01             0.446E+00
             0.760E-01             0.494E+00
             0.801E-01             0.544E+00
             0.842E-01             0.595E+00
             0.883E-01             0.647E+00
             0.924E-01             0.700E+00
             0.965E-01             0.753E+00
             0.101E+00             0.807E+00
             0.105E+00             0.862E+00
             0.109E+00             0.916E+00
             0.113E+00             0.970E+00
             0.117E+00             0.102E+01
             0.121E+00             0.108E+01
             0.125E+00             0.113E+01
             0.129E+00             0.118E+01
             0.133E+00             0.123E+01
             0.138E+00             0.128E+01
             0.142E+00             0.133E+01
             0.146E+00             0.138E+01
             0.150E+00             0.142E+01
             0.154E+00             0.147E+01
             0.158E+00             0.151E+01
             0.162E+00             0.155E+01
             0.166E+00             0.159E+01
             0.170E+00             0.162E+01
             0.175E+00             0.166E+01
             0.179E+00             0.169E+01
             0.183E+00             0.172E+01
             0.187E+00             0.174E+01
             0.191E+00             0.176E+01
             0.195E+00             0.178E+01
             0.199E+00             0.180E+01
             0.203E+00             0.182E+01
             0.207E+00             0.183E+01
             0.211E+00             0.184E+01
             0.216E+00             0.185E+01
             0.220E+00             0.185E+01
             0.224E+00             0.186E+01
             0.228E+00             0.186E+01
             0.232E+00             0.185E+01
             0.236E+00             0.185E+01
             0.240E+00             0.184E+01
             0.244E+00             0.183E+01
             0.248E+00             0.182E+01
             0.253E+00             0.181E+01
             0.257E+00             0.179E+01
             0.261E+00             0.177E+01
             0.265E+00             0.175E+01
             0.269E+00             0.173E+01
             0.273E+00             0.171E+01
             0.277E+00             0.168E+01
             0.281E+00             0.165E+01
             0.285E+00             0.163E+01
             0.290E+00             0.160E+01
             0.294E+00             0.157E+01
             0.298E+00             0.154E+01
             0.302E+00             0.150E+01
             0.306E+00             0.147E+01
             0.310E+00             0.144E+01
             0.314E+00             0.140E+01
             0.318E+00             0.137E+01
             0.322E+00             0.133E+01
             0.326E+00             0.129E+01
             0.331E+00             0.126E+01
             0.335E+00             0.122E+01
             0.339E+00             0.118E+01
             0.343E+00             0.115E+01
             0.347E+00             0.111E+01
             0.351E+00             0.107E+01
             0.355E+00             0.104E+01
             0.359E+00             0.100E+01
             0.363E+00             0.967E+00
             0.368E+00             0.932E+00
             0.372E+00             0.897E+00
             0.376E+00             0.863E+00
             0.380E+00             0.829E+00
             0.384E+00             0.796E+00
             0.388E+00             0.763E+00
             0.392E+00             0.732E+00
             0.396E+00             0.701E+00
             0.400E+00             0.670E+00
             0.405E+00             0.640E+00
             0.409E+00             0.612E+00
             0.413E+00             0.583E+00
             0.417E+00             0.556E+00
             0.421E+00             0.530E+00
             0.425E+00             0.504E+00
             0.429E+00             0.479E+00
             0.433E+00             0.455E+00
             0.437E+00             0.432E+00
             0.441E+00             0.410E+00
             0.446E+00             0.388E+00
             0.450E+00             0.368E+00
             0.454E+00             0.348E+00
             0.458E+00             0.329E+00
             0.462E+00             0.310E+00
             0.466E+00             0.293E+00
             0.470E+00             0.276E+00
             0.474E+00             0.260E+00
             0.478E+00             0.245E+00
             0.483E+00             0.230E+00
             0.487E+00             0.216E+00
             0.491E+00             0.203E+00
             0.495E+00             0.190E+00
             0.499E+00             0.179E+00
             0.503E+00             0.167E+00
             0.507E+00             0.156E+00
             0.511E+00             0.146E+00
             0.515E+00             0.137E+00
             0.520E+00             0.128E+00
             0.524E+00             0.119E+00
             0.528E+00             0.111E+00
             0.532E+00             0.103E+00
             0.536E+00             0.962E-01
             0.540E+00             0.894E-01
             0.544E+00             0.831E-01
             0.548E+00             0.771E-01
             0.552E+00             0.716E-01
             0.556E+00             0.663E-01
             0.561E+00             0.614E-01
             0.565E+00             0.569E-01
             0.569E+00             0.526E-01
             0.573E+00             0.486E-01
             0.577E+00             0.449E-01
             0.581E+00             0.414E-01
             0.585E+00             0.382E-01
             0.589E+00             0.352E-01
             0.593E+00             0.324E-01
             0.598E+00             0.298E-01
             0.602E+00             0.273E-01
             0.606E+00             0.251E-01
             0.610E+00             0.230E-01
             0.614E+00             0.211E-01
             0.618E+00             0.194E-01
             0.622E+00             0.177E-01
             0.626E+00             0.162E-01
             0.630E+00             0.148E-01
             0.634E+00             0.135E-01
             0.639E+00             0.124E-01
             0.643E+00             0.113E-01
             0.647E+00             0.103E-01
             0.651E+00             0.936E-02
             0.655E+00             0.852E-02
             0.659E+00             0.774E-02
             0.663E+00             0.704E-02
             0.667E+00             0.639E-02
             0.671E+00             0.580E-02
             0.676E+00             0.525E-02
             0.680E+00             0.476E-02
             0.684E+00             0.431E-02
             0.688E+00             0.390E-02
             0.692E+00             0.352E-02
             0.696E+00             0.318E-02
             0.700E+00             0.287E-02
             0.704E+00             0.259E-02
             0.708E+00             0.233E-02
             0.713E+00             0.210E-02
             0.717E+00             0.189E-02
             0.721E+00             0.170E-02
             0.725E+00             0.153E-02
             0.729E+00             0.137E-02
             0.733E+00             0.123E-02
             0.737E+00             0.110E-02
             0.741E+00             0.989E-03
             0.745E+00             0.885E-03
             0.749E+00             0.792E-03
             0.754E+00             0.708E-03
             0.758E+00             0.632E-03
             0.762E+00             0.564E-03
             0.766E+00             0.503E-03
             0.770E+00             0.449E-03
             0.774E+00             0.400E-03
             0.778E+00             0.356E-03
             0.782E+00             0.316E-03
             0.786E+00             0.281E-03
             0.791E+00             0.250E-03
             0.795E+00             0.221E-03
             0.799E+00             0.196E-03
             0.803E+00             0.174E-03
             0.807E+00             0.154E-03
             0.811E+00             0.136E-03
             0.815E+00             0.121E-03
             0.819E+00             0.107E-03
             0.823E+00             0.940E-04
             0.828E+00             0.830E-04
             0.832E+00             0.732E-04
             0.836E+00             0.644E-04
             0.840E+00             0.567E-04
             0.844E+00             0.499E-04
             0.848E+00             0.439E-04
             0.852E+00             0.385E-04
             0.856E+00             0.338E-04
             0.860E+00             0.297E-04
             0.864E+00             0.260E-04
             0.869E+00             0.228E-04
             0.873E+00             0.199E-04
             0.877E+00             0.174E-04
             0.881E+00             0.152E-04
             0.885E+00             0.133E-04
             0.889E+00             0.116E-04
             0.893E+00             0.101E-04
             0.897E+00             0.883E-05
             0.901E+00             0.769E-05
             0.906E+00             0.669E-05
             0.910E+00             0.582E-05
             0.914E+00             0.506E-05
             0.918E+00             0.439E-05
             0.922E+00             0.381E-05
             0.926E+00             0.331E-05
             0.930E+00             0.287E-05
             0.934E+00             0.248E-05
             0.938E+00             0.215E-05
             0.943E+00             0.186E-05
             0.947E+00             0.160E-05
             0.951E+00             0.138E-05
             0.955E+00             0.120E-05
             0.959E+00             0.103E-05
             0.963E+00             0.888E-06
             0.967E+00             0.764E-06
             0.971E+00             0.658E-06
             0.975E+00             0.565E-06
             0.979E+00             0.486E-06
             0.984E+00             0.417E-06
             0.988E+00             0.358E-06
             0.992E+00             0.307E-06
             0.996E+00             0.263E-06
             0.100E+01             0.225E-06
             0.100E+01             0.193E-06
             0.101E+01             0.165E-06
             0.101E+01             0.141E-06
             0.102E+01             0.120E-06
             0.102E+01             0.102E-06
             0.102E+01             0.873E-07
             0.103E+01             0.744E-07
             0.103E+01             0.633E-07
             0.104E+01             0.539E-07
             0.104E+01             0.458E-07
             0.105E+01             0.389E-07
             0.105E+01             0.330E-07
             0.105E+01             0.280E-07
             0.106E+01             0.238E-07
             0.106E+01             0.201E-07
             0.107E+01             0.170E-07
             0.107E+01             0.144E-07
             0.107E+01             0.122E-07
             0.108E+01             0.103E-07
             0.108E+01             0.869E-08
             0.109E+01             0.733E-08
             0.109E+01             0.618E-08
             0.109E+01             0.520E-08
             0.110E+01             0.438E-08
             0.110E+01             0.368E-08
             0.111E+01             0.310E-08
             0.111E+01             0.260E-08
             0.111E+01             0.218E-08
             0.112E+01             0.183E-08
             0.112E+01             0.154E-08
             0.113E+01             0.129E-08
             0.113E+01             0.108E-08
             0.114E+01             0.900E-09
             0.114E+01             0.753E-09
             0.114E+01             0.629E-09
             0.115E+01             0.525E-09
             0.115E+01             0.438E-09
             0.116E+01             0.365E-09
             0.116E+01             0.304E-09
             0.116E+01             0.253E-09
             0.117E+01             0.210E-09
             0.117E+01             0.175E-09
             0.118E+01             0.145E-09
             0.118E+01             0.121E-09
             0.118E+01             0.100E-09
             0.119E+01             0.829E-10
             0.119E+01             0.687E-10
             0.120E+01             0.569E-10
             0.120E+01             0.470E-10
             0.121E+01             0.389E-10
             0.121E+01             0.321E-10
             0.121E+01             0.265E-10
             0.122E+01             0.219E-10
             0.122E+01             0.180E-10
             0.123E+01             0.148E-10
             0.123E+01             0.122E-10
             0.123E+01             0.101E-10
             0.124E+01             0.827E-11
             0.124E+01             0.679E-11
             0.125E+01             0.557E-11
             0.125E+01             0.457E-11
             0.125E+01             0.375E-11
             0.126E+01             0.307E-11
             0.126E+01             0.251E-11
             0.127E+01             0.206E-11
             0.127E+01             0.168E-11
             0.128E+01             0.137E-11
             0.128E+01             0.112E-11
             0.128E+01             0.914E-12
             0.129E+01             0.745E-12
             0.129E+01             0.607E-12
             0.130E+01             0.494E-12
             0.130E+01             0.402E-12
             0.130E+01             0.327E-12
             0.131E+01             0.265E-12
             0.131E+01             0.215E-12
             0.132E+01             0.175E-12
             0.132E+01             0.142E-12
             0.132E+01             0.115E-12
             0.133E+01             0.929E-13
             0.133E+01             0.752E-13
             0.134E+01             0.608E-13
             0.134E+01             0.491E-13
             0.134E+01             0.396E-13
             0.135E+01             0.320E-13
             0.135E+01             0.258E-13
             0.136E+01             0.208E-13
             0.136E+01             0.167E-13
             0.137E+01             0.135E-13
             0.137E+01             0.108E-13
             0.137E+01             0.869E-14
             0.138E+01             0.698E-14
             0.138E+01             0.560E-14
             0.139E+01             0.449E-14
             0.139E+01             0.360E-14
             0.139E+01             0.288E-14
             0.140E+01             0.230E-14
             0.140E+01             0.184E-14
             0.141E+01             0.147E-14
             0.141E+01             0.117E-14
             0.141E+01             0.937E-15
             0.142E+01             0.747E-15
             0.142E+01             0.595E-15
             0.143E+01             0.474E-15
             0.143E+01             0.377E-15
             0.144E+01             0.300E-15
             0.144E+01             0.238E-15
             0.144E+01             0.189E-15
             0.145E+01             0.150E-15
             0.145E+01             0.119E-15
             0.146E+01             0.943E-16
             0.146E+01             0.747E-16
             0.146E+01             0.591E-16
             0.147E+01             0.467E-16
             0.147E+01             0.369E-16
             0.148E+01             0.292E-16
             0.148E+01             0.230E-16
             0.148E+01             0.181E-16
             0.149E+01             0.143E-16
             0.149E+01             0.113E-16
             0.150E+01             0.886E-17
             0.150E+01             0.697E-17
             0.151E+01             0.548E-17
             0.151E+01             0.430E-17
             0.151E+01             0.338E-17
             0.152E+01             0.265E-17
             0.152E+01             0.207E-17
             0.153E+01             0.162E-17
             0.153E+01             0.127E-17
             0.153E+01             0.995E-18
             0.154E+01             0.777E-18
             0.154E+01             0.607E-18
             0.155E+01             0.474E-18
             0.155E+01             0.370E-18
             0.155E+01             0.288E-18
             0.156E+01             0.224E-18
             0.156E+01             0.175E-18
             0.157E+01             0.136E-18
             0.157E+01             0.106E-18
             0.157E+01             0.820E-19
             0.158E+01             0.636E-19
             0.158E+01             0.494E-19
             0.159E+01             0.383E-19
             0.159E+01             0.296E-19
             0.160E+01             0.229E-19
             0.160E+01             0.177E-19
             0.160E+01             0.137E-19
             0.161E+01             0.106E-19
             0.161E+01             0.818E-20
             0.162E+01             0.631E-20
             0.162E+01             0.486E-20
             0.162E+01             0.375E-20
             0.163E+01             0.289E-20
             0.163E+01             0.222E-20
             0.164E+01             0.171E-20
             0.164E+01             0.131E-20
             0.164E+01             0.101E-20
             0.165E+01             0.772E-21
             0.165E+01             0.592E-21
             0.166E+01             0.454E-21
             0.166E+01             0.347E-21
             0.167E+01             0.266E-21
             0.167E+01             0.203E-21
             0.167E+01             0.155E-21
             0.168E+01             0.119E-21
             0.168E+01             0.905E-22
             0.169E+01             0.691E-22
             0.169E+01             0.526E-22
             0.169E+01             0.400E-22
             0.170E+01             0.304E-22
             0.170E+01             0.231E-22
             0.171E+01             0.176E-22
             0.171E+01             0.133E-22
             0.171E+01             0.101E-22
             0.172E+01             0.767E-23
             0.172E+01             0.581E-23
             0.173E+01             0.441E-23
             0.173E+01             0.332E-23
             0.174E+01             0.252E-23
             0.174E+01             0.190E-23
             0.174E+01             0.145E-23
             0.175E+01             0.109E-23
             0.175E+01             0.820E-24
             0.176E+01             0.612E-24
             0.176E+01             0.461E-24
             0.176E+01             0.345E-24
             0.177E+01             0.267E-24
             0.177E+01             0.200E-24
             0.178E+01             0.153E-24
             0.178E+01             0.109E-24
             0.178E+01             0.850E-25
             0.179E+01             0.642E-25
             0.179E+01             0.478E-25
             0.180E+01             0.347E-25
             0.180E+01             0.257E-25
             0.180E+01             0.197E-25
             0.181E+01             0.136E-25
             0.181E+01             0.947E-26
             0.182E+01             0.818E-26
             0.182E+01             0.578E-26
             0.183E+01             0.471E-26
             0.183E+01             0.378E-26
             0.183E+01             0.238E-26
             0.184E+01             0.189E-26
             0.184E+01             0.144E-26
             0.185E+01             0.925E-27
             0.185E+01             0.709E-27
             0.185E+01             0.745E-27
             0.186E+01             0.574E-27
             0.186E+01             0.335E-27
             0.187E+01             0.189E-27
             0.187E+01             0.196E-27
             0.187E+01             0.273E-27
             0.188E+01             0.521E-28
             0.188E+01             0.442E-28
             0.189E+01             0.679E-29
             0.189E+01             0.671E-30
             0.190E+01             0.206E-29
             0.190E+01             0.579E-29
             0.190E+01             0.136E-28
             0.191E+01             0.156E-29
             0.191E+01             0.286E-30
             0.192E+01             0.156E-28
             0.192E+01             0.466E-29
             0.192E+01             0.245E-30
             0.193E+01             0.605E-29
             0.193E+01             0.777E-29
             0.194E+01             0.159E-28
             0.194E+01             0.582E-29
             0.194E+01             0.178E-29
             0.195E+01             0.577E-28
             0.195E+01             0.509E-29
             0.196E+01             0.556E-29
             0.196E+01             0.681E-28
             0.197E+01             0.746E-29
             0.197E+01             0.943E-29
             0.197E+01             0.609E-32
             0.198E+01             0.462E-30
             0.198E+01             0.113E-30
             0.199E+01             0.159E-29
             0.199E+01             0.752E-30
             0.199E+01             0.550E-29
             0.200E+01             0.807E-32
             0.200E+01             0.182E-28
             0.201E+01             0.222E-29
             0.201E+01             0.930E-36
             0.201E+01             0.260E-28
             0.202E+01             0.540E-29
             0.202E+01             0.200E-29
             0.203E+01             0.334E-29
             0.203E+01             0.157E-28
             0.203E+01             0.267E-29
             0.204E+01             0.156E-29
             0.204E+01             0.255E-30
             0.205E+01             0.227E-28
             0.205E+01             0.120E-28
             0.206E+01             0.273E-28
             0.206E+01             0.106E-28
             0.206E+01             0.307E-29
             0.207E+01             0.181E-29
             0.207E+01             0.999E-29
             0.208E+01             0.400E-29
             0.208E+01             0.609E-30
             0.208E+01             0.471E-31
             0.209E+01             0.115E-29
             0.209E+01             0.455E-28
             0.210E+01             0.373E-28
             0.210E+01             0.137E-29
             0.210E+01             0.216E-30
             0.211E+01             0.203E-32
             0.211E+01             0.816E-29
             0.212E+01             0.875E-29
             0.212E+01             0.105E-28
             0.213E+01             0.568E-31
             0.213E+01             0.198E-30
             0.213E+01             0.124E-28
             0.214E+01             0.682E-28
             0.214E+01             0.239E-28
             0.215E+01             0.363E-28
             0.215E+01             0.171E-28
             0.215E+01             0.759E-29
             0.216E+01             0.989E-31
             0.216E+01             0.423E-28
             0.217E+01             0.290E-28
             0.217E+01             0.984E-29
             0.217E+01             0.357E-29
             0.218E+01             0.144E-28
             0.218E+01             0.242E-29
             0.219E+01             0.790E-30
             0.219E+01             0.961E-29
             0.220E+01             0.275E-30
             0.220E+01             0.827E-29
             0.220E+01             0.850E-30
             0.221E+01             0.236E-28
             0.221E+01             0.908E-29
             0.222E+01             0.103E-28
             0.222E+01             0.707E-29
             0.222E+01             0.599E-28
             0.223E+01             0.214E-29
             0.223E+01             0.585E-29
             0.224E+01             0.177E-30
             0.224E+01             0.313E-30
             0.224E+01             0.213E-28
             0.225E+01             0.557E-29
             0.225E+01             0.543E-29
             0.226E+01             0.813E-30
             0.226E+01             0.202E-28
             0.226E+01             0.129E-29
             0.227E+01             0.126E-29
             0.227E+01             0.798E-29
             0.228E+01             0.451E-30
             0.228E+01             0.860E-32
             0.229E+01             0.458E-29
             0.229E+01             0.913E-34
             0.229E+01             0.516E-28
             0.230E+01             0.672E-30
             0.230E+01             0.909E-30
             0.231E+01             0.282E-29
             0.231E+01             0.449E-29
             0.231E+01             0.916E-29
             0.232E+01             0.347E-29
             0.232E+01             0.159E-29
             0.233E+01             0.368E-30
             0.233E+01             0.310E-29
             0.233E+01             0.562E-29
             0.234E+01             0.811E-30
             0.234E+01             0.109E-28
             0.235E+01             0.697E-29
             0.235E+01             0.129E-28
             0.236E+01             0.311E-31
             0.236E+01             0.131E-28
             0.236E+01             0.638E-29
             0.237E+01             0.242E-29
             0.237E+01             0.591E-30
             0.238E+01             0.247E-30
             0.238E+01             0.842E-30
             0.238E+01             0.717E-29
             0.239E+01             0.444E-30
             0.239E+01             0.364E-29
             0.240E+01             0.665E-29
             0.240E+01             0.438E-28
             0.240E+01             0.171E-31
             0.241E+01             0.116E-29
             0.241E+01             0.475E-29
             0.242E+01             0.861E-29
             0.242E+01             0.135E-29
             0.243E+01             0.403E-30
             0.243E+01             0.144E-31
             0.243E+01             0.318E-28
             0.244E+01             0.107E-28
             0.244E+01             0.740E-30
             0.245E+01             0.175E-28
             0.245E+01             0.120E-28
             0.245E+01             0.188E-28
             0.246E+01             0.463E-30
             0.246E+01             0.374E-28
             0.247E+01             0.551E-29
             0.247E+01             0.116E-28
             0.247E+01             0.258E-29
             0.248E+01             0.445E-29
             0.248E+01             0.136E-28
             0.249E+01             0.305E-29
             0.249E+01             0.687E-28
             0.249E+01             0.355E-29
             0.250E+01             0.118E-28
             0.250E+01             0.267E-28
             0.251E+01             0.164E-29
             0.251E+01             0.145E-28
             0.252E+01             0.105E-28
             0.252E+01             0.331E-31
             0.252E+01             0.125E-30
             0.253E+01             0.569E-31
             0.253E+01             0.209E-29
             0.254E+01             0.122E-28
             0.254E+01             0.143E-28
             0.254E+01             0.164E-29
             0.255E+01             0.141E-28
             0.255E+01             0.155E-28
             0.256E+01             0.115E-30
             0.256E+01             0.565E-29
             0.256E+01             0.178E-30
             0.257E+01             0.187E-28
             0.257E+01             0.217E-28
             0.258E+01             0.304E-29
             0.258E+01             0.105E-29
             0.259E+01             0.780E-29
             0.259E+01             0.151E-28
             0.259E+01             0.286E-29
             0.260E+01             0.607E-30
             0.260E+01             0.389E-32
             0.261E+01             0.389E-29
             0.261E+01             0.451E-30
             0.261E+01             0.777E-30
             0.262E+01             0.344E-30
             0.262E+01             0.196E-28
             0.263E+01             0.865E-31
             0.263E+01             0.381E-29
             0.263E+01             0.113E-28
             0.264E+01             0.752E-31
             0.264E+01             0.487E-29
             0.265E+01             0.654E-28
             0.265E+01             0.790E-29
             0.266E+01             0.188E-30
             0.266E+01             0.257E-29
             0.266E+01             0.228E-29
             0.267E+01             0.378E-30
             0.267E+01             0.357E-29
             0.268E+01             0.172E-28
             0.268E+01             0.296E-29
             0.268E+01             0.120E-29
             0.269E+01             0.492E-29
             0.269E+01             0.408E-29
             0.270E+01             0.343E-29
             0.270E+01             0.710E-30
             0.270E+01             0.139E-30
             0.271E+01             0.938E-29
             0.271E+01             0.138E-30
             0.272E+01             0.746E-29
             0.272E+01             0.489E-30
             0.272E+01             0.490E-29
             0.273E+01             0.820E-29
             0.273E+01             0.121E-29
             0.274E+01             0.522E-30
             0.274E+01             0.795E-30
             0.275E+01             0.665E-30
             0.275E+01             0.124E-28
             0.275E+01             0.137E-31
             0.276E+01             0.679E-29
             0.276E+01             0.285E-28
             0.277E+01             0.149E-28
             0.277E+01             0.327E-29
             0.277E+01             0.160E-29
             0.278E+01             0.149E-30
             0.278E+01             0.629E-29
             0.279E+01             0.419E-29
             0.279E+01             0.156E-29
             0.279E+01             0.287E-29
             0.280E+01             0.196E-29
             0.280E+01             0.325E-28
             0.281E+01             0.381E-29
             0.281E+01             0.168E-29
             0.282E+01             0.283E-29
             0.282E+01             0.471E-29
             0.282E+01             0.766E-29
             0.283E+01             0.865E-29
             0.283E+01             0.428E-29
             0.284E+01             0.142E-28
             0.284E+01             0.202E-29
             0.284E+01             0.942E-30
             0.285E+01             0.185E-32
             0.285E+01             0.464E-28
             0.286E+01             0.153E-29
             0.286E+01             0.140E-31
             0.286E+01             0.409E-31
             0.287E+01             0.167E-29
             0.287E+01             0.341E-29
             0.288E+01             0.331E-33
             0.288E+01             0.208E-29
             0.289E+01             0.108E-30
             0.289E+01             0.222E-29
             0.289E+01             0.691E-29
             0.290E+01             0.173E-30
             0.290E+01             0.156E-29
             0.291E+01             0.456E-30
             0.291E+01             0.596E-29
             0.291E+01             0.399E-30
             0.292E+01             0.849E-29
             0.292E+01             0.972E-30
             0.293E+01             0.158E-29
             0.293E+01             0.125E-28
             0.293E+01             0.800E-30
             0.294E+01             0.137E-28
             0.294E+01             0.292E-30
             0.295E+01             0.350E-29
             0.295E+01             0.138E-29
             0.295E+01             0.250E-29
             0.296E+01             0.709E-30
             0.296E+01             0.194E-29
             0.297E+01             0.521E-29
             0.297E+01             0.420E-29
             0.298E+01             0.368E-30
             0.298E+01             0.743E-30
             0.298E+01             0.384E-30
             0.299E+01             0.467E-28
             0.299E+01             0.245E-29
             0.300E+01             0.520E-29
             0.300E+01             0.964E-29
