            -0.499E+01             0.514E-60
            -0.498E+01             0.184E-62
            -0.498E+01             0.444E-60
            -0.497E+01             0.362E-62
            -0.496E+01             0.118E-61
            -0.495E+01             0.282E-60
            -0.495E+01             0.165E-60
            -0.494E+01             0.530E-61
            -0.493E+01             0.499E-60
            -0.492E+01             0.180E-62
            -0.492E+01             0.227E-60
            -0.491E+01             0.408E-60
            -0.490E+01             0.348E-60
            -0.489E+01             0.172E-61
            -0.489E+01             0.730E-62
            -0.488E+01             0.350E-61
            -0.487E+01             0.392E-63
            -0.486E+01             0.230E-62
            -0.486E+01             0.397E-61
            -0.485E+01             0.901E-61
            -0.484E+01             0.627E-61
            -0.483E+01             0.130E-60
            -0.483E+01             0.593E-60
            -0.482E+01             0.277E-61
            -0.481E+01             0.244E-63
            -0.480E+01             0.130E-60
            -0.480E+01             0.155E-61
            -0.479E+01             0.177E-62
            -0.478E+01             0.212E-60
            -0.477E+01             0.435E-61
            -0.477E+01             0.204E-60
            -0.476E+01             0.332E-60
            -0.475E+01             0.685E-60
            -0.474E+01             0.928E-60
            -0.474E+01             0.439E-61
            -0.473E+01             0.133E-60
            -0.472E+01             0.137E-60
            -0.471E+01             0.438E-61
            -0.470E+01             0.665E-65
            -0.470E+01             0.480E-61
            -0.469E+01             0.138E-62
            -0.468E+01             0.690E-62
            -0.467E+01             0.118E-62
            -0.467E+01             0.141E-60
            -0.466E+01             0.140E-60
            -0.465E+01             0.199E-61
            -0.464E+01             0.803E-62
            -0.464E+01             0.247E-64
            -0.463E+01             0.186E-60
            -0.462E+01             0.124E-60
            -0.461E+01             0.279E-60
            -0.461E+01             0.627E-64
            -0.460E+01             0.434E-61
            -0.459E+01             0.111E-61
            -0.458E+01             0.362E-60
            -0.458E+01             0.311E-60
            -0.457E+01             0.477E-61
            -0.456E+01             0.119E-60
            -0.455E+01             0.189E-60
            -0.455E+01             0.112E-61
            -0.454E+01             0.207E-61
            -0.453E+01             0.157E-60
            -0.452E+01             0.320E-61
            -0.452E+01             0.160E-60
            -0.451E+01             0.809E-61
            -0.450E+01             0.688E-62
            -0.449E+01             0.321E-60
            -0.449E+01             0.527E-61
            -0.448E+01             0.722E-60
            -0.447E+01             0.153E-60
            -0.446E+01             0.126E-59
            -0.445E+01             0.141E-59
            -0.445E+01             0.609E-60
            -0.444E+01             0.216E-60
            -0.443E+01             0.303E-60
            -0.442E+01             0.307E-61
            -0.442E+01             0.186E-60
            -0.441E+01             0.545E-60
            -0.440E+01             0.154E-60
            -0.439E+01             0.807E-60
            -0.439E+01             0.156E-61
            -0.438E+01             0.195E-61
            -0.437E+01             0.160E-60
            -0.436E+01             0.526E-62
            -0.436E+01             0.118E-60
            -0.435E+01             0.233E-62
            -0.434E+01             0.537E-62
            -0.433E+01             0.936E-62
            -0.433E+01             0.909E-61
            -0.432E+01             0.126E-60
            -0.431E+01             0.374E-61
            -0.430E+01             0.198E-60
            -0.430E+01             0.160E-61
            -0.429E+01             0.136E-59
            -0.428E+01             0.376E-60
            -0.427E+01             0.108E-60
            -0.427E+01             0.144E-62
            -0.426E+01             0.218E-61
            -0.425E+01             0.125E-62
            -0.424E+01             0.173E-61
            -0.424E+01             0.129E-61
            -0.423E+01             0.259E-60
            -0.422E+01             0.533E-61
            -0.421E+01             0.612E-61
            -0.421E+01             0.926E-61
            -0.420E+01             0.422E-61
            -0.419E+01             0.545E-61
            -0.418E+01             0.131E-60
            -0.417E+01             0.545E-60
            -0.417E+01             0.553E-60
            -0.416E+01             0.791E-61
            -0.415E+01             0.771E-60
            -0.414E+01             0.438E-60
            -0.414E+01             0.785E-60
            -0.413E+01             0.503E-60
            -0.412E+01             0.672E-60
            -0.411E+01             0.125E-61
            -0.411E+01             0.345E-60
            -0.410E+01             0.216E-60
            -0.409E+01             0.994E-65
            -0.408E+01             0.175E-60
            -0.408E+01             0.142E-60
            -0.407E+01             0.117E-61
            -0.406E+01             0.190E-64
            -0.405E+01             0.849E-60
            -0.405E+01             0.160E-60
            -0.404E+01             0.356E-60
            -0.403E+01             0.558E-61
            -0.402E+01             0.102E-59
            -0.402E+01             0.719E-60
            -0.401E+01             0.426E-64
            -0.400E+01             0.104E-60
            -0.399E+01             0.102E-60
            -0.399E+01             0.552E-62
            -0.398E+01             0.917E-60
            -0.397E+01             0.420E-63
            -0.396E+01             0.765E-61
            -0.396E+01             0.665E-60
            -0.395E+01             0.938E-60
            -0.394E+01             0.143E-60
            -0.393E+01             0.253E-60
            -0.393E+01             0.458E-64
            -0.392E+01             0.393E-61
            -0.391E+01             0.128E-60
            -0.390E+01             0.213E-61
            -0.389E+01             0.273E-60
            -0.389E+01             0.218E-61
            -0.388E+01             0.146E-60
            -0.387E+01             0.387E-60
            -0.386E+01             0.285E-60
            -0.386E+01             0.200E-61
            -0.385E+01             0.101E-60
            -0.384E+01             0.203E-60
            -0.383E+01             0.248E-60
            -0.383E+01             0.290E-61
            -0.382E+01             0.220E-60
            -0.381E+01             0.255E-60
            -0.380E+01             0.834E-60
            -0.380E+01             0.235E-60
            -0.379E+01             0.573E-60
            -0.378E+01             0.137E-60
            -0.377E+01             0.279E-60
            -0.377E+01             0.657E-62
            -0.376E+01             0.143E-59
            -0.375E+01             0.243E-60
            -0.374E+01             0.362E-60
            -0.374E+01             0.138E-61
            -0.373E+01             0.983E-62
            -0.372E+01             0.214E-62
            -0.371E+01             0.963E-62
            -0.371E+01             0.768E-60
            -0.370E+01             0.734E-61
            -0.369E+01             0.968E-62
            -0.368E+01             0.602E-61
            -0.368E+01             0.743E-61
            -0.367E+01             0.112E-60
            -0.366E+01             0.503E-60
            -0.365E+01             0.936E-62
            -0.364E+01             0.104E-59
            -0.364E+01             0.640E-64
            -0.363E+01             0.529E-63
            -0.362E+01             0.646E-60
            -0.361E+01             0.621E-60
            -0.361E+01             0.477E-60
            -0.360E+01             0.110E-60
            -0.359E+01             0.887E-61
            -0.358E+01             0.183E-60
            -0.358E+01             0.252E-62
            -0.357E+01             0.141E-60
            -0.356E+01             0.149E-61
            -0.355E+01             0.367E-63
            -0.355E+01             0.537E-61
            -0.354E+01             0.234E-60
            -0.353E+01             0.724E-61
            -0.352E+01             0.435E-60
            -0.352E+01             0.116E-59
            -0.351E+01             0.568E-62
            -0.350E+01             0.410E-60
            -0.349E+01             0.127E-60
            -0.349E+01             0.217E-60
            -0.348E+01             0.119E-60
            -0.347E+01             0.429E-60
            -0.346E+01             0.398E-60
            -0.346E+01             0.476E-61
            -0.345E+01             0.810E-62
            -0.344E+01             0.189E-60
            -0.343E+01             0.102E-60
            -0.343E+01             0.781E-61
            -0.342E+01             0.268E-61
            -0.341E+01             0.697E-60
            -0.340E+01             0.107E-60
            -0.340E+01             0.365E-60
            -0.339E+01             0.140E-59
            -0.338E+01             0.212E-60
            -0.337E+01             0.296E-60
            -0.336E+01             0.663E-62
            -0.336E+01             0.249E-61
            -0.335E+01             0.549E-61
            -0.334E+01             0.330E-60
            -0.333E+01             0.997E-61
            -0.333E+01             0.538E-62
            -0.332E+01             0.264E-61
            -0.331E+01             0.325E-64
            -0.330E+01             0.217E-60
            -0.330E+01             0.482E-60
            -0.329E+01             0.110E-61
            -0.328E+01             0.313E-62
            -0.327E+01             0.364E-61
            -0.327E+01             0.193E-60
            -0.326E+01             0.863E-60
            -0.325E+01             0.161E-60
            -0.324E+01             0.155E-65
            -0.324E+01             0.730E-61
            -0.323E+01             0.164E-60
            -0.322E+01             0.131E-60
            -0.321E+01             0.123E-60
            -0.321E+01             0.852E-61
            -0.320E+01             0.828E-60
            -0.319E+01             0.582E-62
            -0.318E+01             0.356E-60
            -0.318E+01             0.307E-60
            -0.317E+01             0.135E-61
            -0.316E+01             0.169E-60
            -0.315E+01             0.221E-62
            -0.315E+01             0.474E-60
            -0.314E+01             0.987E-61
            -0.313E+01             0.997E-61
            -0.312E+01             0.147E-62
            -0.312E+01             0.205E-61
            -0.311E+01             0.154E-60
            -0.310E+01             0.103E-61
            -0.309E+01             0.326E-60
            -0.308E+01             0.102E-60
            -0.308E+01             0.732E-61
            -0.307E+01             0.796E-62
            -0.306E+01             0.955E-64
            -0.305E+01             0.751E-60
            -0.305E+01             0.282E-60
            -0.304E+01             0.298E-60
            -0.303E+01             0.535E-60
            -0.302E+01             0.149E-63
            -0.302E+01             0.109E-61
            -0.301E+01             0.141E-60
            -0.300E+01             0.193E-60
            -0.299E+01             0.750E-61
            -0.299E+01             0.457E-60
            -0.298E+01             0.529E-61
            -0.297E+01             0.968E-63
            -0.296E+01             0.160E-60
            -0.296E+01             0.997E-62
            -0.295E+01             0.438E-60
            -0.294E+01             0.741E-60
            -0.293E+01             0.255E-61
            -0.293E+01             0.412E-64
            -0.292E+01             0.603E-60
            -0.291E+01             0.295E-62
            -0.290E+01             0.647E-60
            -0.290E+01             0.187E-60
            -0.289E+01             0.253E-62
            -0.288E+01             0.912E-62
            -0.287E+01             0.410E-60
            -0.287E+01             0.647E-60
            -0.286E+01             0.297E-61
            -0.285E+01             0.679E-61
            -0.284E+01             0.435E-61
            -0.283E+01             0.925E-61
            -0.283E+01             0.122E-60
            -0.282E+01             0.379E-61
            -0.281E+01             0.154E-61
            -0.280E+01             0.146E-61
            -0.280E+01             0.228E-60
            -0.279E+01             0.944E-61
            -0.278E+01             0.131E-60
            -0.277E+01             0.269E-63
            -0.277E+01             0.376E-60
            -0.276E+01             0.121E-60
            -0.275E+01             0.667E-61
            -0.274E+01             0.823E-60
            -0.274E+01             0.355E-61
            -0.273E+01             0.206E-62
            -0.272E+01             0.152E-60
            -0.271E+01             0.631E-62
            -0.271E+01             0.258E-60
            -0.270E+01             0.107E-61
            -0.269E+01             0.155E-61
            -0.268E+01             0.369E-60
            -0.268E+01             0.478E-60
            -0.267E+01             0.152E-60
            -0.266E+01             0.134E-59
            -0.265E+01             0.548E-62
            -0.265E+01             0.114E-59
            -0.264E+01             0.290E-59
            -0.263E+01             0.166E-59
            -0.262E+01             0.817E-60
            -0.262E+01             0.686E-59
            -0.261E+01             0.239E-58
            -0.260E+01             0.484E-58
            -0.259E+01             0.100E-57
            -0.259E+01             0.232E-57
            -0.258E+01             0.477E-57
            -0.257E+01             0.108E-56
            -0.256E+01             0.235E-56
            -0.255E+01             0.505E-56
            -0.255E+01             0.109E-55
            -0.254E+01             0.234E-55
            -0.253E+01             0.502E-55
            -0.252E+01             0.108E-54
            -0.252E+01             0.230E-54
            -0.251E+01             0.489E-54
            -0.250E+01             0.104E-53
            -0.249E+01             0.222E-53
            -0.249E+01             0.469E-53
            -0.248E+01             0.993E-53
            -0.247E+01             0.209E-52
            -0.246E+01             0.441E-52
            -0.246E+01             0.926E-52
            -0.245E+01             0.194E-51
            -0.244E+01             0.406E-51
            -0.243E+01             0.846E-51
            -0.243E+01             0.176E-50
            -0.242E+01             0.366E-50
            -0.241E+01             0.758E-50
            -0.240E+01             0.157E-49
            -0.240E+01             0.323E-49
            -0.239E+01             0.665E-49
            -0.238E+01             0.137E-48
            -0.237E+01             0.280E-48
            -0.237E+01             0.572E-48
            -0.236E+01             0.117E-47
            -0.235E+01             0.237E-47
            -0.234E+01             0.482E-47
            -0.234E+01             0.976E-47
            -0.233E+01             0.197E-46
            -0.232E+01             0.398E-46
            -0.231E+01             0.801E-46
            -0.231E+01             0.161E-45
            -0.230E+01             0.322E-45
            -0.229E+01             0.643E-45
            -0.228E+01             0.128E-44
            -0.227E+01             0.255E-44
            -0.227E+01             0.507E-44
            -0.226E+01             0.100E-43
            -0.225E+01             0.198E-43
            -0.224E+01             0.391E-43
            -0.224E+01             0.769E-43
            -0.223E+01             0.151E-42
            -0.222E+01             0.295E-42
            -0.221E+01             0.577E-42
            -0.221E+01             0.113E-41
            -0.220E+01             0.219E-41
            -0.219E+01             0.425E-41
            -0.218E+01             0.822E-41
            -0.218E+01             0.159E-40
            -0.217E+01             0.306E-40
            -0.216E+01             0.589E-40
            -0.215E+01             0.113E-39
            -0.215E+01             0.216E-39
            -0.214E+01             0.413E-39
            -0.213E+01             0.787E-39
            -0.212E+01             0.150E-38
            -0.212E+01             0.284E-38
            -0.211E+01             0.538E-38
            -0.210E+01             0.102E-37
            -0.209E+01             0.191E-37
            -0.209E+01             0.360E-37
            -0.208E+01             0.675E-37
            -0.207E+01             0.126E-36
            -0.206E+01             0.236E-36
            -0.206E+01             0.439E-36
            -0.205E+01             0.817E-36
            -0.204E+01             0.151E-35
            -0.203E+01             0.280E-35
            -0.202E+01             0.518E-35
            -0.202E+01             0.953E-35
            -0.201E+01             0.175E-34
            -0.200E+01             0.321E-34
            -0.199E+01             0.588E-34
            -0.199E+01             0.107E-33
            -0.198E+01             0.195E-33
            -0.197E+01             0.355E-33
            -0.196E+01             0.644E-33
            -0.196E+01             0.117E-32
            -0.195E+01             0.210E-32
            -0.194E+01             0.379E-32
            -0.193E+01             0.680E-32
            -0.193E+01             0.122E-31
            -0.192E+01             0.218E-31
            -0.191E+01             0.389E-31
            -0.190E+01             0.693E-31
            -0.190E+01             0.123E-30
            -0.189E+01             0.218E-30
            -0.188E+01             0.386E-30
            -0.187E+01             0.681E-30
            -0.187E+01             0.120E-29
            -0.186E+01             0.211E-29
            -0.185E+01             0.369E-29
            -0.184E+01             0.645E-29
            -0.184E+01             0.113E-28
            -0.183E+01             0.196E-28
            -0.182E+01             0.340E-28
            -0.181E+01             0.590E-28
            -0.181E+01             0.102E-27
            -0.180E+01             0.176E-27
            -0.179E+01             0.303E-27
            -0.178E+01             0.519E-27
            -0.178E+01             0.890E-27
            -0.177E+01             0.152E-26
            -0.176E+01             0.259E-26
            -0.175E+01             0.441E-26
            -0.174E+01             0.749E-26
            -0.174E+01             0.127E-25
            -0.173E+01             0.214E-25
            -0.172E+01             0.362E-25
            -0.171E+01             0.608E-25
            -0.171E+01             0.102E-24
            -0.170E+01             0.171E-24
            -0.169E+01             0.286E-24
            -0.168E+01             0.476E-24
            -0.168E+01             0.792E-24
            -0.167E+01             0.131E-23
            -0.166E+01             0.218E-23
            -0.165E+01             0.359E-23
            -0.165E+01             0.592E-23
            -0.164E+01             0.974E-23
            -0.163E+01             0.160E-22
            -0.162E+01             0.262E-22
            -0.162E+01             0.427E-22
            -0.161E+01             0.696E-22
            -0.160E+01             0.113E-21
            -0.159E+01             0.184E-21
            -0.159E+01             0.297E-21
            -0.158E+01             0.480E-21
            -0.157E+01             0.773E-21
            -0.156E+01             0.124E-20
            -0.156E+01             0.199E-20
            -0.155E+01             0.319E-20
            -0.154E+01             0.509E-20
            -0.153E+01             0.811E-20
            -0.153E+01             0.129E-19
            -0.152E+01             0.204E-19
            -0.151E+01             0.323E-19
            -0.150E+01             0.510E-19
            -0.150E+01             0.804E-19
            -0.149E+01             0.126E-18
            -0.148E+01             0.198E-18
            -0.147E+01             0.310E-18
            -0.146E+01             0.483E-18
            -0.146E+01             0.752E-18
            -0.145E+01             0.117E-17
            -0.144E+01             0.181E-17
            -0.143E+01             0.280E-17
            -0.143E+01             0.432E-17
            -0.142E+01             0.665E-17
            -0.141E+01             0.102E-16
            -0.140E+01             0.156E-16
            -0.140E+01             0.239E-16
            -0.139E+01             0.365E-16
            -0.138E+01             0.555E-16
            -0.137E+01             0.843E-16
            -0.137E+01             0.128E-15
            -0.136E+01             0.193E-15
            -0.135E+01             0.291E-15
            -0.134E+01             0.438E-15
            -0.134E+01             0.658E-15
            -0.133E+01             0.985E-15
            -0.132E+01             0.147E-14
            -0.131E+01             0.219E-14
            -0.131E+01             0.327E-14
            -0.130E+01             0.485E-14
            -0.129E+01             0.718E-14
            -0.128E+01             0.106E-13
            -0.128E+01             0.156E-13
            -0.127E+01             0.230E-13
            -0.126E+01             0.337E-13
            -0.125E+01             0.494E-13
            -0.125E+01             0.721E-13
            -0.124E+01             0.105E-12
            -0.123E+01             0.153E-12
            -0.122E+01             0.222E-12
            -0.121E+01             0.321E-12
            -0.121E+01             0.463E-12
            -0.120E+01             0.667E-12
            -0.119E+01             0.959E-12
            -0.118E+01             0.138E-11
            -0.118E+01             0.197E-11
            -0.117E+01             0.281E-11
            -0.116E+01             0.400E-11
            -0.115E+01             0.569E-11
            -0.115E+01             0.807E-11
            -0.114E+01             0.114E-10
            -0.113E+01             0.161E-10
            -0.112E+01             0.227E-10
            -0.112E+01             0.319E-10
            -0.111E+01             0.447E-10
            -0.110E+01             0.625E-10
            -0.109E+01             0.872E-10
            -0.109E+01             0.121E-09
            -0.108E+01             0.169E-09
            -0.107E+01             0.234E-09
            -0.106E+01             0.323E-09
            -0.106E+01             0.446E-09
            -0.105E+01             0.614E-09
            -0.104E+01             0.843E-09
            -0.103E+01             0.115E-08
            -0.103E+01             0.158E-08
            -0.102E+01             0.215E-08
            -0.101E+01             0.293E-08
            -0.100E+01             0.398E-08
            -0.995E+00             0.539E-08
            -0.988E+00             0.728E-08
            -0.980E+00             0.982E-08
            -0.973E+00             0.132E-07
            -0.965E+00             0.177E-07
            -0.958E+00             0.237E-07
            -0.950E+00             0.317E-07
            -0.942E+00             0.423E-07
            -0.935E+00             0.563E-07
            -0.927E+00             0.747E-07
            -0.920E+00             0.988E-07
            -0.912E+00             0.131E-06
            -0.905E+00             0.172E-06
            -0.897E+00             0.226E-06
            -0.889E+00             0.297E-06
            -0.882E+00             0.389E-06
            -0.874E+00             0.507E-06
            -0.867E+00             0.661E-06
            -0.859E+00             0.859E-06
            -0.852E+00             0.111E-05
            -0.844E+00             0.144E-05
            -0.836E+00             0.186E-05
            -0.829E+00             0.240E-05
            -0.821E+00             0.308E-05
            -0.814E+00             0.395E-05
            -0.806E+00             0.506E-05
            -0.799E+00             0.645E-05
            -0.791E+00             0.822E-05
            -0.783E+00             0.104E-04
            -0.776E+00             0.132E-04
            -0.768E+00             0.167E-04
            -0.761E+00             0.211E-04
            -0.753E+00             0.266E-04
            -0.746E+00             0.334E-04
            -0.738E+00             0.419E-04
            -0.731E+00             0.523E-04
            -0.723E+00             0.653E-04
            -0.715E+00             0.813E-04
            -0.708E+00             0.101E-03
            -0.700E+00             0.125E-03
            -0.693E+00             0.155E-03
            -0.685E+00             0.191E-03
            -0.678E+00             0.235E-03
            -0.670E+00             0.288E-03
            -0.662E+00             0.353E-03
            -0.655E+00             0.431E-03
            -0.647E+00             0.526E-03
            -0.640E+00             0.639E-03
            -0.632E+00             0.776E-03
            -0.625E+00             0.940E-03
            -0.617E+00             0.114E-02
            -0.609E+00             0.137E-02
            -0.602E+00             0.165E-02
            -0.594E+00             0.197E-02
            -0.587E+00             0.236E-02
            -0.579E+00             0.282E-02
            -0.572E+00             0.336E-02
            -0.564E+00             0.400E-02
            -0.556E+00             0.474E-02
            -0.549E+00             0.561E-02
            -0.541E+00             0.663E-02
            -0.534E+00             0.781E-02
            -0.526E+00             0.918E-02
            -0.519E+00             0.108E-01
            -0.511E+00             0.126E-01
            -0.503E+00             0.147E-01
            -0.496E+00             0.171E-01
            -0.488E+00             0.199E-01
            -0.481E+00             0.231E-01
            -0.473E+00             0.267E-01
            -0.466E+00             0.308E-01
            -0.458E+00             0.355E-01
            -0.450E+00             0.407E-01
            -0.443E+00             0.467E-01
            -0.435E+00             0.534E-01
            -0.428E+00             0.609E-01
            -0.420E+00             0.693E-01
            -0.413E+00             0.787E-01
            -0.405E+00             0.892E-01
            -0.397E+00             0.101E+00
            -0.390E+00             0.114E+00
            -0.382E+00             0.128E+00
            -0.375E+00             0.144E+00
            -0.367E+00             0.161E+00
            -0.360E+00             0.180E+00
            -0.352E+00             0.201E+00
            -0.344E+00             0.223E+00
            -0.337E+00             0.248E+00
            -0.329E+00             0.274E+00
            -0.322E+00             0.303E+00
            -0.314E+00             0.334E+00
            -0.307E+00             0.367E+00
            -0.299E+00             0.403E+00
            -0.291E+00             0.441E+00
            -0.284E+00             0.482E+00
            -0.276E+00             0.525E+00
            -0.269E+00             0.571E+00
            -0.261E+00             0.620E+00
            -0.254E+00             0.671E+00
            -0.246E+00             0.724E+00
            -0.238E+00             0.780E+00
            -0.231E+00             0.839E+00
            -0.223E+00             0.899E+00
            -0.216E+00             0.962E+00
            -0.208E+00             0.103E+01
            -0.201E+00             0.109E+01
            -0.193E+00             0.116E+01
            -0.185E+00             0.123E+01
            -0.178E+00             0.130E+01
            -0.170E+00             0.138E+01
            -0.163E+00             0.145E+01
            -0.155E+00             0.152E+01
            -0.148E+00             0.160E+01
            -0.140E+00             0.167E+01
            -0.132E+00             0.174E+01
            -0.125E+00             0.181E+01
            -0.117E+00             0.188E+01
            -0.110E+00             0.195E+01
            -0.102E+00             0.202E+01
            -0.946E-01             0.208E+01
            -0.871E-01             0.214E+01
            -0.795E-01             0.220E+01
            -0.719E-01             0.225E+01
            -0.643E-01             0.230E+01
            -0.568E-01             0.234E+01
            -0.492E-01             0.239E+01
            -0.416E-01             0.242E+01
            -0.341E-01             0.245E+01
            -0.265E-01             0.248E+01
            -0.189E-01             0.250E+01
            -0.114E-01             0.251E+01
            -0.379E-02             0.252E+01
             0.379E-02             0.252E+01
             0.114E-01             0.252E+01
             0.189E-01             0.251E+01
             0.265E-01             0.250E+01
             0.341E-01             0.248E+01
             0.416E-01             0.245E+01
             0.492E-01             0.242E+01
             0.568E-01             0.239E+01
             0.643E-01             0.234E+01
             0.719E-01             0.230E+01
             0.795E-01             0.225E+01
             0.871E-01             0.220E+01
             0.946E-01             0.214E+01
             0.102E+00             0.208E+01
             0.110E+00             0.202E+01
             0.117E+00             0.195E+01
             0.125E+00             0.188E+01
             0.132E+00             0.181E+01
             0.140E+00             0.174E+01
             0.148E+00             0.167E+01
             0.155E+00             0.160E+01
             0.163E+00             0.152E+01
             0.170E+00             0.145E+01
             0.178E+00             0.138E+01
             0.185E+00             0.130E+01
             0.193E+00             0.123E+01
             0.201E+00             0.116E+01
             0.208E+00             0.109E+01
             0.216E+00             0.103E+01
             0.223E+00             0.962E+00
             0.231E+00             0.899E+00
             0.238E+00             0.839E+00
             0.246E+00             0.780E+00
             0.254E+00             0.724E+00
             0.261E+00             0.671E+00
             0.269E+00             0.620E+00
             0.276E+00             0.571E+00
             0.284E+00             0.525E+00
             0.291E+00             0.482E+00
             0.299E+00             0.441E+00
             0.307E+00             0.403E+00
             0.314E+00             0.367E+00
             0.322E+00             0.334E+00
             0.329E+00             0.303E+00
             0.337E+00             0.274E+00
             0.344E+00             0.248E+00
             0.352E+00             0.223E+00
             0.360E+00             0.201E+00
             0.367E+00             0.180E+00
             0.375E+00             0.161E+00
             0.382E+00             0.144E+00
             0.390E+00             0.128E+00
             0.397E+00             0.114E+00
             0.405E+00             0.101E+00
             0.413E+00             0.892E-01
             0.420E+00             0.787E-01
             0.428E+00             0.693E-01
             0.435E+00             0.609E-01
             0.443E+00             0.534E-01
             0.450E+00             0.467E-01
             0.458E+00             0.407E-01
             0.466E+00             0.355E-01
             0.473E+00             0.308E-01
             0.481E+00             0.267E-01
             0.488E+00             0.231E-01
             0.496E+00             0.199E-01
             0.503E+00             0.171E-01
             0.511E+00             0.147E-01
             0.519E+00             0.126E-01
             0.526E+00             0.108E-01
             0.534E+00             0.918E-02
             0.541E+00             0.781E-02
             0.549E+00             0.663E-02
             0.556E+00             0.561E-02
             0.564E+00             0.474E-02
             0.572E+00             0.400E-02
             0.579E+00             0.336E-02
             0.587E+00             0.282E-02
             0.594E+00             0.236E-02
             0.602E+00             0.197E-02
             0.609E+00             0.165E-02
             0.617E+00             0.137E-02
             0.625E+00             0.114E-02
             0.632E+00             0.940E-03
             0.640E+00             0.776E-03
             0.647E+00             0.639E-03
             0.655E+00             0.526E-03
             0.662E+00             0.431E-03
             0.670E+00             0.353E-03
             0.678E+00             0.288E-03
             0.685E+00             0.235E-03
             0.693E+00             0.191E-03
             0.700E+00             0.155E-03
             0.708E+00             0.125E-03
             0.715E+00             0.101E-03
             0.723E+00             0.813E-04
             0.731E+00             0.653E-04
             0.738E+00             0.523E-04
             0.746E+00             0.419E-04
             0.753E+00             0.334E-04
             0.761E+00             0.266E-04
             0.768E+00             0.211E-04
             0.776E+00             0.167E-04
             0.783E+00             0.132E-04
             0.791E+00             0.104E-04
             0.799E+00             0.822E-05
             0.806E+00             0.645E-05
             0.814E+00             0.506E-05
             0.821E+00             0.395E-05
             0.829E+00             0.308E-05
             0.836E+00             0.240E-05
             0.844E+00             0.186E-05
             0.852E+00             0.144E-05
             0.859E+00             0.111E-05
             0.867E+00             0.859E-06
             0.874E+00             0.661E-06
             0.882E+00             0.507E-06
             0.889E+00             0.389E-06
             0.897E+00             0.297E-06
             0.905E+00             0.226E-06
             0.912E+00             0.172E-06
             0.920E+00             0.131E-06
             0.927E+00             0.988E-07
             0.935E+00             0.747E-07
             0.942E+00             0.563E-07
             0.950E+00             0.423E-07
             0.958E+00             0.317E-07
             0.965E+00             0.237E-07
             0.973E+00             0.177E-07
             0.980E+00             0.132E-07
             0.988E+00             0.982E-08
             0.995E+00             0.728E-08
             0.100E+01             0.539E-08
             0.101E+01             0.398E-08
             0.102E+01             0.293E-08
             0.103E+01             0.215E-08
             0.103E+01             0.158E-08
             0.104E+01             0.115E-08
             0.105E+01             0.843E-09
             0.106E+01             0.614E-09
             0.106E+01             0.446E-09
             0.107E+01             0.323E-09
             0.108E+01             0.234E-09
             0.109E+01             0.169E-09
             0.109E+01             0.121E-09
             0.110E+01             0.872E-10
             0.111E+01             0.625E-10
             0.112E+01             0.447E-10
             0.112E+01             0.319E-10
             0.113E+01             0.227E-10
             0.114E+01             0.161E-10
             0.115E+01             0.114E-10
             0.115E+01             0.807E-11
             0.116E+01             0.569E-11
             0.117E+01             0.400E-11
             0.118E+01             0.281E-11
             0.118E+01             0.197E-11
             0.119E+01             0.138E-11
             0.120E+01             0.959E-12
             0.121E+01             0.667E-12
             0.121E+01             0.463E-12
             0.122E+01             0.321E-12
             0.123E+01             0.222E-12
             0.124E+01             0.153E-12
             0.125E+01             0.105E-12
             0.125E+01             0.721E-13
             0.126E+01             0.494E-13
             0.127E+01             0.337E-13
             0.128E+01             0.230E-13
             0.128E+01             0.156E-13
             0.129E+01             0.106E-13
             0.130E+01             0.718E-14
             0.131E+01             0.485E-14
             0.131E+01             0.327E-14
             0.132E+01             0.219E-14
             0.133E+01             0.147E-14
             0.134E+01             0.985E-15
             0.134E+01             0.658E-15
             0.135E+01             0.438E-15
             0.136E+01             0.291E-15
             0.137E+01             0.193E-15
             0.137E+01             0.128E-15
             0.138E+01             0.843E-16
             0.139E+01             0.555E-16
             0.140E+01             0.365E-16
             0.140E+01             0.239E-16
             0.141E+01             0.156E-16
             0.142E+01             0.102E-16
             0.143E+01             0.665E-17
             0.143E+01             0.432E-17
             0.144E+01             0.280E-17
             0.145E+01             0.181E-17
             0.146E+01             0.117E-17
             0.146E+01             0.752E-18
             0.147E+01             0.483E-18
             0.148E+01             0.310E-18
             0.149E+01             0.198E-18
             0.150E+01             0.126E-18
             0.150E+01             0.804E-19
             0.151E+01             0.510E-19
             0.152E+01             0.323E-19
             0.153E+01             0.204E-19
             0.153E+01             0.129E-19
             0.154E+01             0.811E-20
             0.155E+01             0.509E-20
             0.156E+01             0.319E-20
             0.156E+01             0.199E-20
             0.157E+01             0.124E-20
             0.158E+01             0.773E-21
             0.159E+01             0.480E-21
             0.159E+01             0.297E-21
             0.160E+01             0.184E-21
             0.161E+01             0.113E-21
             0.162E+01             0.698E-22
             0.162E+01             0.427E-22
             0.163E+01             0.261E-22
             0.164E+01             0.160E-22
             0.165E+01             0.972E-23
             0.165E+01             0.591E-23
             0.166E+01             0.360E-23
             0.167E+01             0.219E-23
             0.168E+01             0.133E-23
             0.168E+01             0.798E-24
             0.169E+01             0.474E-24
             0.170E+01             0.288E-24
             0.171E+01             0.170E-24
             0.171E+01             0.100E-24
             0.172E+01             0.612E-25
             0.173E+01             0.353E-25
             0.174E+01             0.203E-25
             0.174E+01             0.123E-25
             0.175E+01             0.768E-26
             0.176E+01             0.453E-26
             0.177E+01             0.276E-26
             0.178E+01             0.168E-26
             0.178E+01             0.118E-26
             0.179E+01             0.482E-27
             0.180E+01             0.289E-27
             0.181E+01             0.243E-27
             0.181E+01             0.221E-27
             0.182E+01             0.786E-28
             0.183E+01             0.216E-28
             0.184E+01             0.146E-29
             0.184E+01             0.308E-29
             0.185E+01             0.808E-32
             0.186E+01             0.748E-29
             0.187E+01             0.994E-29
             0.187E+01             0.261E-28
             0.188E+01             0.523E-30
             0.189E+01             0.534E-29
             0.190E+01             0.363E-28
             0.190E+01             0.361E-28
             0.191E+01             0.813E-28
             0.192E+01             0.344E-28
             0.193E+01             0.449E-30
             0.193E+01             0.762E-29
             0.194E+01             0.181E-29
             0.195E+01             0.231E-29
             0.196E+01             0.522E-28
             0.196E+01             0.731E-28
             0.197E+01             0.204E-28
             0.198E+01             0.387E-30
             0.199E+01             0.198E-28
             0.199E+01             0.133E-28
             0.200E+01             0.378E-29
             0.201E+01             0.194E-28
             0.202E+01             0.332E-28
             0.202E+01             0.457E-30
             0.203E+01             0.252E-30
             0.204E+01             0.717E-30
             0.205E+01             0.285E-28
             0.206E+01             0.166E-28
             0.206E+01             0.700E-29
             0.207E+01             0.416E-28
             0.208E+01             0.589E-29
             0.209E+01             0.504E-29
             0.209E+01             0.399E-28
             0.210E+01             0.583E-28
             0.211E+01             0.139E-28
             0.212E+01             0.276E-30
             0.212E+01             0.263E-28
             0.213E+01             0.266E-29
             0.214E+01             0.404E-30
             0.215E+01             0.166E-28
             0.215E+01             0.256E-28
             0.216E+01             0.114E-31
             0.217E+01             0.371E-28
             0.218E+01             0.171E-28
             0.218E+01             0.403E-30
             0.219E+01             0.799E-30
             0.220E+01             0.141E-30
             0.221E+01             0.317E-29
             0.221E+01             0.135E-28
             0.222E+01             0.261E-30
             0.223E+01             0.594E-30
             0.224E+01             0.204E-28
             0.224E+01             0.949E-29
             0.225E+01             0.113E-29
             0.226E+01             0.448E-31
             0.227E+01             0.254E-28
             0.227E+01             0.855E-29
             0.228E+01             0.299E-29
             0.229E+01             0.161E-28
             0.230E+01             0.338E-30
             0.231E+01             0.111E-29
             0.231E+01             0.103E-28
             0.232E+01             0.710E-29
             0.233E+01             0.198E-29
             0.234E+01             0.691E-29
             0.234E+01             0.741E-30
             0.235E+01             0.981E-31
             0.236E+01             0.235E-29
             0.237E+01             0.685E-31
             0.237E+01             0.230E-31
             0.238E+01             0.267E-29
             0.239E+01             0.752E-30
             0.240E+01             0.497E-29
             0.240E+01             0.361E-29
             0.241E+01             0.254E-30
             0.242E+01             0.426E-30
             0.243E+01             0.492E-29
             0.243E+01             0.142E-28
             0.244E+01             0.920E-29
             0.245E+01             0.439E-30
             0.246E+01             0.305E-29
             0.246E+01             0.965E-33
             0.247E+01             0.191E-28
             0.248E+01             0.402E-28
             0.249E+01             0.273E-30
             0.249E+01             0.167E-28
             0.250E+01             0.743E-29
             0.251E+01             0.742E-29
             0.252E+01             0.672E-29
             0.252E+01             0.123E-29
             0.253E+01             0.411E-29
             0.254E+01             0.552E-29
             0.255E+01             0.111E-29
             0.255E+01             0.926E-29
             0.256E+01             0.985E-29
             0.257E+01             0.930E-29
             0.258E+01             0.107E-28
             0.259E+01             0.537E-29
             0.259E+01             0.802E-29
             0.260E+01             0.241E-29
             0.261E+01             0.332E-28
             0.262E+01             0.126E-28
             0.262E+01             0.946E-31
             0.263E+01             0.121E-31
             0.264E+01             0.207E-29
             0.265E+01             0.197E-28
             0.265E+01             0.438E-29
             0.266E+01             0.190E-28
             0.267E+01             0.275E-31
             0.268E+01             0.220E-32
             0.268E+01             0.161E-29
             0.269E+01             0.173E-32
             0.270E+01             0.955E-30
             0.271E+01             0.533E-30
             0.271E+01             0.147E-30
             0.272E+01             0.480E-29
             0.273E+01             0.876E-29
             0.274E+01             0.880E-29
             0.274E+01             0.115E-28
             0.275E+01             0.125E-30
             0.276E+01             0.268E-29
             0.277E+01             0.178E-30
             0.277E+01             0.172E-30
             0.278E+01             0.116E-30
             0.279E+01             0.278E-30
             0.280E+01             0.168E-29
             0.280E+01             0.670E-29
             0.281E+01             0.457E-31
             0.282E+01             0.478E-30
             0.283E+01             0.103E-28
             0.283E+01             0.157E-28
             0.284E+01             0.804E-29
             0.285E+01             0.112E-29
             0.286E+01             0.331E-30
             0.287E+01             0.263E-29
             0.287E+01             0.207E-29
             0.288E+01             0.182E-28
             0.289E+01             0.527E-29
             0.290E+01             0.246E-28
             0.290E+01             0.184E-30
             0.291E+01             0.139E-29
             0.292E+01             0.170E-29
             0.293E+01             0.681E-29
             0.293E+01             0.509E-29
             0.294E+01             0.942E-29
             0.295E+01             0.156E-29
             0.296E+01             0.257E-29
             0.296E+01             0.215E-29
             0.297E+01             0.593E-29
             0.298E+01             0.184E-28
             0.299E+01             0.759E-29
             0.299E+01             0.348E-29
             0.300E+01             0.134E-30
             0.301E+01             0.603E-29
             0.302E+01             0.796E-29
             0.302E+01             0.293E-28
             0.303E+01             0.109E-28
             0.304E+01             0.116E-28
             0.305E+01             0.160E-29
             0.305E+01             0.172E-30
             0.306E+01             0.116E-29
             0.307E+01             0.562E-29
             0.308E+01             0.413E-31
             0.308E+01             0.602E-30
             0.309E+01             0.568E-29
             0.310E+01             0.470E-29
             0.311E+01             0.253E-29
             0.312E+01             0.441E-29
             0.312E+01             0.474E-29
             0.313E+01             0.345E-29
             0.314E+01             0.566E-29
             0.315E+01             0.545E-29
             0.315E+01             0.822E-30
             0.316E+01             0.911E-29
             0.317E+01             0.128E-29
             0.318E+01             0.400E-29
             0.318E+01             0.782E-29
             0.319E+01             0.229E-30
             0.320E+01             0.579E-29
             0.321E+01             0.160E-28
             0.321E+01             0.232E-29
             0.322E+01             0.406E-31
             0.323E+01             0.352E-30
             0.324E+01             0.133E-29
             0.324E+01             0.618E-30
             0.325E+01             0.146E-28
             0.326E+01             0.477E-29
             0.327E+01             0.108E-28
             0.327E+01             0.110E-29
             0.328E+01             0.375E-30
             0.329E+01             0.490E-29
             0.330E+01             0.135E-31
             0.330E+01             0.983E-30
             0.331E+01             0.433E-29
             0.332E+01             0.107E-28
             0.333E+01             0.109E-28
             0.333E+01             0.181E-29
             0.334E+01             0.407E-30
             0.335E+01             0.532E-30
             0.336E+01             0.401E-29
             0.336E+01             0.517E-29
             0.337E+01             0.558E-30
             0.338E+01             0.958E-29
             0.339E+01             0.531E-30
             0.340E+01             0.345E-29
             0.340E+01             0.397E-29
             0.341E+01             0.562E-30
             0.342E+01             0.619E-31
             0.343E+01             0.893E-30
             0.343E+01             0.270E-29
             0.344E+01             0.660E-32
             0.345E+01             0.361E-29
             0.346E+01             0.276E-30
             0.346E+01             0.911E-29
             0.347E+01             0.141E-31
             0.348E+01             0.265E-29
             0.349E+01             0.976E-30
             0.349E+01             0.299E-29
             0.350E+01             0.119E-28
             0.351E+01             0.250E-28
             0.352E+01             0.121E-30
             0.352E+01             0.618E-30
             0.353E+01             0.146E-28
             0.354E+01             0.103E-30
             0.355E+01             0.874E-29
             0.355E+01             0.168E-28
             0.356E+01             0.522E-29
             0.357E+01             0.413E-29
             0.358E+01             0.847E-30
             0.358E+01             0.292E-30
             0.359E+01             0.662E-30
             0.360E+01             0.327E-29
             0.361E+01             0.580E-29
             0.361E+01             0.175E-29
             0.362E+01             0.672E-30
             0.363E+01             0.152E-29
             0.364E+01             0.130E-29
             0.364E+01             0.119E-30
             0.365E+01             0.560E-29
             0.366E+01             0.867E-30
             0.367E+01             0.149E-28
             0.368E+01             0.565E-31
             0.368E+01             0.148E-29
             0.369E+01             0.265E-31
             0.370E+01             0.170E-29
             0.371E+01             0.713E-29
             0.371E+01             0.388E-33
             0.372E+01             0.224E-29
             0.373E+01             0.131E-29
             0.374E+01             0.982E-30
             0.374E+01             0.495E-30
             0.375E+01             0.209E-32
             0.376E+01             0.445E-30
             0.377E+01             0.284E-29
             0.377E+01             0.106E-29
             0.378E+01             0.182E-29
             0.379E+01             0.248E-29
             0.380E+01             0.828E-29
             0.380E+01             0.224E-29
             0.381E+01             0.634E-30
             0.382E+01             0.225E-31
             0.383E+01             0.239E-29
             0.383E+01             0.228E-29
             0.384E+01             0.706E-30
             0.385E+01             0.244E-29
             0.386E+01             0.214E-29
             0.386E+01             0.312E-30
             0.387E+01             0.239E-31
             0.388E+01             0.804E-30
             0.389E+01             0.277E-29
             0.389E+01             0.883E-29
             0.390E+01             0.564E-29
             0.391E+01             0.523E-29
             0.392E+01             0.382E-29
             0.393E+01             0.297E-29
             0.393E+01             0.465E-29
             0.394E+01             0.112E-29
             0.395E+01             0.303E-30
             0.396E+01             0.204E-28
             0.396E+01             0.183E-28
             0.397E+01             0.862E-30
             0.398E+01             0.853E-30
             0.399E+01             0.552E-29
             0.399E+01             0.567E-29
             0.400E+01             0.603E-29
             0.401E+01             0.814E-29
             0.402E+01             0.270E-29
             0.402E+01             0.138E-29
             0.403E+01             0.335E-30
             0.404E+01             0.119E-28
             0.405E+01             0.309E-29
             0.405E+01             0.120E-29
             0.406E+01             0.123E-29
             0.407E+01             0.848E-29
             0.408E+01             0.597E-30
             0.408E+01             0.138E-29
             0.409E+01             0.443E-29
             0.410E+01             0.358E-31
             0.411E+01             0.288E-30
             0.411E+01             0.254E-29
             0.412E+01             0.244E-31
             0.413E+01             0.354E-30
             0.414E+01             0.694E-29
             0.414E+01             0.219E-29
             0.415E+01             0.117E-28
             0.416E+01             0.176E-29
             0.417E+01             0.291E-31
             0.417E+01             0.243E-30
             0.418E+01             0.216E-30
             0.419E+01             0.543E-31
             0.420E+01             0.649E-29
             0.421E+01             0.524E-30
             0.421E+01             0.204E-29
             0.422E+01             0.113E-28
             0.423E+01             0.125E-30
             0.424E+01             0.653E-29
             0.424E+01             0.955E-30
             0.425E+01             0.317E-29
             0.426E+01             0.315E-29
             0.427E+01             0.861E-29
             0.427E+01             0.450E-30
             0.428E+01             0.120E-29
             0.429E+01             0.132E-28
             0.430E+01             0.411E-30
             0.430E+01             0.958E-29
             0.431E+01             0.410E-29
             0.432E+01             0.288E-29
             0.433E+01             0.540E-29
             0.433E+01             0.405E-29
             0.434E+01             0.266E-29
             0.435E+01             0.151E-29
             0.436E+01             0.330E-31
             0.436E+01             0.593E-30
             0.437E+01             0.175E-29
             0.438E+01             0.495E-30
             0.439E+01             0.881E-32
             0.439E+01             0.271E-29
             0.440E+01             0.264E-30
             0.441E+01             0.582E-30
             0.442E+01             0.139E-29
             0.442E+01             0.728E-31
             0.443E+01             0.275E-30
             0.444E+01             0.990E-29
             0.445E+01             0.136E-30
             0.445E+01             0.260E-29
             0.446E+01             0.186E-29
             0.447E+01             0.186E-29
             0.448E+01             0.396E-29
             0.449E+01             0.105E-29
             0.449E+01             0.375E-29
             0.450E+01             0.261E-29
             0.451E+01             0.205E-30
             0.452E+01             0.467E-30
             0.452E+01             0.409E-32
             0.453E+01             0.207E-29
             0.454E+01             0.333E-30
             0.455E+01             0.840E-34
             0.455E+01             0.187E-29
             0.456E+01             0.207E-29
             0.457E+01             0.681E-32
             0.458E+01             0.221E-30
             0.458E+01             0.570E-29
             0.459E+01             0.522E-29
             0.460E+01             0.543E-30
             0.461E+01             0.351E-29
             0.461E+01             0.376E-31
             0.462E+01             0.113E-30
             0.463E+01             0.440E-29
             0.464E+01             0.851E-30
             0.464E+01             0.736E-29
             0.465E+01             0.892E-30
             0.466E+01             0.219E-28
             0.467E+01             0.654E-30
             0.467E+01             0.147E-28
             0.468E+01             0.519E-29
             0.469E+01             0.186E-30
             0.470E+01             0.103E-28
             0.470E+01             0.549E-29
             0.471E+01             0.122E-28
             0.472E+01             0.748E-29
             0.473E+01             0.130E-30
             0.474E+01             0.135E-28
             0.474E+01             0.628E-30
             0.475E+01             0.464E-29
             0.476E+01             0.444E-29
             0.477E+01             0.139E-29
             0.477E+01             0.275E-29
             0.478E+01             0.171E-29
             0.479E+01             0.212E-29
             0.480E+01             0.112E-28
             0.480E+01             0.411E-30
             0.481E+01             0.219E-29
             0.482E+01             0.477E-29
             0.483E+01             0.588E-31
             0.483E+01             0.827E-31
             0.484E+01             0.879E-30
             0.485E+01             0.587E-30
             0.486E+01             0.682E-30
             0.486E+01             0.696E-29
             0.487E+01             0.353E-29
             0.488E+01             0.204E-29
             0.489E+01             0.276E-31
             0.489E+01             0.127E-29
             0.490E+01             0.455E-29
             0.491E+01             0.651E-30
             0.492E+01             0.113E-28
             0.492E+01             0.453E-29
             0.493E+01             0.784E-30
             0.494E+01             0.266E-29
             0.495E+01             0.677E-29
             0.495E+01             0.396E-30
             0.496E+01             0.883E-31
             0.497E+01             0.274E-30
             0.498E+01             0.138E-31
             0.498E+01             0.914E-31
             0.499E+01             0.584E-30
             0.500E+01             0.384E-30
