            -0.298E+01             0.799E-63
            -0.296E+01             0.718E-63
            -0.295E+01             0.521E-62
            -0.293E+01             0.384E-61
            -0.291E+01             0.421E-61
            -0.289E+01             0.136E-60
            -0.288E+01             0.439E-63
            -0.286E+01             0.560E-61
            -0.284E+01             0.152E-61
            -0.282E+01             0.729E-62
            -0.281E+01             0.958E-62
            -0.279E+01             0.515E-62
            -0.277E+01             0.397E-62
            -0.275E+01             0.823E-62
            -0.274E+01             0.141E-63
            -0.272E+01             0.132E-60
            -0.270E+01             0.893E-60
            -0.268E+01             0.979E-59
            -0.267E+01             0.497E-58
            -0.265E+01             0.301E-57
            -0.263E+01             0.181E-56
            -0.261E+01             0.107E-55
            -0.260E+01             0.631E-55
            -0.258E+01             0.366E-54
            -0.256E+01             0.210E-53
            -0.254E+01             0.119E-52
            -0.252E+01             0.667E-52
            -0.251E+01             0.370E-51
            -0.249E+01             0.202E-50
            -0.247E+01             0.110E-49
            -0.245E+01             0.587E-49
            -0.244E+01             0.311E-48
            -0.242E+01             0.163E-47
            -0.240E+01             0.841E-47
            -0.238E+01             0.430E-46
            -0.237E+01             0.218E-45
            -0.235E+01             0.109E-44
            -0.233E+01             0.537E-44
            -0.231E+01             0.262E-43
            -0.230E+01             0.127E-42
            -0.228E+01             0.604E-42
            -0.226E+01             0.285E-41
            -0.224E+01             0.133E-40
            -0.223E+01             0.611E-40
            -0.221E+01             0.278E-39
            -0.219E+01             0.125E-38
            -0.217E+01             0.557E-38
            -0.216E+01             0.245E-37
            -0.214E+01             0.106E-36
            -0.212E+01             0.457E-36
            -0.210E+01             0.194E-35
            -0.209E+01             0.814E-35
            -0.207E+01             0.338E-34
            -0.205E+01             0.138E-33
            -0.203E+01             0.560E-33
            -0.201E+01             0.224E-32
            -0.200E+01             0.886E-32
            -0.198E+01             0.346E-31
            -0.196E+01             0.134E-30
            -0.194E+01             0.510E-30
            -0.193E+01             0.192E-29
            -0.191E+01             0.717E-29
            -0.189E+01             0.264E-28
            -0.187E+01             0.961E-28
            -0.186E+01             0.345E-27
            -0.184E+01             0.123E-26
            -0.182E+01             0.431E-26
            -0.180E+01             0.149E-25
            -0.179E+01             0.512E-25
            -0.177E+01             0.173E-24
            -0.175E+01             0.580E-24
            -0.173E+01             0.192E-23
            -0.172E+01             0.626E-23
            -0.170E+01             0.202E-22
            -0.168E+01             0.644E-22
            -0.166E+01             0.203E-21
            -0.165E+01             0.631E-21
            -0.163E+01             0.194E-20
            -0.161E+01             0.589E-20
            -0.159E+01             0.177E-19
            -0.157E+01             0.524E-19
            -0.156E+01             0.153E-18
            -0.154E+01             0.444E-18
            -0.152E+01             0.127E-17
            -0.150E+01             0.358E-17
            -0.149E+01             0.998E-17
            -0.147E+01             0.275E-16
            -0.145E+01             0.748E-16
            -0.143E+01             0.201E-15
            -0.142E+01             0.533E-15
            -0.140E+01             0.140E-14
            -0.138E+01             0.362E-14
            -0.136E+01             0.926E-14
            -0.135E+01             0.234E-13
            -0.133E+01             0.584E-13
            -0.131E+01             0.144E-12
            -0.129E+01             0.350E-12
            -0.128E+01             0.842E-12
            -0.126E+01             0.200E-11
            -0.124E+01             0.468E-11
            -0.122E+01             0.108E-10
            -0.121E+01             0.248E-10
            -0.119E+01             0.560E-10
            -0.117E+01             0.125E-09
            -0.115E+01             0.275E-09
            -0.113E+01             0.598E-09
            -0.112E+01             0.128E-08
            -0.110E+01             0.272E-08
            -0.108E+01             0.569E-08
            -0.106E+01             0.118E-07
            -0.105E+01             0.240E-07
            -0.103E+01             0.484E-07
            -0.101E+01             0.962E-07
            -0.994E+00             0.189E-06
            -0.977E+00             0.366E-06
            -0.959E+00             0.701E-06
            -0.941E+00             0.133E-05
            -0.924E+00             0.247E-05
            -0.906E+00             0.455E-05
            -0.889E+00             0.827E-05
            -0.871E+00             0.148E-04
            -0.853E+00             0.263E-04
            -0.836E+00             0.459E-04
            -0.818E+00             0.792E-04
            -0.801E+00             0.135E-03
            -0.783E+00             0.227E-03
            -0.765E+00             0.376E-03
            -0.748E+00             0.614E-03
            -0.730E+00             0.991E-03
            -0.713E+00             0.158E-02
            -0.695E+00             0.248E-02
            -0.677E+00             0.385E-02
            -0.660E+00             0.588E-02
            -0.642E+00             0.887E-02
            -0.625E+00             0.132E-01
            -0.607E+00             0.193E-01
            -0.589E+00             0.280E-01
            -0.572E+00             0.399E-01
            -0.554E+00             0.562E-01
            -0.537E+00             0.779E-01
            -0.519E+00             0.106E+00
            -0.501E+00             0.143E+00
            -0.484E+00             0.190E+00
            -0.466E+00             0.249E+00
            -0.449E+00             0.320E+00
            -0.431E+00             0.406E+00
            -0.413E+00             0.507E+00
            -0.396E+00             0.623E+00
            -0.378E+00             0.754E+00
            -0.361E+00             0.896E+00
            -0.343E+00             0.105E+01
            -0.326E+00             0.120E+01
            -0.308E+00             0.136E+01
            -0.290E+00             0.151E+01
            -0.273E+00             0.164E+01
            -0.255E+00             0.175E+01
            -0.238E+00             0.182E+01
            -0.220E+00             0.186E+01
            -0.202E+00             0.185E+01
            -0.185E+00             0.179E+01
            -0.167E+00             0.168E+01
            -0.150E+00             0.153E+01
            -0.132E+00             0.135E+01
            -0.114E+00             0.113E+01
            -0.968E-01             0.902E+00
            -0.792E-01             0.671E+00
            -0.616E-01             0.454E+00
            -0.440E-01             0.267E+00
            -0.264E-01             0.122E+00
            -0.880E-02             0.311E-01
             0.880E-02             0.236E-27
             0.264E-01             0.311E-01
             0.440E-01             0.122E+00
             0.616E-01             0.267E+00
             0.792E-01             0.454E+00
             0.968E-01             0.671E+00
             0.114E+00             0.902E+00
             0.132E+00             0.113E+01
             0.150E+00             0.135E+01
             0.167E+00             0.153E+01
             0.185E+00             0.168E+01
             0.202E+00             0.179E+01
             0.220E+00             0.185E+01
             0.238E+00             0.186E+01
             0.255E+00             0.182E+01
             0.273E+00             0.175E+01
             0.290E+00             0.164E+01
             0.308E+00             0.151E+01
             0.326E+00             0.136E+01
             0.343E+00             0.120E+01
             0.361E+00             0.105E+01
             0.378E+00             0.896E+00
             0.396E+00             0.754E+00
             0.413E+00             0.623E+00
             0.431E+00             0.507E+00
             0.449E+00             0.406E+00
             0.466E+00             0.320E+00
             0.484E+00             0.249E+00
             0.501E+00             0.190E+00
             0.519E+00             0.143E+00
             0.537E+00             0.106E+00
             0.554E+00             0.779E-01
             0.572E+00             0.562E-01
             0.589E+00             0.399E-01
             0.607E+00             0.280E-01
             0.625E+00             0.193E-01
             0.642E+00             0.132E-01
             0.660E+00             0.887E-02
             0.677E+00             0.588E-02
             0.695E+00             0.385E-02
             0.713E+00             0.248E-02
             0.730E+00             0.158E-02
             0.748E+00             0.991E-03
             0.765E+00             0.614E-03
             0.783E+00             0.376E-03
             0.801E+00             0.227E-03
             0.818E+00             0.135E-03
             0.836E+00             0.792E-04
             0.853E+00             0.459E-04
             0.871E+00             0.263E-04
             0.889E+00             0.148E-04
             0.906E+00             0.827E-05
             0.924E+00             0.455E-05
             0.941E+00             0.247E-05
             0.959E+00             0.133E-05
             0.977E+00             0.701E-06
             0.994E+00             0.366E-06
             0.101E+01             0.189E-06
             0.103E+01             0.962E-07
             0.105E+01             0.484E-07
             0.106E+01             0.240E-07
             0.108E+01             0.118E-07
             0.110E+01             0.569E-08
             0.112E+01             0.272E-08
             0.113E+01             0.128E-08
             0.115E+01             0.598E-09
             0.117E+01             0.275E-09
             0.119E+01             0.125E-09
             0.121E+01             0.560E-10
             0.122E+01             0.248E-10
             0.124E+01             0.108E-10
             0.126E+01             0.468E-11
             0.128E+01             0.200E-11
             0.129E+01             0.842E-12
             0.131E+01             0.350E-12
             0.133E+01             0.144E-12
             0.135E+01             0.584E-13
             0.136E+01             0.234E-13
             0.138E+01             0.926E-14
             0.140E+01             0.362E-14
             0.142E+01             0.140E-14
             0.143E+01             0.533E-15
             0.145E+01             0.201E-15
             0.147E+01             0.748E-16
             0.149E+01             0.275E-16
             0.150E+01             0.998E-17
             0.152E+01             0.358E-17
             0.154E+01             0.127E-17
             0.156E+01             0.444E-18
             0.157E+01             0.153E-18
             0.159E+01             0.524E-19
             0.161E+01             0.177E-19
             0.163E+01             0.589E-20
             0.165E+01             0.194E-20
             0.166E+01             0.631E-21
             0.168E+01             0.203E-21
             0.170E+01             0.644E-22
             0.172E+01             0.202E-22
             0.173E+01             0.626E-23
             0.175E+01             0.193E-23
             0.177E+01             0.579E-24
             0.179E+01             0.174E-24
             0.180E+01             0.514E-25
             0.182E+01             0.150E-25
             0.184E+01             0.410E-26
             0.186E+01             0.126E-26
             0.187E+01             0.307E-27
             0.189E+01             0.820E-28
             0.191E+01             0.700E-28
             0.193E+01             0.159E-28
             0.194E+01             0.214E-29
             0.196E+01             0.122E-29
             0.198E+01             0.198E-31
             0.200E+01             0.275E-29
             0.201E+01             0.115E-29
             0.203E+01             0.753E-29
             0.205E+01             0.608E-29
             0.207E+01             0.962E-29
             0.209E+01             0.270E-29
             0.210E+01             0.713E-29
             0.212E+01             0.832E-30
             0.214E+01             0.490E-29
             0.216E+01             0.446E-30
             0.217E+01             0.751E-31
             0.219E+01             0.592E-30
             0.221E+01             0.804E-30
             0.223E+01             0.729E-31
             0.224E+01             0.106E-29
             0.226E+01             0.316E-30
             0.228E+01             0.937E-31
             0.230E+01             0.602E-31
             0.231E+01             0.387E-29
             0.233E+01             0.243E-30
             0.235E+01             0.337E-29
             0.237E+01             0.153E-30
             0.238E+01             0.464E-30
             0.240E+01             0.328E-32
             0.242E+01             0.928E-32
             0.244E+01             0.192E-29
             0.245E+01             0.174E-31
             0.247E+01             0.122E-30
             0.249E+01             0.385E-29
             0.251E+01             0.324E-32
             0.252E+01             0.212E-30
             0.254E+01             0.189E-29
             0.256E+01             0.553E-30
             0.258E+01             0.156E-30
             0.260E+01             0.784E-30
             0.261E+01             0.268E-30
             0.263E+01             0.175E-29
             0.265E+01             0.531E-30
             0.267E+01             0.200E-31
             0.268E+01             0.664E-31
             0.270E+01             0.112E-30
             0.272E+01             0.237E-29
             0.274E+01             0.132E-30
             0.275E+01             0.175E-30
             0.277E+01             0.270E-29
             0.279E+01             0.373E-29
             0.281E+01             0.101E-29
             0.282E+01             0.239E-31
             0.284E+01             0.743E-31
             0.286E+01             0.534E-30
             0.288E+01             0.371E-30
             0.289E+01             0.427E-31
             0.291E+01             0.117E-29
             0.293E+01             0.246E-30
             0.295E+01             0.674E-30
             0.296E+01             0.532E-30
             0.298E+01             0.102E-29
             0.300E+01             0.216E-31
