            -0.399E+01             0.847E-63
            -0.399E+01             0.425E-63
            -0.398E+01             0.230E-62
            -0.398E+01             0.283E-62
            -0.397E+01             0.543E-61
            -0.397E+01             0.873E-61
            -0.396E+01             0.409E-62
            -0.396E+01             0.554E-65
            -0.395E+01             0.786E-62
            -0.395E+01             0.139E-61
            -0.394E+01             0.100E-62
            -0.393E+01             0.108E-61
            -0.393E+01             0.255E-61
            -0.392E+01             0.253E-61
            -0.392E+01             0.850E-62
            -0.391E+01             0.258E-62
            -0.391E+01             0.227E-61
            -0.390E+01             0.279E-62
            -0.390E+01             0.312E-62
            -0.389E+01             0.480E-62
            -0.389E+01             0.624E-61
            -0.388E+01             0.658E-61
            -0.387E+01             0.181E-61
            -0.387E+01             0.242E-61
            -0.386E+01             0.557E-62
            -0.386E+01             0.216E-61
            -0.385E+01             0.453E-62
            -0.385E+01             0.654E-63
            -0.384E+01             0.183E-63
            -0.384E+01             0.208E-62
            -0.383E+01             0.317E-63
            -0.382E+01             0.505E-63
            -0.382E+01             0.840E-62
            -0.381E+01             0.190E-64
            -0.381E+01             0.719E-64
            -0.380E+01             0.146E-62
            -0.380E+01             0.168E-60
            -0.379E+01             0.512E-61
            -0.379E+01             0.107E-61
            -0.378E+01             0.350E-61
            -0.378E+01             0.440E-61
            -0.377E+01             0.127E-61
            -0.376E+01             0.216E-61
            -0.376E+01             0.201E-61
            -0.375E+01             0.444E-62
            -0.375E+01             0.434E-62
            -0.374E+01             0.797E-63
            -0.374E+01             0.249E-62
            -0.373E+01             0.276E-62
            -0.373E+01             0.660E-63
            -0.372E+01             0.892E-62
            -0.372E+01             0.606E-61
            -0.371E+01             0.204E-62
            -0.370E+01             0.493E-61
            -0.370E+01             0.242E-63
            -0.369E+01             0.268E-62
            -0.369E+01             0.808E-61
            -0.368E+01             0.159E-62
            -0.368E+01             0.641E-63
            -0.367E+01             0.123E-65
            -0.367E+01             0.212E-61
            -0.366E+01             0.220E-61
            -0.366E+01             0.280E-64
            -0.365E+01             0.244E-61
            -0.364E+01             0.654E-62
            -0.364E+01             0.910E-63
            -0.363E+01             0.570E-63
            -0.363E+01             0.249E-63
            -0.362E+01             0.710E-63
            -0.362E+01             0.157E-64
            -0.361E+01             0.505E-63
            -0.361E+01             0.804E-62
            -0.360E+01             0.268E-61
            -0.359E+01             0.309E-61
            -0.359E+01             0.139E-60
            -0.358E+01             0.383E-61
            -0.358E+01             0.614E-62
            -0.357E+01             0.231E-62
            -0.357E+01             0.191E-62
            -0.356E+01             0.425E-61
            -0.356E+01             0.879E-61
            -0.355E+01             0.477E-62
            -0.355E+01             0.121E-65
            -0.354E+01             0.179E-61
            -0.353E+01             0.265E-63
            -0.353E+01             0.139E-63
            -0.352E+01             0.296E-61
            -0.352E+01             0.276E-62
            -0.351E+01             0.352E-62
            -0.351E+01             0.137E-62
            -0.350E+01             0.182E-62
            -0.350E+01             0.808E-61
            -0.349E+01             0.313E-63
            -0.349E+01             0.344E-62
            -0.348E+01             0.398E-62
            -0.347E+01             0.280E-64
            -0.347E+01             0.846E-64
            -0.346E+01             0.160E-64
            -0.346E+01             0.316E-62
            -0.345E+01             0.202E-61
            -0.345E+01             0.111E-63
            -0.344E+01             0.312E-61
            -0.344E+01             0.131E-61
            -0.343E+01             0.189E-61
            -0.343E+01             0.351E-61
            -0.342E+01             0.221E-60
            -0.341E+01             0.111E-60
            -0.341E+01             0.192E-63
            -0.340E+01             0.678E-61
            -0.340E+01             0.115E-63
            -0.339E+01             0.987E-64
            -0.339E+01             0.730E-62
            -0.338E+01             0.914E-61
            -0.338E+01             0.318E-62
            -0.337E+01             0.202E-64
            -0.336E+01             0.299E-61
            -0.336E+01             0.153E-61
            -0.335E+01             0.174E-61
            -0.335E+01             0.316E-61
            -0.334E+01             0.657E-61
            -0.334E+01             0.509E-63
            -0.333E+01             0.953E-62
            -0.333E+01             0.213E-61
            -0.332E+01             0.852E-61
            -0.332E+01             0.152E-63
            -0.331E+01             0.212E-64
            -0.330E+01             0.246E-60
            -0.330E+01             0.402E-61
            -0.329E+01             0.169E-61
            -0.329E+01             0.274E-61
            -0.328E+01             0.375E-61
            -0.328E+01             0.155E-61
            -0.327E+01             0.252E-64
            -0.327E+01             0.788E-63
            -0.326E+01             0.344E-64
            -0.326E+01             0.272E-62
            -0.325E+01             0.141E-63
            -0.324E+01             0.186E-62
            -0.324E+01             0.885E-63
            -0.323E+01             0.282E-61
            -0.323E+01             0.889E-63
            -0.322E+01             0.118E-60
            -0.322E+01             0.278E-62
            -0.321E+01             0.856E-63
            -0.321E+01             0.657E-62
            -0.320E+01             0.239E-65
            -0.320E+01             0.960E-63
            -0.319E+01             0.432E-62
            -0.318E+01             0.483E-61
            -0.318E+01             0.951E-62
            -0.317E+01             0.431E-63
            -0.317E+01             0.120E-61
            -0.316E+01             0.603E-62
            -0.316E+01             0.350E-61
            -0.315E+01             0.510E-61
            -0.315E+01             0.746E-63
            -0.314E+01             0.300E-61
            -0.313E+01             0.343E-61
            -0.313E+01             0.769E-62
            -0.312E+01             0.521E-62
            -0.312E+01             0.263E-63
            -0.311E+01             0.425E-61
            -0.311E+01             0.653E-62
            -0.310E+01             0.417E-61
            -0.310E+01             0.314E-62
            -0.309E+01             0.291E-61
            -0.309E+01             0.259E-63
            -0.308E+01             0.767E-61
            -0.307E+01             0.823E-63
            -0.307E+01             0.172E-61
            -0.306E+01             0.553E-62
            -0.306E+01             0.434E-61
            -0.305E+01             0.496E-61
            -0.305E+01             0.420E-62
            -0.304E+01             0.357E-61
            -0.304E+01             0.692E-61
            -0.303E+01             0.556E-64
            -0.303E+01             0.348E-61
            -0.302E+01             0.242E-63
            -0.301E+01             0.216E-60
            -0.301E+01             0.316E-61
            -0.300E+01             0.169E-63
            -0.300E+01             0.108E-61
            -0.299E+01             0.320E-62
            -0.299E+01             0.117E-61
            -0.298E+01             0.281E-62
            -0.298E+01             0.849E-61
            -0.297E+01             0.298E-62
            -0.297E+01             0.133E-61
            -0.296E+01             0.113E-61
            -0.295E+01             0.544E-63
            -0.295E+01             0.690E-63
            -0.294E+01             0.232E-61
            -0.294E+01             0.383E-62
            -0.293E+01             0.135E-61
            -0.293E+01             0.282E-62
            -0.292E+01             0.269E-62
            -0.292E+01             0.245E-61
            -0.291E+01             0.475E-61
            -0.290E+01             0.177E-61
            -0.290E+01             0.186E-62
            -0.289E+01             0.253E-62
            -0.289E+01             0.288E-61
            -0.288E+01             0.525E-62
            -0.288E+01             0.196E-61
            -0.287E+01             0.347E-62
            -0.287E+01             0.252E-62
            -0.286E+01             0.714E-64
            -0.286E+01             0.245E-64
            -0.285E+01             0.507E-63
            -0.284E+01             0.158E-60
            -0.284E+01             0.995E-65
            -0.283E+01             0.798E-61
            -0.283E+01             0.260E-60
            -0.282E+01             0.578E-61
            -0.282E+01             0.376E-61
            -0.281E+01             0.692E-63
            -0.281E+01             0.192E-61
            -0.280E+01             0.618E-61
            -0.280E+01             0.140E-61
            -0.279E+01             0.134E-60
            -0.278E+01             0.315E-62
            -0.278E+01             0.224E-65
            -0.277E+01             0.144E-61
            -0.277E+01             0.844E-64
            -0.276E+01             0.119E-62
            -0.276E+01             0.285E-65
            -0.275E+01             0.954E-62
            -0.275E+01             0.182E-62
            -0.274E+01             0.720E-62
            -0.274E+01             0.191E-62
            -0.273E+01             0.286E-62
            -0.272E+01             0.266E-61
            -0.272E+01             0.110E-61
            -0.271E+01             0.106E-61
            -0.271E+01             0.109E-60
            -0.270E+01             0.128E-60
            -0.270E+01             0.638E-60
            -0.269E+01             0.502E-60
            -0.269E+01             0.194E-59
            -0.268E+01             0.276E-59
            -0.267E+01             0.420E-59
            -0.267E+01             0.972E-59
            -0.266E+01             0.135E-58
            -0.266E+01             0.232E-58
            -0.265E+01             0.483E-58
            -0.265E+01             0.913E-58
            -0.264E+01             0.145E-57
            -0.264E+01             0.273E-57
            -0.263E+01             0.477E-57
            -0.263E+01             0.855E-57
            -0.262E+01             0.150E-56
            -0.261E+01             0.266E-56
            -0.261E+01             0.468E-56
            -0.260E+01             0.826E-56
            -0.260E+01             0.145E-55
            -0.259E+01             0.255E-55
            -0.259E+01             0.447E-55
            -0.258E+01             0.784E-55
            -0.258E+01             0.137E-54
            -0.257E+01             0.240E-54
            -0.257E+01             0.419E-54
            -0.256E+01             0.730E-54
            -0.255E+01             0.127E-53
            -0.255E+01             0.221E-53
            -0.254E+01             0.384E-53
            -0.254E+01             0.666E-53
            -0.253E+01             0.115E-52
            -0.253E+01             0.200E-52
            -0.252E+01             0.346E-52
            -0.252E+01             0.597E-52
            -0.251E+01             0.103E-51
            -0.251E+01             0.177E-51
            -0.250E+01             0.305E-51
            -0.249E+01             0.524E-51
            -0.249E+01             0.900E-51
            -0.248E+01             0.154E-50
            -0.248E+01             0.264E-50
            -0.247E+01             0.452E-50
            -0.247E+01             0.772E-50
            -0.246E+01             0.132E-49
            -0.246E+01             0.225E-49
            -0.245E+01             0.382E-49
            -0.244E+01             0.650E-49
            -0.244E+01             0.110E-48
            -0.243E+01             0.187E-48
            -0.243E+01             0.317E-48
            -0.242E+01             0.536E-48
            -0.242E+01             0.907E-48
            -0.241E+01             0.153E-47
            -0.241E+01             0.258E-47
            -0.240E+01             0.435E-47
            -0.240E+01             0.731E-47
            -0.239E+01             0.123E-46
            -0.238E+01             0.206E-46
            -0.238E+01             0.345E-46
            -0.237E+01             0.578E-46
            -0.237E+01             0.966E-46
            -0.236E+01             0.161E-45
            -0.236E+01             0.269E-45
            -0.235E+01             0.448E-45
            -0.235E+01             0.746E-45
            -0.234E+01             0.124E-44
            -0.234E+01             0.206E-44
            -0.233E+01             0.341E-44
            -0.232E+01             0.565E-44
            -0.232E+01             0.934E-44
            -0.231E+01             0.154E-43
            -0.231E+01             0.255E-43
            -0.230E+01             0.420E-43
            -0.230E+01             0.691E-43
            -0.229E+01             0.114E-42
            -0.229E+01             0.186E-42
            -0.228E+01             0.306E-42
            -0.228E+01             0.501E-42
            -0.227E+01             0.819E-42
            -0.226E+01             0.134E-41
            -0.226E+01             0.219E-41
            -0.225E+01             0.356E-41
            -0.225E+01             0.580E-41
            -0.224E+01             0.943E-41
            -0.224E+01             0.153E-40
            -0.223E+01             0.249E-40
            -0.223E+01             0.403E-40
            -0.222E+01             0.652E-40
            -0.221E+01             0.105E-39
            -0.221E+01             0.170E-39
            -0.220E+01             0.274E-39
            -0.220E+01             0.442E-39
            -0.219E+01             0.711E-39
            -0.219E+01             0.114E-38
            -0.218E+01             0.183E-38
            -0.218E+01             0.294E-38
            -0.217E+01             0.471E-38
            -0.217E+01             0.753E-38
            -0.216E+01             0.120E-37
            -0.215E+01             0.192E-37
            -0.215E+01             0.306E-37
            -0.214E+01             0.486E-37
            -0.214E+01             0.773E-37
            -0.213E+01             0.123E-36
            -0.213E+01             0.195E-36
            -0.212E+01             0.308E-36
            -0.212E+01             0.488E-36
            -0.211E+01             0.771E-36
            -0.211E+01             0.122E-35
            -0.210E+01             0.192E-35
            -0.209E+01             0.302E-35
            -0.209E+01             0.474E-35
            -0.208E+01             0.745E-35
            -0.208E+01             0.117E-34
            -0.207E+01             0.183E-34
            -0.207E+01             0.287E-34
            -0.206E+01             0.448E-34
            -0.206E+01             0.699E-34
            -0.205E+01             0.109E-33
            -0.205E+01             0.170E-33
            -0.204E+01             0.264E-33
            -0.203E+01             0.410E-33
            -0.203E+01             0.636E-33
            -0.202E+01             0.986E-33
            -0.202E+01             0.153E-32
            -0.201E+01             0.236E-32
            -0.201E+01             0.365E-32
            -0.200E+01             0.562E-32
            -0.200E+01             0.866E-32
            -0.199E+01             0.133E-31
            -0.198E+01             0.205E-31
            -0.198E+01             0.314E-31
            -0.197E+01             0.482E-31
            -0.197E+01             0.738E-31
            -0.196E+01             0.113E-30
            -0.196E+01             0.172E-30
            -0.195E+01             0.263E-30
            -0.195E+01             0.401E-30
            -0.194E+01             0.610E-30
            -0.194E+01             0.927E-30
            -0.193E+01             0.141E-29
            -0.192E+01             0.213E-29
            -0.192E+01             0.323E-29
            -0.191E+01             0.489E-29
            -0.191E+01             0.739E-29
            -0.190E+01             0.112E-28
            -0.190E+01             0.168E-28
            -0.189E+01             0.253E-28
            -0.189E+01             0.381E-28
            -0.188E+01             0.572E-28
            -0.188E+01             0.858E-28
            -0.187E+01             0.128E-27
            -0.186E+01             0.192E-27
            -0.186E+01             0.287E-27
            -0.185E+01             0.429E-27
            -0.185E+01             0.640E-27
            -0.184E+01             0.952E-27
            -0.184E+01             0.142E-26
            -0.183E+01             0.210E-26
            -0.183E+01             0.312E-26
            -0.182E+01             0.463E-26
            -0.182E+01             0.685E-26
            -0.181E+01             0.101E-25
            -0.180E+01             0.150E-25
            -0.180E+01             0.221E-25
            -0.179E+01             0.325E-25
            -0.179E+01             0.478E-25
            -0.178E+01             0.702E-25
            -0.178E+01             0.103E-24
            -0.177E+01             0.151E-24
            -0.177E+01             0.221E-24
            -0.176E+01             0.324E-24
            -0.175E+01             0.473E-24
            -0.175E+01             0.689E-24
            -0.174E+01             0.100E-23
            -0.174E+01             0.146E-23
            -0.173E+01             0.212E-23
            -0.173E+01             0.308E-23
            -0.172E+01             0.447E-23
            -0.172E+01             0.648E-23
            -0.171E+01             0.937E-23
            -0.171E+01             0.135E-22
            -0.170E+01             0.195E-22
            -0.169E+01             0.282E-22
            -0.169E+01             0.405E-22
            -0.168E+01             0.583E-22
            -0.168E+01             0.837E-22
            -0.167E+01             0.120E-21
            -0.167E+01             0.172E-21
            -0.166E+01             0.246E-21
            -0.166E+01             0.351E-21
            -0.165E+01             0.502E-21
            -0.165E+01             0.715E-21
            -0.164E+01             0.102E-20
            -0.163E+01             0.145E-20
            -0.163E+01             0.206E-20
            -0.162E+01             0.292E-20
            -0.162E+01             0.413E-20
            -0.161E+01             0.585E-20
            -0.161E+01             0.827E-20
            -0.160E+01             0.117E-19
            -0.160E+01             0.165E-19
            -0.159E+01             0.232E-19
            -0.159E+01             0.326E-19
            -0.158E+01             0.458E-19
            -0.157E+01             0.643E-19
            -0.157E+01             0.900E-19
            -0.156E+01             0.126E-18
            -0.156E+01             0.176E-18
            -0.155E+01             0.246E-18
            -0.155E+01             0.343E-18
            -0.154E+01             0.478E-18
            -0.154E+01             0.665E-18
            -0.153E+01             0.924E-18
            -0.152E+01             0.128E-17
            -0.152E+01             0.178E-17
            -0.151E+01             0.246E-17
            -0.151E+01             0.340E-17
            -0.150E+01             0.470E-17
            -0.150E+01             0.648E-17
            -0.149E+01             0.893E-17
            -0.149E+01             0.123E-16
            -0.148E+01             0.169E-16
            -0.148E+01             0.232E-16
            -0.147E+01             0.318E-16
            -0.146E+01             0.435E-16
            -0.146E+01             0.595E-16
            -0.145E+01             0.813E-16
            -0.145E+01             0.111E-15
            -0.144E+01             0.151E-15
            -0.144E+01             0.206E-15
            -0.143E+01             0.279E-15
            -0.143E+01             0.379E-15
            -0.142E+01             0.514E-15
            -0.142E+01             0.697E-15
            -0.141E+01             0.942E-15
            -0.140E+01             0.127E-14
            -0.140E+01             0.172E-14
            -0.139E+01             0.232E-14
            -0.139E+01             0.312E-14
            -0.138E+01             0.419E-14
            -0.138E+01             0.562E-14
            -0.137E+01             0.754E-14
            -0.137E+01             0.101E-13
            -0.136E+01             0.135E-13
            -0.136E+01             0.181E-13
            -0.135E+01             0.241E-13
            -0.134E+01             0.321E-13
            -0.134E+01             0.428E-13
            -0.133E+01             0.568E-13
            -0.133E+01             0.755E-13
            -0.132E+01             0.100E-12
            -0.132E+01             0.133E-12
            -0.131E+01             0.175E-12
            -0.131E+01             0.232E-12
            -0.130E+01             0.306E-12
            -0.130E+01             0.403E-12
            -0.129E+01             0.531E-12
            -0.128E+01             0.698E-12
            -0.128E+01             0.917E-12
            -0.127E+01             0.120E-11
            -0.127E+01             0.158E-11
            -0.126E+01             0.206E-11
            -0.126E+01             0.269E-11
            -0.125E+01             0.352E-11
            -0.125E+01             0.458E-11
            -0.124E+01             0.597E-11
            -0.123E+01             0.776E-11
            -0.123E+01             0.101E-10
            -0.122E+01             0.131E-10
            -0.122E+01             0.169E-10
            -0.121E+01             0.219E-10
            -0.121E+01             0.283E-10
            -0.120E+01             0.366E-10
            -0.120E+01             0.471E-10
            -0.119E+01             0.607E-10
            -0.119E+01             0.781E-10
            -0.118E+01             0.100E-09
            -0.117E+01             0.129E-09
            -0.117E+01             0.165E-09
            -0.116E+01             0.211E-09
            -0.116E+01             0.269E-09
            -0.115E+01             0.344E-09
            -0.115E+01             0.439E-09
            -0.114E+01             0.558E-09
            -0.114E+01             0.710E-09
            -0.113E+01             0.902E-09
            -0.113E+01             0.114E-08
            -0.112E+01             0.145E-08
            -0.111E+01             0.183E-08
            -0.111E+01             0.232E-08
            -0.110E+01             0.293E-08
            -0.110E+01             0.369E-08
            -0.109E+01             0.464E-08
            -0.109E+01             0.584E-08
            -0.108E+01             0.734E-08
            -0.108E+01             0.920E-08
            -0.107E+01             0.115E-07
            -0.107E+01             0.144E-07
            -0.106E+01             0.180E-07
            -0.105E+01             0.225E-07
            -0.105E+01             0.280E-07
            -0.104E+01             0.349E-07
            -0.104E+01             0.434E-07
            -0.103E+01             0.539E-07
            -0.103E+01             0.669E-07
            -0.102E+01             0.829E-07
            -0.102E+01             0.103E-06
            -0.101E+01             0.127E-06
            -0.100E+01             0.156E-06
            -0.999E+00             0.193E-06
            -0.994E+00             0.237E-06
            -0.988E+00             0.292E-06
            -0.983E+00             0.358E-06
            -0.977E+00             0.439E-06
            -0.972E+00             0.538E-06
            -0.966E+00             0.658E-06
            -0.961E+00             0.804E-06
            -0.956E+00             0.981E-06
            -0.950E+00             0.120E-05
            -0.945E+00             0.146E-05
            -0.939E+00             0.177E-05
            -0.934E+00             0.215E-05
            -0.928E+00             0.260E-05
            -0.923E+00             0.315E-05
            -0.917E+00             0.381E-05
            -0.912E+00             0.461E-05
            -0.906E+00             0.556E-05
            -0.901E+00             0.670E-05
            -0.895E+00             0.806E-05
            -0.890E+00             0.968E-05
            -0.884E+00             0.116E-04
            -0.879E+00             0.139E-04
            -0.873E+00             0.167E-04
            -0.868E+00             0.199E-04
            -0.862E+00             0.238E-04
            -0.857E+00             0.284E-04
            -0.851E+00             0.338E-04
            -0.846E+00             0.402E-04
            -0.841E+00             0.478E-04
            -0.835E+00             0.567E-04
            -0.830E+00             0.672E-04
            -0.824E+00             0.796E-04
            -0.819E+00             0.940E-04
            -0.813E+00             0.111E-03
            -0.808E+00             0.131E-03
            -0.802E+00             0.154E-03
            -0.797E+00             0.181E-03
            -0.791E+00             0.213E-03
            -0.786E+00             0.250E-03
            -0.780E+00             0.292E-03
            -0.775E+00             0.342E-03
            -0.769E+00             0.400E-03
            -0.764E+00             0.466E-03
            -0.758E+00             0.543E-03
            -0.753E+00             0.632E-03
            -0.747E+00             0.735E-03
            -0.742E+00             0.853E-03
            -0.736E+00             0.989E-03
            -0.731E+00             0.114E-02
            -0.726E+00             0.132E-02
            -0.720E+00             0.153E-02
            -0.715E+00             0.176E-02
            -0.709E+00             0.203E-02
            -0.704E+00             0.233E-02
            -0.698E+00             0.268E-02
            -0.693E+00             0.307E-02
            -0.687E+00             0.352E-02
            -0.682E+00             0.403E-02
            -0.676E+00             0.460E-02
            -0.671E+00             0.525E-02
            -0.665E+00             0.599E-02
            -0.660E+00             0.681E-02
            -0.654E+00             0.774E-02
            -0.649E+00             0.879E-02
            -0.643E+00             0.996E-02
            -0.638E+00             0.113E-01
            -0.632E+00             0.127E-01
            -0.627E+00             0.144E-01
            -0.621E+00             0.162E-01
            -0.616E+00             0.183E-01
            -0.611E+00             0.205E-01
            -0.605E+00             0.230E-01
            -0.600E+00             0.258E-01
            -0.594E+00             0.289E-01
            -0.589E+00             0.323E-01
            -0.583E+00             0.361E-01
            -0.578E+00             0.403E-01
            -0.572E+00             0.449E-01
            -0.567E+00             0.499E-01
            -0.561E+00             0.554E-01
            -0.556E+00             0.614E-01
            -0.550E+00             0.680E-01
            -0.545E+00             0.752E-01
            -0.539E+00             0.831E-01
            -0.534E+00             0.916E-01
            -0.528E+00             0.101E+00
            -0.523E+00             0.111E+00
            -0.517E+00             0.122E+00
            -0.512E+00             0.134E+00
            -0.507E+00             0.146E+00
            -0.501E+00             0.160E+00
            -0.496E+00             0.175E+00
            -0.490E+00             0.190E+00
            -0.485E+00             0.207E+00
            -0.479E+00             0.225E+00
            -0.474E+00             0.245E+00
            -0.468E+00             0.265E+00
            -0.463E+00             0.287E+00
            -0.457E+00             0.310E+00
            -0.452E+00             0.335E+00
            -0.446E+00             0.361E+00
            -0.441E+00             0.388E+00
            -0.435E+00             0.417E+00
            -0.430E+00             0.447E+00
            -0.424E+00             0.479E+00
            -0.419E+00             0.512E+00
            -0.413E+00             0.547E+00
            -0.408E+00             0.583E+00
            -0.402E+00             0.621E+00
            -0.397E+00             0.660E+00
            -0.392E+00             0.700E+00
            -0.386E+00             0.742E+00
            -0.381E+00             0.785E+00
            -0.375E+00             0.829E+00
            -0.370E+00             0.874E+00
            -0.364E+00             0.920E+00
            -0.359E+00             0.967E+00
            -0.353E+00             0.101E+01
            -0.348E+00             0.106E+01
            -0.342E+00             0.111E+01
            -0.337E+00             0.116E+01
            -0.331E+00             0.121E+01
            -0.326E+00             0.126E+01
            -0.320E+00             0.131E+01
            -0.315E+00             0.135E+01
            -0.309E+00             0.140E+01
            -0.304E+00             0.145E+01
            -0.298E+00             0.149E+01
            -0.293E+00             0.154E+01
            -0.287E+00             0.158E+01
            -0.282E+00             0.162E+01
            -0.277E+00             0.165E+01
            -0.271E+00             0.169E+01
            -0.266E+00             0.172E+01
            -0.260E+00             0.175E+01
            -0.255E+00             0.178E+01
            -0.249E+00             0.180E+01
            -0.244E+00             0.182E+01
            -0.238E+00             0.183E+01
            -0.233E+00             0.185E+01
            -0.227E+00             0.185E+01
            -0.222E+00             0.186E+01
            -0.216E+00             0.185E+01
            -0.211E+00             0.185E+01
            -0.205E+00             0.184E+01
            -0.200E+00             0.182E+01
            -0.194E+00             0.180E+01
            -0.189E+00             0.178E+01
            -0.183E+00             0.175E+01
            -0.178E+00             0.172E+01
            -0.172E+00             0.168E+01
            -0.167E+00             0.163E+01
            -0.162E+00             0.159E+01
            -0.156E+00             0.154E+01
            -0.151E+00             0.148E+01
            -0.145E+00             0.143E+01
            -0.140E+00             0.136E+01
            -0.134E+00             0.130E+01
            -0.129E+00             0.123E+01
            -0.123E+00             0.117E+01
            -0.118E+00             0.110E+01
            -0.112E+00             0.102E+01
            -0.107E+00             0.952E+00
            -0.101E+00             0.880E+00
            -0.958E-01             0.807E+00
            -0.903E-01             0.736E+00
            -0.849E-01             0.665E+00
            -0.794E-01             0.595E+00
            -0.739E-01             0.527E+00
            -0.684E-01             0.462E+00
            -0.630E-01             0.400E+00
            -0.575E-01             0.341E+00
            -0.520E-01             0.285E+00
            -0.465E-01             0.234E+00
            -0.411E-01             0.186E+00
            -0.356E-01             0.144E+00
            -0.301E-01             0.107E+00
            -0.246E-01             0.745E-01
            -0.192E-01             0.480E-01
            -0.137E-01             0.271E-01
            -0.821E-02             0.121E-01
            -0.274E-02             0.302E-02
             0.274E-02             0.539E-23
             0.821E-02             0.302E-02
             0.137E-01             0.121E-01
             0.192E-01             0.271E-01
             0.246E-01             0.480E-01
             0.301E-01             0.745E-01
             0.356E-01             0.107E+00
             0.411E-01             0.144E+00
             0.465E-01             0.186E+00
             0.520E-01             0.234E+00
             0.575E-01             0.285E+00
             0.630E-01             0.341E+00
             0.684E-01             0.400E+00
             0.739E-01             0.462E+00
             0.794E-01             0.527E+00
             0.849E-01             0.595E+00
             0.903E-01             0.665E+00
             0.958E-01             0.736E+00
             0.101E+00             0.807E+00
             0.107E+00             0.880E+00
             0.112E+00             0.952E+00
             0.118E+00             0.102E+01
             0.123E+00             0.110E+01
             0.129E+00             0.117E+01
             0.134E+00             0.123E+01
             0.140E+00             0.130E+01
             0.145E+00             0.136E+01
             0.151E+00             0.143E+01
             0.156E+00             0.148E+01
             0.162E+00             0.154E+01
             0.167E+00             0.159E+01
             0.172E+00             0.163E+01
             0.178E+00             0.168E+01
             0.183E+00             0.172E+01
             0.189E+00             0.175E+01
             0.194E+00             0.178E+01
             0.200E+00             0.180E+01
             0.205E+00             0.182E+01
             0.211E+00             0.184E+01
             0.216E+00             0.185E+01
             0.222E+00             0.185E+01
             0.227E+00             0.186E+01
             0.233E+00             0.185E+01
             0.238E+00             0.185E+01
             0.244E+00             0.183E+01
             0.249E+00             0.182E+01
             0.255E+00             0.180E+01
             0.260E+00             0.178E+01
             0.266E+00             0.175E+01
             0.271E+00             0.172E+01
             0.277E+00             0.169E+01
             0.282E+00             0.165E+01
             0.287E+00             0.162E+01
             0.293E+00             0.158E+01
             0.298E+00             0.154E+01
             0.304E+00             0.149E+01
             0.309E+00             0.145E+01
             0.315E+00             0.140E+01
             0.320E+00             0.135E+01
             0.326E+00             0.131E+01
             0.331E+00             0.126E+01
             0.337E+00             0.121E+01
             0.342E+00             0.116E+01
             0.348E+00             0.111E+01
             0.353E+00             0.106E+01
             0.359E+00             0.101E+01
             0.364E+00             0.967E+00
             0.370E+00             0.920E+00
             0.375E+00             0.874E+00
             0.381E+00             0.829E+00
             0.386E+00             0.785E+00
             0.392E+00             0.742E+00
             0.397E+00             0.700E+00
             0.402E+00             0.660E+00
             0.408E+00             0.621E+00
             0.413E+00             0.583E+00
             0.419E+00             0.547E+00
             0.424E+00             0.512E+00
             0.430E+00             0.479E+00
             0.435E+00             0.447E+00
             0.441E+00             0.417E+00
             0.446E+00             0.388E+00
             0.452E+00             0.361E+00
             0.457E+00             0.335E+00
             0.463E+00             0.310E+00
             0.468E+00             0.287E+00
             0.474E+00             0.265E+00
             0.479E+00             0.245E+00
             0.485E+00             0.225E+00
             0.490E+00             0.207E+00
             0.496E+00             0.190E+00
             0.501E+00             0.175E+00
             0.507E+00             0.160E+00
             0.512E+00             0.146E+00
             0.517E+00             0.134E+00
             0.523E+00             0.122E+00
             0.528E+00             0.111E+00
             0.534E+00             0.101E+00
             0.539E+00             0.916E-01
             0.545E+00             0.831E-01
             0.550E+00             0.752E-01
             0.556E+00             0.680E-01
             0.561E+00             0.614E-01
             0.567E+00             0.554E-01
             0.572E+00             0.499E-01
             0.578E+00             0.449E-01
             0.583E+00             0.403E-01
             0.589E+00             0.361E-01
             0.594E+00             0.323E-01
             0.600E+00             0.289E-01
             0.605E+00             0.258E-01
             0.611E+00             0.230E-01
             0.616E+00             0.205E-01
             0.621E+00             0.183E-01
             0.627E+00             0.162E-01
             0.632E+00             0.144E-01
             0.638E+00             0.127E-01
             0.643E+00             0.113E-01
             0.649E+00             0.996E-02
             0.654E+00             0.879E-02
             0.660E+00             0.774E-02
             0.665E+00             0.681E-02
             0.671E+00             0.599E-02
             0.676E+00             0.525E-02
             0.682E+00             0.460E-02
             0.687E+00             0.403E-02
             0.693E+00             0.352E-02
             0.698E+00             0.307E-02
             0.704E+00             0.268E-02
             0.709E+00             0.233E-02
             0.715E+00             0.203E-02
             0.720E+00             0.176E-02
             0.726E+00             0.153E-02
             0.731E+00             0.132E-02
             0.736E+00             0.114E-02
             0.742E+00             0.989E-03
             0.747E+00             0.853E-03
             0.753E+00             0.735E-03
             0.758E+00             0.632E-03
             0.764E+00             0.543E-03
             0.769E+00             0.466E-03
             0.775E+00             0.400E-03
             0.780E+00             0.342E-03
             0.786E+00             0.292E-03
             0.791E+00             0.250E-03
             0.797E+00             0.213E-03
             0.802E+00             0.181E-03
             0.808E+00             0.154E-03
             0.813E+00             0.131E-03
             0.819E+00             0.111E-03
             0.824E+00             0.940E-04
             0.830E+00             0.796E-04
             0.835E+00             0.672E-04
             0.841E+00             0.567E-04
             0.846E+00             0.478E-04
             0.851E+00             0.402E-04
             0.857E+00             0.338E-04
             0.862E+00             0.284E-04
             0.868E+00             0.238E-04
             0.873E+00             0.199E-04
             0.879E+00             0.167E-04
             0.884E+00             0.139E-04
             0.890E+00             0.116E-04
             0.895E+00             0.968E-05
             0.901E+00             0.806E-05
             0.906E+00             0.670E-05
             0.912E+00             0.556E-05
             0.917E+00             0.461E-05
             0.923E+00             0.381E-05
             0.928E+00             0.315E-05
             0.934E+00             0.260E-05
             0.939E+00             0.215E-05
             0.945E+00             0.177E-05
             0.950E+00             0.146E-05
             0.956E+00             0.120E-05
             0.961E+00             0.981E-06
             0.966E+00             0.804E-06
             0.972E+00             0.658E-06
             0.977E+00             0.538E-06
             0.983E+00             0.439E-06
             0.988E+00             0.358E-06
             0.994E+00             0.292E-06
             0.999E+00             0.237E-06
             0.100E+01             0.193E-06
             0.101E+01             0.156E-06
             0.102E+01             0.127E-06
             0.102E+01             0.103E-06
             0.103E+01             0.829E-07
             0.103E+01             0.669E-07
             0.104E+01             0.539E-07
             0.104E+01             0.434E-07
             0.105E+01             0.349E-07
             0.105E+01             0.280E-07
             0.106E+01             0.225E-07
             0.107E+01             0.180E-07
             0.107E+01             0.144E-07
             0.108E+01             0.115E-07
             0.108E+01             0.920E-08
             0.109E+01             0.734E-08
             0.109E+01             0.584E-08
             0.110E+01             0.464E-08
             0.110E+01             0.369E-08
             0.111E+01             0.293E-08
             0.111E+01             0.232E-08
             0.112E+01             0.183E-08
             0.113E+01             0.145E-08
             0.113E+01             0.114E-08
             0.114E+01             0.902E-09
             0.114E+01             0.710E-09
             0.115E+01             0.558E-09
             0.115E+01             0.439E-09
             0.116E+01             0.344E-09
             0.116E+01             0.269E-09
             0.117E+01             0.211E-09
             0.117E+01             0.165E-09
             0.118E+01             0.129E-09
             0.119E+01             0.100E-09
             0.119E+01             0.781E-10
             0.120E+01             0.607E-10
             0.120E+01             0.471E-10
             0.121E+01             0.366E-10
             0.121E+01             0.283E-10
             0.122E+01             0.219E-10
             0.122E+01             0.169E-10
             0.123E+01             0.131E-10
             0.123E+01             0.101E-10
             0.124E+01             0.776E-11
             0.125E+01             0.597E-11
             0.125E+01             0.458E-11
             0.126E+01             0.352E-11
             0.126E+01             0.269E-11
             0.127E+01             0.206E-11
             0.127E+01             0.158E-11
             0.128E+01             0.120E-11
             0.128E+01             0.917E-12
             0.129E+01             0.698E-12
             0.130E+01             0.531E-12
             0.130E+01             0.403E-12
             0.131E+01             0.306E-12
             0.131E+01             0.232E-12
             0.132E+01             0.175E-12
             0.132E+01             0.133E-12
             0.133E+01             0.100E-12
             0.133E+01             0.755E-13
             0.134E+01             0.568E-13
             0.134E+01             0.428E-13
             0.135E+01             0.321E-13
             0.136E+01             0.241E-13
             0.136E+01             0.181E-13
             0.137E+01             0.135E-13
             0.137E+01             0.101E-13
             0.138E+01             0.754E-14
             0.138E+01             0.562E-14
             0.139E+01             0.419E-14
             0.139E+01             0.312E-14
             0.140E+01             0.232E-14
             0.140E+01             0.172E-14
             0.141E+01             0.127E-14
             0.142E+01             0.942E-15
             0.142E+01             0.697E-15
             0.143E+01             0.514E-15
             0.143E+01             0.379E-15
             0.144E+01             0.279E-15
             0.144E+01             0.206E-15
             0.145E+01             0.151E-15
             0.145E+01             0.111E-15
             0.146E+01             0.813E-16
             0.146E+01             0.595E-16
             0.147E+01             0.435E-16
             0.148E+01             0.318E-16
             0.148E+01             0.232E-16
             0.149E+01             0.169E-16
             0.149E+01             0.123E-16
             0.150E+01             0.893E-17
             0.150E+01             0.648E-17
             0.151E+01             0.470E-17
             0.151E+01             0.340E-17
             0.152E+01             0.246E-17
             0.152E+01             0.178E-17
             0.153E+01             0.128E-17
             0.154E+01             0.924E-18
             0.154E+01             0.665E-18
             0.155E+01             0.478E-18
             0.155E+01             0.343E-18
             0.156E+01             0.246E-18
             0.156E+01             0.176E-18
             0.157E+01             0.126E-18
             0.157E+01             0.900E-19
             0.158E+01             0.643E-19
             0.159E+01             0.458E-19
             0.159E+01             0.326E-19
             0.160E+01             0.232E-19
             0.160E+01             0.165E-19
             0.161E+01             0.117E-19
             0.161E+01             0.827E-20
             0.162E+01             0.585E-20
             0.162E+01             0.413E-20
             0.163E+01             0.292E-20
             0.163E+01             0.206E-20
             0.164E+01             0.145E-20
             0.165E+01             0.102E-20
             0.165E+01             0.715E-21
             0.166E+01             0.502E-21
             0.166E+01             0.351E-21
             0.167E+01             0.246E-21
             0.167E+01             0.172E-21
             0.168E+01             0.120E-21
             0.168E+01             0.836E-22
             0.169E+01             0.583E-22
             0.169E+01             0.405E-22
             0.170E+01             0.281E-22
             0.171E+01             0.195E-22
             0.171E+01             0.135E-22
             0.172E+01             0.936E-23
             0.172E+01             0.646E-23
             0.173E+01             0.446E-23
             0.173E+01             0.310E-23
             0.174E+01             0.212E-23
             0.174E+01             0.146E-23
             0.175E+01             0.100E-23
             0.175E+01             0.684E-24
             0.176E+01             0.468E-24
             0.177E+01             0.312E-24
             0.177E+01             0.220E-24
             0.178E+01             0.149E-24
             0.178E+01             0.103E-24
             0.179E+01             0.716E-25
             0.179E+01             0.470E-25
             0.180E+01             0.325E-25
             0.180E+01             0.212E-25
             0.181E+01             0.149E-25
             0.182E+01             0.111E-25
             0.182E+01             0.791E-26
             0.183E+01             0.462E-26
             0.183E+01             0.294E-26
             0.184E+01             0.179E-26
             0.184E+01             0.141E-26
             0.185E+01             0.690E-27
             0.185E+01             0.317E-27
             0.186E+01             0.265E-27
             0.186E+01             0.203E-27
             0.187E+01             0.127E-27
             0.188E+01             0.527E-28
             0.188E+01             0.377E-28
             0.189E+01             0.417E-28
             0.189E+01             0.149E-28
             0.190E+01             0.271E-28
             0.190E+01             0.177E-28
             0.191E+01             0.521E-30
             0.191E+01             0.266E-29
             0.192E+01             0.436E-28
             0.192E+01             0.140E-28
             0.193E+01             0.123E-28
             0.194E+01             0.484E-28
             0.194E+01             0.410E-28
             0.195E+01             0.203E-32
             0.195E+01             0.654E-30
             0.196E+01             0.161E-29
             0.196E+01             0.463E-30
             0.197E+01             0.150E-28
             0.197E+01             0.275E-28
             0.198E+01             0.348E-29
             0.198E+01             0.180E-31
             0.199E+01             0.204E-29
             0.200E+01             0.108E-28
             0.200E+01             0.134E-31
             0.201E+01             0.425E-30
             0.201E+01             0.282E-30
             0.202E+01             0.110E-28
             0.202E+01             0.236E-29
             0.203E+01             0.353E-30
             0.203E+01             0.235E-29
             0.204E+01             0.478E-29
             0.205E+01             0.262E-29
             0.205E+01             0.665E-29
             0.206E+01             0.552E-29
             0.206E+01             0.353E-29
             0.207E+01             0.230E-30
             0.207E+01             0.231E-28
             0.208E+01             0.775E-29
             0.208E+01             0.232E-29
             0.209E+01             0.163E-28
             0.209E+01             0.766E-28
             0.210E+01             0.888E-29
             0.211E+01             0.331E-31
             0.211E+01             0.717E-29
             0.212E+01             0.164E-30
             0.212E+01             0.474E-28
             0.213E+01             0.301E-28
             0.213E+01             0.294E-28
             0.214E+01             0.918E-31
             0.214E+01             0.804E-31
             0.215E+01             0.102E-30
             0.215E+01             0.226E-28
             0.216E+01             0.124E-28
             0.217E+01             0.131E-29
             0.217E+01             0.271E-29
             0.218E+01             0.136E-28
             0.218E+01             0.873E-29
             0.219E+01             0.519E-30
             0.219E+01             0.171E-29
             0.220E+01             0.207E-28
             0.220E+01             0.866E-29
             0.221E+01             0.110E-28
             0.221E+01             0.280E-29
             0.222E+01             0.104E-29
             0.223E+01             0.488E-29
             0.223E+01             0.111E-28
             0.224E+01             0.486E-29
             0.224E+01             0.237E-29
             0.225E+01             0.113E-33
             0.225E+01             0.268E-28
             0.226E+01             0.308E-28
             0.226E+01             0.655E-28
             0.227E+01             0.720E-28
             0.228E+01             0.331E-28
             0.228E+01             0.178E-29
             0.229E+01             0.350E-30
             0.229E+01             0.935E-30
             0.230E+01             0.107E-29
             0.230E+01             0.317E-29
             0.231E+01             0.904E-29
             0.231E+01             0.123E-29
             0.232E+01             0.516E-28
             0.232E+01             0.110E-28
             0.233E+01             0.198E-29
             0.234E+01             0.743E-30
             0.234E+01             0.806E-28
             0.235E+01             0.248E-28
             0.235E+01             0.934E-30
             0.236E+01             0.681E-30
             0.236E+01             0.402E-30
             0.237E+01             0.411E-28
             0.237E+01             0.719E-28
             0.238E+01             0.668E-29
             0.238E+01             0.767E-32
             0.239E+01             0.422E-29
             0.240E+01             0.120E-28
             0.240E+01             0.888E-29
             0.241E+01             0.700E-28
             0.241E+01             0.349E-28
             0.242E+01             0.283E-29
             0.242E+01             0.158E-31
             0.243E+01             0.304E-29
             0.243E+01             0.294E-29
             0.244E+01             0.888E-29
             0.244E+01             0.222E-29
             0.245E+01             0.854E-30
             0.246E+01             0.115E-29
             0.246E+01             0.120E-29
             0.247E+01             0.300E-29
             0.247E+01             0.639E-29
             0.248E+01             0.103E-28
             0.248E+01             0.517E-29
             0.249E+01             0.736E-29
             0.249E+01             0.230E-28
             0.250E+01             0.128E-29
             0.251E+01             0.145E-28
             0.251E+01             0.146E-28
             0.252E+01             0.148E-28
             0.252E+01             0.833E-28
             0.253E+01             0.126E-31
             0.253E+01             0.216E-29
             0.254E+01             0.437E-28
             0.254E+01             0.125E-28
             0.255E+01             0.557E-29
             0.255E+01             0.687E-29
             0.256E+01             0.549E-29
             0.257E+01             0.137E-28
             0.257E+01             0.369E-30
             0.258E+01             0.273E-29
             0.258E+01             0.161E-31
             0.259E+01             0.314E-29
             0.259E+01             0.130E-29
             0.260E+01             0.798E-32
             0.260E+01             0.285E-28
             0.261E+01             0.635E-29
             0.261E+01             0.683E-29
             0.262E+01             0.296E-28
             0.263E+01             0.877E-29
             0.263E+01             0.102E-28
             0.264E+01             0.215E-29
             0.264E+01             0.130E-28
             0.265E+01             0.121E-28
             0.265E+01             0.232E-28
             0.266E+01             0.168E-28
             0.266E+01             0.289E-30
             0.267E+01             0.738E-29
             0.267E+01             0.654E-29
             0.268E+01             0.388E-30
             0.269E+01             0.138E-28
             0.269E+01             0.135E-30
             0.270E+01             0.123E-29
             0.270E+01             0.302E-28
             0.271E+01             0.481E-29
             0.271E+01             0.868E-29
             0.272E+01             0.382E-29
             0.272E+01             0.915E-29
             0.273E+01             0.157E-29
             0.274E+01             0.170E-30
             0.274E+01             0.279E-29
             0.275E+01             0.548E-30
             0.275E+01             0.600E-30
             0.276E+01             0.525E-28
             0.276E+01             0.124E-28
             0.277E+01             0.377E-28
             0.277E+01             0.371E-30
             0.278E+01             0.169E-28
             0.278E+01             0.393E-30
             0.279E+01             0.314E-29
             0.280E+01             0.347E-29
             0.280E+01             0.119E-30
             0.281E+01             0.111E-28
             0.281E+01             0.537E-30
             0.282E+01             0.347E-29
             0.282E+01             0.219E-29
             0.283E+01             0.187E-29
             0.283E+01             0.346E-28
             0.284E+01             0.162E-29
             0.284E+01             0.208E-29
             0.285E+01             0.390E-30
             0.286E+01             0.387E-29
             0.286E+01             0.876E-29
             0.287E+01             0.353E-29
             0.287E+01             0.169E-30
             0.288E+01             0.137E-29
             0.288E+01             0.582E-29
             0.289E+01             0.197E-30
             0.289E+01             0.170E-28
             0.290E+01             0.172E-29
             0.290E+01             0.138E-28
             0.291E+01             0.469E-29
             0.292E+01             0.915E-30
             0.292E+01             0.208E-29
             0.293E+01             0.517E-29
             0.293E+01             0.287E-29
             0.294E+01             0.311E-29
             0.294E+01             0.300E-31
             0.295E+01             0.770E-29
             0.295E+01             0.124E-29
             0.296E+01             0.449E-29
             0.297E+01             0.174E-28
             0.297E+01             0.212E-29
             0.298E+01             0.124E-28
             0.298E+01             0.799E-29
             0.299E+01             0.146E-28
             0.299E+01             0.165E-29
             0.300E+01             0.158E-30
             0.300E+01             0.559E-30
             0.301E+01             0.359E-29
             0.301E+01             0.884E-29
             0.302E+01             0.788E-29
             0.303E+01             0.364E-28
             0.303E+01             0.136E-28
             0.304E+01             0.807E-29
             0.304E+01             0.144E-28
             0.305E+01             0.412E-29
             0.305E+01             0.719E-30
             0.306E+01             0.138E-28
             0.306E+01             0.359E-31
             0.307E+01             0.700E-29
             0.307E+01             0.110E-28
             0.308E+01             0.500E-29
             0.309E+01             0.213E-29
             0.309E+01             0.113E-28
             0.310E+01             0.118E-28
             0.310E+01             0.501E-31
             0.311E+01             0.865E-29
             0.311E+01             0.119E-28
             0.312E+01             0.124E-29
             0.312E+01             0.723E-30
             0.313E+01             0.272E-29
             0.313E+01             0.124E-29
             0.314E+01             0.176E-28
             0.315E+01             0.271E-29
             0.315E+01             0.274E-28
             0.316E+01             0.152E-29
             0.316E+01             0.143E-29
             0.317E+01             0.267E-30
             0.317E+01             0.181E-29
             0.318E+01             0.230E-29
             0.318E+01             0.744E-29
             0.319E+01             0.221E-29
             0.320E+01             0.540E-29
             0.320E+01             0.137E-28
             0.321E+01             0.726E-30
             0.321E+01             0.727E-29
             0.322E+01             0.125E-28
             0.322E+01             0.380E-29
             0.323E+01             0.109E-29
             0.323E+01             0.239E-29
             0.324E+01             0.149E-29
             0.324E+01             0.145E-28
             0.325E+01             0.674E-31
             0.326E+01             0.126E-29
             0.326E+01             0.630E-29
             0.327E+01             0.380E-31
             0.327E+01             0.586E-29
             0.328E+01             0.950E-29
             0.328E+01             0.385E-29
             0.329E+01             0.322E-31
             0.329E+01             0.592E-29
             0.330E+01             0.221E-30
             0.330E+01             0.117E-29
             0.331E+01             0.111E-30
             0.332E+01             0.170E-29
             0.332E+01             0.595E-30
             0.333E+01             0.675E-30
             0.333E+01             0.336E-28
             0.334E+01             0.641E-29
             0.334E+01             0.759E-29
             0.335E+01             0.513E-29
             0.335E+01             0.310E-29
             0.336E+01             0.214E-29
             0.336E+01             0.448E-29
             0.337E+01             0.774E-29
             0.338E+01             0.615E-29
             0.338E+01             0.107E-29
             0.339E+01             0.826E-30
             0.339E+01             0.823E-30
             0.340E+01             0.580E-30
             0.340E+01             0.905E-29
             0.341E+01             0.391E-32
             0.341E+01             0.231E-29
             0.342E+01             0.365E-30
             0.343E+01             0.605E-30
             0.343E+01             0.288E-30
             0.344E+01             0.232E-29
             0.344E+01             0.311E-29
             0.345E+01             0.913E-29
             0.345E+01             0.209E-29
             0.346E+01             0.312E-29
             0.346E+01             0.148E-29
             0.347E+01             0.313E-29
             0.347E+01             0.206E-29
             0.348E+01             0.139E-28
             0.349E+01             0.116E-32
             0.349E+01             0.207E-29
             0.350E+01             0.160E-30
             0.350E+01             0.185E-30
             0.351E+01             0.229E-32
             0.351E+01             0.451E-29
             0.352E+01             0.166E-29
             0.352E+01             0.448E-30
             0.353E+01             0.310E-30
             0.353E+01             0.892E-29
             0.354E+01             0.316E-29
             0.355E+01             0.976E-30
             0.355E+01             0.769E-29
             0.356E+01             0.112E-29
             0.356E+01             0.195E-32
             0.357E+01             0.682E-29
             0.357E+01             0.557E-30
             0.358E+01             0.957E-30
             0.358E+01             0.373E-29
             0.359E+01             0.888E-30
             0.359E+01             0.185E-29
             0.360E+01             0.532E-29
             0.361E+01             0.250E-30
             0.361E+01             0.837E-30
             0.362E+01             0.204E-29
             0.362E+01             0.162E-29
             0.363E+01             0.179E-28
             0.363E+01             0.693E-29
             0.364E+01             0.273E-30
             0.364E+01             0.281E-29
             0.365E+01             0.478E-30
             0.366E+01             0.202E-28
             0.366E+01             0.511E-30
             0.367E+01             0.324E-29
             0.367E+01             0.400E-29
             0.368E+01             0.399E-31
             0.368E+01             0.652E-29
             0.369E+01             0.231E-28
             0.369E+01             0.192E-29
             0.370E+01             0.263E-28
             0.370E+01             0.743E-30
             0.371E+01             0.959E-29
             0.372E+01             0.437E-29
             0.372E+01             0.137E-28
             0.373E+01             0.248E-29
             0.373E+01             0.211E-29
             0.374E+01             0.116E-29
             0.374E+01             0.633E-29
             0.375E+01             0.426E-29
             0.375E+01             0.941E-29
             0.376E+01             0.435E-29
             0.376E+01             0.238E-29
             0.377E+01             0.121E-30
             0.378E+01             0.294E-30
             0.378E+01             0.512E-29
             0.379E+01             0.104E-30
             0.379E+01             0.848E-29
             0.380E+01             0.169E-29
             0.380E+01             0.180E-30
             0.381E+01             0.714E-30
             0.381E+01             0.163E-29
             0.382E+01             0.236E-30
             0.382E+01             0.788E-29
             0.383E+01             0.811E-30
             0.384E+01             0.808E-30
             0.384E+01             0.121E-29
             0.385E+01             0.554E-29
             0.385E+01             0.267E-29
             0.386E+01             0.366E-29
             0.386E+01             0.425E-29
             0.387E+01             0.451E-29
             0.387E+01             0.177E-28
             0.388E+01             0.150E-29
             0.389E+01             0.323E-29
             0.389E+01             0.797E-30
             0.390E+01             0.983E-29
             0.390E+01             0.288E-28
             0.391E+01             0.583E-29
             0.391E+01             0.544E-29
             0.392E+01             0.480E-29
             0.392E+01             0.119E-29
             0.393E+01             0.498E-32
             0.393E+01             0.236E-29
             0.394E+01             0.985E-31
             0.395E+01             0.262E-29
             0.395E+01             0.297E-29
             0.396E+01             0.173E-29
             0.396E+01             0.219E-29
             0.397E+01             0.565E-30
             0.397E+01             0.269E-29
             0.398E+01             0.340E-29
             0.398E+01             0.173E-29
             0.399E+01             0.209E-29
             0.399E+01             0.342E-32
             0.400E+01             0.359E-30
