            -0.299E+01             0.648E-61
            -0.298E+01             0.540E-63
            -0.297E+01             0.441E-64
            -0.296E+01             0.250E-63
            -0.295E+01             0.163E-61
            -0.294E+01             0.250E-63
            -0.293E+01             0.314E-64
            -0.292E+01             0.875E-62
            -0.291E+01             0.759E-61
            -0.290E+01             0.267E-61
            -0.289E+01             0.142E-61
            -0.288E+01             0.691E-63
            -0.287E+01             0.533E-62
            -0.286E+01             0.451E-62
            -0.286E+01             0.195E-62
            -0.285E+01             0.121E-63
            -0.284E+01             0.141E-62
            -0.283E+01             0.123E-62
            -0.282E+01             0.179E-63
            -0.281E+01             0.241E-61
            -0.280E+01             0.129E-62
            -0.279E+01             0.219E-62
            -0.278E+01             0.192E-61
            -0.277E+01             0.898E-62
            -0.276E+01             0.315E-61
            -0.275E+01             0.191E-63
            -0.274E+01             0.172E-61
            -0.273E+01             0.109E-61
            -0.272E+01             0.565E-64
            -0.271E+01             0.219E-60
            -0.270E+01             0.506E-60
            -0.269E+01             0.969E-60
            -0.268E+01             0.251E-59
            -0.267E+01             0.837E-59
            -0.266E+01             0.249E-58
            -0.265E+01             0.618E-58
            -0.264E+01             0.181E-57
            -0.263E+01             0.502E-57
            -0.262E+01             0.138E-56
            -0.261E+01             0.372E-56
            -0.260E+01             0.100E-55
            -0.259E+01             0.269E-55
            -0.258E+01             0.723E-55
            -0.257E+01             0.193E-54
            -0.257E+01             0.512E-54
            -0.256E+01             0.136E-53
            -0.255E+01             0.358E-53
            -0.254E+01             0.943E-53
            -0.253E+01             0.247E-52
            -0.252E+01             0.645E-52
            -0.251E+01             0.168E-51
            -0.250E+01             0.435E-51
            -0.249E+01             0.112E-50
            -0.248E+01             0.289E-50
            -0.247E+01             0.742E-50
            -0.246E+01             0.189E-49
            -0.245E+01             0.482E-49
            -0.244E+01             0.122E-48
            -0.243E+01             0.309E-48
            -0.242E+01             0.778E-48
            -0.241E+01             0.195E-47
            -0.240E+01             0.488E-47
            -0.239E+01             0.121E-46
            -0.238E+01             0.301E-46
            -0.237E+01             0.745E-46
            -0.236E+01             0.183E-45
            -0.235E+01             0.450E-45
            -0.234E+01             0.110E-44
            -0.233E+01             0.268E-44
            -0.232E+01             0.650E-44
            -0.231E+01             0.157E-43
            -0.230E+01             0.379E-43
            -0.229E+01             0.909E-43
            -0.229E+01             0.217E-42
            -0.228E+01             0.518E-42
            -0.227E+01             0.123E-41
            -0.226E+01             0.291E-41
            -0.225E+01             0.685E-41
            -0.224E+01             0.161E-40
            -0.223E+01             0.376E-40
            -0.222E+01             0.876E-40
            -0.221E+01             0.203E-39
            -0.220E+01             0.471E-39
            -0.219E+01             0.108E-38
            -0.218E+01             0.249E-38
            -0.217E+01             0.570E-38
            -0.216E+01             0.130E-37
            -0.215E+01             0.295E-37
            -0.214E+01             0.667E-37
            -0.213E+01             0.150E-36
            -0.212E+01             0.338E-36
            -0.211E+01             0.755E-36
            -0.210E+01             0.168E-35
            -0.209E+01             0.374E-35
            -0.208E+01             0.828E-35
            -0.207E+01             0.182E-34
            -0.206E+01             0.401E-34
            -0.205E+01             0.877E-34
            -0.204E+01             0.191E-33
            -0.203E+01             0.415E-33
            -0.202E+01             0.899E-33
            -0.201E+01             0.194E-32
            -0.200E+01             0.416E-32
            -0.200E+01             0.891E-32
            -0.199E+01             0.190E-31
            -0.198E+01             0.403E-31
            -0.197E+01             0.854E-31
            -0.196E+01             0.180E-30
            -0.195E+01             0.378E-30
            -0.194E+01             0.792E-30
            -0.193E+01             0.165E-29
            -0.192E+01             0.343E-29
            -0.191E+01             0.710E-29
            -0.190E+01             0.146E-28
            -0.189E+01             0.301E-28
            -0.188E+01             0.615E-28
            -0.187E+01             0.125E-27
            -0.186E+01             0.255E-27
            -0.185E+01             0.516E-27
            -0.184E+01             0.104E-26
            -0.183E+01             0.209E-26
            -0.182E+01             0.418E-26
            -0.181E+01             0.833E-26
            -0.180E+01             0.166E-25
            -0.179E+01             0.328E-25
            -0.178E+01             0.646E-25
            -0.177E+01             0.127E-24
            -0.176E+01             0.248E-24
            -0.175E+01             0.484E-24
            -0.174E+01             0.940E-24
            -0.173E+01             0.182E-23
            -0.172E+01             0.351E-23
            -0.171E+01             0.674E-23
            -0.171E+01             0.129E-22
            -0.170E+01             0.246E-22
            -0.169E+01             0.467E-22
            -0.168E+01             0.883E-22
            -0.167E+01             0.166E-21
            -0.166E+01             0.313E-21
            -0.165E+01             0.585E-21
            -0.164E+01             0.109E-20
            -0.163E+01             0.202E-20
            -0.162E+01             0.374E-20
            -0.161E+01             0.690E-20
            -0.160E+01             0.127E-19
            -0.159E+01             0.232E-19
            -0.158E+01             0.422E-19
            -0.157E+01             0.766E-19
            -0.156E+01             0.139E-18
            -0.155E+01             0.250E-18
            -0.154E+01             0.448E-18
            -0.153E+01             0.802E-18
            -0.152E+01             0.143E-17
            -0.151E+01             0.253E-17
            -0.150E+01             0.448E-17
            -0.149E+01             0.789E-17
            -0.148E+01             0.138E-16
            -0.147E+01             0.242E-16
            -0.146E+01             0.422E-16
            -0.145E+01             0.732E-16
            -0.144E+01             0.126E-15
            -0.143E+01             0.218E-15
            -0.143E+01             0.373E-15
            -0.142E+01             0.638E-15
            -0.141E+01             0.109E-14
            -0.140E+01             0.184E-14
            -0.139E+01             0.311E-14
            -0.138E+01             0.524E-14
            -0.137E+01             0.878E-14
            -0.136E+01             0.147E-13
            -0.135E+01             0.244E-13
            -0.134E+01             0.405E-13
            -0.133E+01             0.668E-13
            -0.132E+01             0.110E-12
            -0.131E+01             0.180E-12
            -0.130E+01             0.294E-12
            -0.129E+01             0.478E-12
            -0.128E+01             0.775E-12
            -0.127E+01             0.125E-11
            -0.126E+01             0.201E-11
            -0.125E+01             0.322E-11
            -0.124E+01             0.514E-11
            -0.123E+01             0.817E-11
            -0.122E+01             0.129E-10
            -0.121E+01             0.204E-10
            -0.120E+01             0.321E-10
            -0.119E+01             0.502E-10
            -0.118E+01             0.782E-10
            -0.117E+01             0.122E-09
            -0.116E+01             0.188E-09
            -0.115E+01             0.290E-09
            -0.114E+01             0.445E-09
            -0.114E+01             0.681E-09
            -0.113E+01             0.104E-08
            -0.112E+01             0.157E-08
            -0.111E+01             0.238E-08
            -0.110E+01             0.358E-08
            -0.109E+01             0.538E-08
            -0.108E+01             0.804E-08
            -0.107E+01             0.120E-07
            -0.106E+01             0.177E-07
            -0.105E+01             0.262E-07
            -0.104E+01             0.386E-07
            -0.103E+01             0.565E-07
            -0.102E+01             0.825E-07
            -0.101E+01             0.120E-06
            -0.100E+01             0.174E-06
            -0.990E+00             0.251E-06
            -0.981E+00             0.361E-06
            -0.971E+00             0.516E-06
            -0.961E+00             0.737E-06
            -0.952E+00             0.105E-05
            -0.942E+00             0.148E-05
            -0.932E+00             0.209E-05
            -0.923E+00             0.293E-05
            -0.913E+00             0.410E-05
            -0.903E+00             0.571E-05
            -0.894E+00             0.792E-05
            -0.884E+00             0.109E-04
            -0.874E+00             0.151E-04
            -0.865E+00             0.207E-04
            -0.855E+00             0.282E-04
            -0.845E+00             0.384E-04
            -0.836E+00             0.520E-04
            -0.826E+00             0.702E-04
            -0.816E+00             0.943E-04
            -0.807E+00             0.126E-03
            -0.797E+00             0.168E-03
            -0.787E+00             0.224E-03
            -0.778E+00             0.296E-03
            -0.768E+00             0.390E-03
            -0.758E+00             0.511E-03
            -0.749E+00             0.668E-03
            -0.739E+00             0.869E-03
            -0.729E+00             0.113E-02
            -0.720E+00             0.145E-02
            -0.710E+00             0.187E-02
            -0.700E+00             0.239E-02
            -0.691E+00             0.305E-02
            -0.681E+00             0.388E-02
            -0.671E+00             0.490E-02
            -0.662E+00             0.618E-02
            -0.652E+00             0.775E-02
            -0.643E+00             0.968E-02
            -0.633E+00             0.120E-01
            -0.623E+00             0.149E-01
            -0.614E+00             0.184E-01
            -0.604E+00             0.226E-01
            -0.594E+00             0.276E-01
            -0.585E+00             0.337E-01
            -0.575E+00             0.408E-01
            -0.565E+00             0.493E-01
            -0.556E+00             0.593E-01
            -0.546E+00             0.709E-01
            -0.536E+00             0.846E-01
            -0.527E+00             0.100E+00
            -0.517E+00             0.119E+00
            -0.507E+00             0.139E+00
            -0.498E+00             0.163E+00
            -0.488E+00             0.190E+00
            -0.478E+00             0.221E+00
            -0.469E+00             0.255E+00
            -0.459E+00             0.294E+00
            -0.449E+00             0.336E+00
            -0.440E+00             0.383E+00
            -0.430E+00             0.435E+00
            -0.420E+00             0.491E+00
            -0.411E+00             0.551E+00
            -0.401E+00             0.617E+00
            -0.391E+00             0.686E+00
            -0.382E+00             0.760E+00
            -0.372E+00             0.837E+00
            -0.362E+00             0.917E+00
            -0.353E+00             0.100E+01
            -0.343E+00             0.109E+01
            -0.333E+00             0.117E+01
            -0.324E+00             0.126E+01
            -0.314E+00             0.134E+01
            -0.304E+00             0.143E+01
            -0.295E+00             0.151E+01
            -0.285E+00             0.158E+01
            -0.275E+00             0.165E+01
            -0.266E+00             0.171E+01
            -0.256E+00             0.176E+01
            -0.246E+00             0.180E+01
            -0.237E+00             0.183E+01
            -0.227E+00             0.185E+01
            -0.217E+00             0.186E+01
            -0.208E+00             0.185E+01
            -0.198E+00             0.182E+01
            -0.188E+00             0.179E+01
            -0.179E+00             0.173E+01
            -0.169E+00             0.167E+01
            -0.159E+00             0.159E+01
            -0.150E+00             0.150E+01
            -0.140E+00             0.139E+01
            -0.130E+00             0.128E+01
            -0.121E+00             0.116E+01
            -0.111E+00             0.104E+01
            -0.101E+00             0.910E+00
            -0.918E-01             0.782E+00
            -0.821E-01             0.656E+00
            -0.725E-01             0.535E+00
            -0.628E-01             0.422E+00
            -0.531E-01             0.317E+00
            -0.435E-01             0.225E+00
            -0.338E-01             0.146E+00
            -0.242E-01             0.834E-01
            -0.145E-01             0.374E-01
            -0.483E-02             0.941E-02
             0.483E-02             0.685E-25
             0.145E-01             0.941E-02
             0.242E-01             0.374E-01
             0.338E-01             0.834E-01
             0.435E-01             0.146E+00
             0.531E-01             0.225E+00
             0.628E-01             0.317E+00
             0.725E-01             0.422E+00
             0.821E-01             0.535E+00
             0.918E-01             0.656E+00
             0.101E+00             0.782E+00
             0.111E+00             0.910E+00
             0.121E+00             0.104E+01
             0.130E+00             0.116E+01
             0.140E+00             0.128E+01
             0.150E+00             0.139E+01
             0.159E+00             0.150E+01
             0.169E+00             0.159E+01
             0.179E+00             0.167E+01
             0.188E+00             0.173E+01
             0.198E+00             0.179E+01
             0.208E+00             0.182E+01
             0.217E+00             0.185E+01
             0.227E+00             0.186E+01
             0.237E+00             0.185E+01
             0.246E+00             0.183E+01
             0.256E+00             0.180E+01
             0.266E+00             0.176E+01
             0.275E+00             0.171E+01
             0.285E+00             0.165E+01
             0.295E+00             0.158E+01
             0.304E+00             0.151E+01
             0.314E+00             0.143E+01
             0.324E+00             0.134E+01
             0.333E+00             0.126E+01
             0.343E+00             0.117E+01
             0.353E+00             0.109E+01
             0.362E+00             0.100E+01
             0.372E+00             0.917E+00
             0.382E+00             0.837E+00
             0.391E+00             0.760E+00
             0.401E+00             0.686E+00
             0.411E+00             0.617E+00
             0.420E+00             0.551E+00
             0.430E+00             0.491E+00
             0.440E+00             0.435E+00
             0.449E+00             0.383E+00
             0.459E+00             0.336E+00
             0.469E+00             0.294E+00
             0.478E+00             0.255E+00
             0.488E+00             0.221E+00
             0.498E+00             0.190E+00
             0.507E+00             0.163E+00
             0.517E+00             0.139E+00
             0.527E+00             0.119E+00
             0.536E+00             0.100E+00
             0.546E+00             0.846E-01
             0.556E+00             0.709E-01
             0.565E+00             0.593E-01
             0.575E+00             0.493E-01
             0.585E+00             0.408E-01
             0.594E+00             0.337E-01
             0.604E+00             0.276E-01
             0.614E+00             0.226E-01
             0.623E+00             0.184E-01
             0.633E+00             0.149E-01
             0.643E+00             0.120E-01
             0.652E+00             0.968E-02
             0.662E+00             0.775E-02
             0.671E+00             0.618E-02
             0.681E+00             0.490E-02
             0.691E+00             0.388E-02
             0.700E+00             0.305E-02
             0.710E+00             0.239E-02
             0.720E+00             0.187E-02
             0.729E+00             0.145E-02
             0.739E+00             0.113E-02
             0.749E+00             0.869E-03
             0.758E+00             0.668E-03
             0.768E+00             0.511E-03
             0.778E+00             0.390E-03
             0.787E+00             0.296E-03
             0.797E+00             0.224E-03
             0.807E+00             0.168E-03
             0.816E+00             0.126E-03
             0.826E+00             0.943E-04
             0.836E+00             0.702E-04
             0.845E+00             0.520E-04
             0.855E+00             0.384E-04
             0.865E+00             0.282E-04
             0.874E+00             0.207E-04
             0.884E+00             0.151E-04
             0.894E+00             0.109E-04
             0.903E+00             0.792E-05
             0.913E+00             0.571E-05
             0.923E+00             0.410E-05
             0.932E+00             0.293E-05
             0.942E+00             0.209E-05
             0.952E+00             0.148E-05
             0.961E+00             0.105E-05
             0.971E+00             0.737E-06
             0.981E+00             0.516E-06
             0.990E+00             0.361E-06
             0.100E+01             0.251E-06
             0.101E+01             0.174E-06
             0.102E+01             0.120E-06
             0.103E+01             0.825E-07
             0.104E+01             0.565E-07
             0.105E+01             0.386E-07
             0.106E+01             0.262E-07
             0.107E+01             0.177E-07
             0.108E+01             0.120E-07
             0.109E+01             0.804E-08
             0.110E+01             0.538E-08
             0.111E+01             0.358E-08
             0.112E+01             0.238E-08
             0.113E+01             0.157E-08
             0.114E+01             0.104E-08
             0.114E+01             0.681E-09
             0.115E+01             0.445E-09
             0.116E+01             0.290E-09
             0.117E+01             0.188E-09
             0.118E+01             0.122E-09
             0.119E+01             0.782E-10
             0.120E+01             0.502E-10
             0.121E+01             0.321E-10
             0.122E+01             0.204E-10
             0.123E+01             0.129E-10
             0.124E+01             0.817E-11
             0.125E+01             0.514E-11
             0.126E+01             0.322E-11
             0.127E+01             0.201E-11
             0.128E+01             0.125E-11
             0.129E+01             0.775E-12
             0.130E+01             0.478E-12
             0.131E+01             0.294E-12
             0.132E+01             0.180E-12
             0.133E+01             0.110E-12
             0.134E+01             0.668E-13
             0.135E+01             0.405E-13
             0.136E+01             0.244E-13
             0.137E+01             0.147E-13
             0.138E+01             0.878E-14
             0.139E+01             0.524E-14
             0.140E+01             0.311E-14
             0.141E+01             0.184E-14
             0.142E+01             0.109E-14
             0.143E+01             0.638E-15
             0.143E+01             0.373E-15
             0.144E+01             0.218E-15
             0.145E+01             0.126E-15
             0.146E+01             0.732E-16
             0.147E+01             0.422E-16
             0.148E+01             0.242E-16
             0.149E+01             0.138E-16
             0.150E+01             0.789E-17
             0.151E+01             0.448E-17
             0.152E+01             0.253E-17
             0.153E+01             0.143E-17
             0.154E+01             0.802E-18
             0.155E+01             0.448E-18
             0.156E+01             0.250E-18
             0.157E+01             0.139E-18
             0.158E+01             0.766E-19
             0.159E+01             0.422E-19
             0.160E+01             0.232E-19
             0.161E+01             0.127E-19
             0.162E+01             0.690E-20
             0.163E+01             0.374E-20
             0.164E+01             0.202E-20
             0.165E+01             0.109E-20
             0.166E+01             0.585E-21
             0.167E+01             0.313E-21
             0.168E+01             0.167E-21
             0.169E+01             0.884E-22
             0.170E+01             0.467E-22
             0.171E+01             0.246E-22
             0.171E+01             0.129E-22
             0.172E+01             0.673E-23
             0.173E+01             0.349E-23
             0.174E+01             0.181E-23
             0.175E+01             0.934E-24
             0.176E+01             0.489E-24
             0.177E+01             0.250E-24
             0.178E+01             0.127E-24
             0.179E+01             0.640E-25
             0.180E+01             0.310E-25
             0.181E+01             0.160E-25
             0.182E+01             0.784E-26
             0.183E+01             0.404E-26
             0.184E+01             0.221E-26
             0.185E+01             0.102E-26
             0.186E+01             0.487E-27
             0.187E+01             0.256E-27
             0.188E+01             0.212E-27
             0.189E+01             0.224E-27
             0.190E+01             0.800E-28
             0.191E+01             0.116E-28
             0.192E+01             0.145E-29
             0.193E+01             0.811E-29
             0.194E+01             0.304E-29
             0.195E+01             0.319E-31
             0.196E+01             0.556E-31
             0.197E+01             0.168E-28
             0.198E+01             0.150E-28
             0.199E+01             0.168E-31
             0.200E+01             0.872E-32
             0.200E+01             0.804E-31
             0.201E+01             0.837E-30
             0.202E+01             0.261E-29
             0.203E+01             0.118E-28
             0.204E+01             0.217E-29
             0.205E+01             0.460E-31
             0.206E+01             0.854E-30
             0.207E+01             0.444E-30
             0.208E+01             0.462E-29
             0.209E+01             0.171E-30
             0.210E+01             0.254E-30
             0.211E+01             0.526E-29
             0.212E+01             0.828E-31
             0.213E+01             0.201E-32
             0.214E+01             0.123E-29
             0.215E+01             0.360E-29
             0.216E+01             0.402E-29
             0.217E+01             0.617E-29
             0.218E+01             0.370E-30
             0.219E+01             0.448E-30
             0.220E+01             0.411E-30
             0.221E+01             0.100E-30
             0.222E+01             0.297E-29
             0.223E+01             0.232E-29
             0.224E+01             0.996E-30
             0.225E+01             0.578E-29
             0.226E+01             0.206E-29
             0.227E+01             0.573E-30
             0.228E+01             0.885E-30
             0.229E+01             0.407E-30
             0.229E+01             0.459E-30
             0.230E+01             0.407E-30
             0.231E+01             0.587E-30
             0.232E+01             0.287E-29
             0.233E+01             0.135E-30
             0.234E+01             0.938E-29
             0.235E+01             0.144E-29
             0.236E+01             0.204E-29
             0.237E+01             0.157E-29
             0.238E+01             0.648E-30
             0.239E+01             0.125E-28
             0.240E+01             0.603E-30
             0.241E+01             0.143E-29
             0.242E+01             0.255E-30
             0.243E+01             0.244E-29
             0.244E+01             0.280E-32
             0.245E+01             0.367E-29
             0.246E+01             0.377E-29
             0.247E+01             0.330E-29
             0.248E+01             0.156E-29
             0.249E+01             0.555E-30
             0.250E+01             0.389E-30
             0.251E+01             0.372E-31
             0.252E+01             0.647E-29
             0.253E+01             0.161E-31
             0.254E+01             0.851E-31
             0.255E+01             0.930E-30
             0.256E+01             0.116E-29
             0.257E+01             0.104E-29
             0.257E+01             0.177E-31
             0.258E+01             0.197E-30
             0.259E+01             0.130E-32
             0.260E+01             0.935E-30
             0.261E+01             0.212E-31
             0.262E+01             0.508E-29
             0.263E+01             0.582E-30
             0.264E+01             0.134E-30
             0.265E+01             0.117E-29
             0.266E+01             0.173E-29
             0.267E+01             0.445E-29
             0.268E+01             0.149E-29
             0.269E+01             0.243E-29
             0.270E+01             0.350E-30
             0.271E+01             0.618E-29
             0.272E+01             0.130E-28
             0.273E+01             0.464E-29
             0.274E+01             0.224E-29
             0.275E+01             0.601E-29
             0.276E+01             0.508E-29
             0.277E+01             0.160E-29
             0.278E+01             0.868E-31
             0.279E+01             0.305E-29
             0.280E+01             0.175E-29
             0.281E+01             0.149E-29
             0.282E+01             0.127E-30
             0.283E+01             0.104E-30
             0.284E+01             0.361E-29
             0.285E+01             0.123E-30
             0.286E+01             0.313E-29
             0.286E+01             0.177E-29
             0.287E+01             0.281E-32
             0.288E+01             0.364E-29
             0.289E+01             0.226E-29
             0.290E+01             0.101E-29
             0.291E+01             0.940E-30
             0.292E+01             0.887E-30
             0.293E+01             0.203E-29
             0.294E+01             0.340E-29
             0.295E+01             0.293E-31
             0.296E+01             0.658E-29
             0.297E+01             0.372E-29
             0.298E+01             0.257E-30
             0.299E+01             0.675E-29
             0.300E+01             0.473E-31
