            -0.399E+01             0.345E-60
            -0.398E+01             0.732E-61
            -0.398E+01             0.646E-61
            -0.397E+01             0.496E-61
            -0.396E+01             0.101E-60
            -0.395E+01             0.302E-60
            -0.395E+01             0.223E-60
            -0.394E+01             0.533E-61
            -0.393E+01             0.306E-60
            -0.392E+01             0.227E-60
            -0.392E+01             0.215E-60
            -0.391E+01             0.113E-61
            -0.390E+01             0.424E-60
            -0.389E+01             0.184E-61
            -0.388E+01             0.167E-61
            -0.388E+01             0.111E-61
            -0.387E+01             0.645E-62
            -0.386E+01             0.118E-66
            -0.385E+01             0.938E-62
            -0.385E+01             0.340E-60
            -0.384E+01             0.131E-61
            -0.383E+01             0.941E-62
            -0.382E+01             0.585E-61
            -0.382E+01             0.180E-60
            -0.381E+01             0.104E-61
            -0.380E+01             0.469E-60
            -0.379E+01             0.168E-61
            -0.378E+01             0.368E-60
            -0.378E+01             0.302E-62
            -0.377E+01             0.257E-60
            -0.376E+01             0.160E-63
            -0.375E+01             0.164E-61
            -0.375E+01             0.948E-61
            -0.374E+01             0.701E-62
            -0.373E+01             0.507E-61
            -0.372E+01             0.750E-63
            -0.372E+01             0.354E-61
            -0.371E+01             0.110E-60
            -0.370E+01             0.111E-60
            -0.369E+01             0.120E-60
            -0.368E+01             0.150E-61
            -0.368E+01             0.124E-60
            -0.367E+01             0.213E-60
            -0.366E+01             0.227E-60
            -0.365E+01             0.269E-60
            -0.365E+01             0.299E-61
            -0.364E+01             0.876E-61
            -0.363E+01             0.515E-62
            -0.362E+01             0.305E-60
            -0.362E+01             0.748E-65
            -0.361E+01             0.976E-60
            -0.360E+01             0.204E-61
            -0.359E+01             0.132E-61
            -0.359E+01             0.242E-60
            -0.358E+01             0.141E-61
            -0.357E+01             0.213E-61
            -0.356E+01             0.697E-62
            -0.355E+01             0.110E-60
            -0.355E+01             0.155E-60
            -0.354E+01             0.350E-60
            -0.353E+01             0.768E-61
            -0.352E+01             0.160E-60
            -0.352E+01             0.903E-63
            -0.351E+01             0.184E-60
            -0.350E+01             0.489E-61
            -0.349E+01             0.649E-63
            -0.349E+01             0.462E-62
            -0.348E+01             0.143E-60
            -0.347E+01             0.488E-61
            -0.346E+01             0.595E-61
            -0.345E+01             0.261E-61
            -0.345E+01             0.272E-60
            -0.344E+01             0.319E-61
            -0.343E+01             0.805E-61
            -0.342E+01             0.113E-64
            -0.342E+01             0.361E-62
            -0.341E+01             0.721E-61
            -0.340E+01             0.369E-61
            -0.339E+01             0.276E-60
            -0.339E+01             0.940E-61
            -0.338E+01             0.104E-61
            -0.337E+01             0.191E-60
            -0.336E+01             0.982E-63
            -0.335E+01             0.940E-61
            -0.335E+01             0.825E-63
            -0.334E+01             0.110E-60
            -0.333E+01             0.111E-60
            -0.332E+01             0.121E-60
            -0.332E+01             0.927E-63
            -0.331E+01             0.977E-61
            -0.330E+01             0.418E-60
            -0.329E+01             0.900E-62
            -0.329E+01             0.268E-60
            -0.328E+01             0.343E-64
            -0.327E+01             0.380E-60
            -0.326E+01             0.394E-61
            -0.325E+01             0.337E-61
            -0.325E+01             0.425E-60
            -0.324E+01             0.513E-61
            -0.323E+01             0.544E-60
            -0.322E+01             0.117E-60
            -0.322E+01             0.364E-60
            -0.321E+01             0.136E-60
            -0.320E+01             0.149E-61
            -0.319E+01             0.260E-61
            -0.319E+01             0.915E-61
            -0.318E+01             0.248E-60
            -0.317E+01             0.684E-62
            -0.316E+01             0.261E-62
            -0.315E+01             0.130E-60
            -0.315E+01             0.115E-60
            -0.314E+01             0.797E-61
            -0.313E+01             0.143E-60
            -0.312E+01             0.207E-60
            -0.312E+01             0.134E-63
            -0.311E+01             0.186E-61
            -0.310E+01             0.733E-66
            -0.309E+01             0.168E-60
            -0.309E+01             0.843E-63
            -0.308E+01             0.297E-62
            -0.307E+01             0.626E-61
            -0.306E+01             0.224E-60
            -0.305E+01             0.256E-62
            -0.305E+01             0.748E-61
            -0.304E+01             0.597E-62
            -0.303E+01             0.225E-62
            -0.302E+01             0.629E-62
            -0.302E+01             0.280E-62
            -0.301E+01             0.182E-60
            -0.300E+01             0.117E-61
            -0.299E+01             0.100E-60
            -0.299E+01             0.670E-61
            -0.298E+01             0.297E-63
            -0.297E+01             0.378E-62
            -0.296E+01             0.870E-61
            -0.295E+01             0.303E-61
            -0.295E+01             0.191E-60
            -0.294E+01             0.111E-60
            -0.293E+01             0.199E-61
            -0.292E+01             0.198E-61
            -0.292E+01             0.229E-60
            -0.291E+01             0.156E-62
            -0.290E+01             0.182E-60
            -0.289E+01             0.449E-60
            -0.289E+01             0.399E-63
            -0.288E+01             0.264E-62
            -0.287E+01             0.965E-63
            -0.286E+01             0.134E-60
            -0.285E+01             0.273E-60
            -0.285E+01             0.181E-60
            -0.284E+01             0.126E-61
            -0.283E+01             0.188E-61
            -0.282E+01             0.201E-60
            -0.282E+01             0.237E-61
            -0.281E+01             0.666E-61
            -0.280E+01             0.386E-61
            -0.279E+01             0.250E-62
            -0.279E+01             0.134E-61
            -0.278E+01             0.141E-60
            -0.277E+01             0.581E-61
            -0.276E+01             0.253E-61
            -0.276E+01             0.681E-62
            -0.275E+01             0.182E-60
            -0.274E+01             0.212E-61
            -0.273E+01             0.199E-61
            -0.272E+01             0.397E-62
            -0.272E+01             0.213E-60
            -0.271E+01             0.176E-62
            -0.270E+01             0.215E-61
            -0.269E+01             0.315E-60
            -0.269E+01             0.158E-60
            -0.268E+01             0.932E-61
            -0.267E+01             0.769E-60
            -0.266E+01             0.170E-60
            -0.266E+01             0.245E-60
            -0.265E+01             0.151E-60
            -0.264E+01             0.176E-59
            -0.263E+01             0.256E-59
            -0.262E+01             0.452E-59
            -0.262E+01             0.642E-59
            -0.261E+01             0.225E-58
            -0.260E+01             0.466E-58
            -0.259E+01             0.100E-57
            -0.259E+01             0.207E-57
            -0.258E+01             0.488E-57
            -0.257E+01             0.104E-56
            -0.256E+01             0.225E-56
            -0.256E+01             0.488E-56
            -0.255E+01             0.107E-55
            -0.254E+01             0.231E-55
            -0.253E+01             0.503E-55
            -0.252E+01             0.109E-54
            -0.252E+01             0.236E-54
            -0.251E+01             0.510E-54
            -0.250E+01             0.110E-53
            -0.249E+01             0.235E-53
            -0.249E+01             0.505E-53
            -0.248E+01             0.108E-52
            -0.247E+01             0.230E-52
            -0.246E+01             0.490E-52
            -0.246E+01             0.104E-51
            -0.245E+01             0.220E-51
            -0.244E+01             0.465E-51
            -0.243E+01             0.981E-51
            -0.242E+01             0.206E-50
            -0.242E+01             0.433E-50
            -0.241E+01             0.907E-50
            -0.240E+01             0.189E-49
            -0.239E+01             0.395E-49
            -0.239E+01             0.821E-49
            -0.238E+01             0.170E-48
            -0.237E+01             0.352E-48
            -0.236E+01             0.727E-48
            -0.236E+01             0.150E-47
            -0.235E+01             0.308E-47
            -0.234E+01             0.631E-47
            -0.233E+01             0.129E-46
            -0.232E+01             0.264E-46
            -0.232E+01             0.537E-46
            -0.231E+01             0.109E-45
            -0.230E+01             0.221E-45
            -0.229E+01             0.447E-45
            -0.229E+01             0.901E-45
            -0.228E+01             0.181E-44
            -0.227E+01             0.364E-44
            -0.226E+01             0.729E-44
            -0.226E+01             0.146E-43
            -0.225E+01             0.291E-43
            -0.224E+01             0.578E-43
            -0.223E+01             0.115E-42
            -0.222E+01             0.227E-42
            -0.222E+01             0.449E-42
            -0.221E+01             0.884E-42
            -0.220E+01             0.174E-41
            -0.219E+01             0.341E-41
            -0.219E+01             0.667E-41
            -0.218E+01             0.130E-40
            -0.217E+01             0.254E-40
            -0.216E+01             0.493E-40
            -0.216E+01             0.956E-40
            -0.215E+01             0.185E-39
            -0.214E+01             0.357E-39
            -0.213E+01             0.687E-39
            -0.212E+01             0.132E-38
            -0.212E+01             0.253E-38
            -0.211E+01             0.484E-38
            -0.210E+01             0.923E-38
            -0.209E+01             0.176E-37
            -0.209E+01             0.333E-37
            -0.208E+01             0.632E-37
            -0.207E+01             0.119E-36
            -0.206E+01             0.225E-36
            -0.206E+01             0.423E-36
            -0.205E+01             0.794E-36
            -0.204E+01             0.149E-35
            -0.203E+01             0.278E-35
            -0.202E+01             0.518E-35
            -0.202E+01             0.962E-35
            -0.201E+01             0.178E-34
            -0.200E+01             0.330E-34
            -0.199E+01             0.610E-34
            -0.199E+01             0.112E-33
            -0.198E+01             0.206E-33
            -0.197E+01             0.378E-33
            -0.196E+01             0.692E-33
            -0.196E+01             0.126E-32
            -0.195E+01             0.230E-32
            -0.194E+01             0.418E-32
            -0.193E+01             0.757E-32
            -0.193E+01             0.137E-31
            -0.192E+01             0.247E-31
            -0.191E+01             0.444E-31
            -0.190E+01             0.797E-31
            -0.189E+01             0.143E-30
            -0.189E+01             0.255E-30
            -0.188E+01             0.454E-30
            -0.187E+01             0.808E-30
            -0.186E+01             0.143E-29
            -0.186E+01             0.254E-29
            -0.185E+01             0.448E-29
            -0.184E+01             0.790E-29
            -0.183E+01             0.139E-28
            -0.183E+01             0.243E-28
            -0.182E+01             0.426E-28
            -0.181E+01             0.743E-28
            -0.180E+01             0.129E-27
            -0.179E+01             0.225E-27
            -0.179E+01             0.390E-27
            -0.178E+01             0.674E-27
            -0.177E+01             0.116E-26
            -0.176E+01             0.200E-26
            -0.176E+01             0.344E-26
            -0.175E+01             0.589E-26
            -0.174E+01             0.101E-25
            -0.173E+01             0.172E-25
            -0.173E+01             0.292E-25
            -0.172E+01             0.495E-25
            -0.171E+01             0.839E-25
            -0.170E+01             0.142E-24
            -0.169E+01             0.239E-24
            -0.169E+01             0.401E-24
            -0.168E+01             0.673E-24
            -0.167E+01             0.113E-23
            -0.166E+01             0.188E-23
            -0.166E+01             0.313E-23
            -0.165E+01             0.520E-23
            -0.164E+01             0.863E-23
            -0.163E+01             0.143E-22
            -0.163E+01             0.235E-22
            -0.162E+01             0.388E-22
            -0.161E+01             0.637E-22
            -0.160E+01             0.104E-21
            -0.159E+01             0.170E-21
            -0.159E+01             0.278E-21
            -0.158E+01             0.452E-21
            -0.157E+01             0.734E-21
            -0.156E+01             0.119E-20
            -0.156E+01             0.192E-20
            -0.155E+01             0.310E-20
            -0.154E+01             0.498E-20
            -0.153E+01             0.799E-20
            -0.153E+01             0.128E-19
            -0.152E+01             0.204E-19
            -0.151E+01             0.325E-19
            -0.150E+01             0.517E-19
            -0.149E+01             0.819E-19
            -0.149E+01             0.130E-18
            -0.148E+01             0.205E-18
            -0.147E+01             0.322E-18
            -0.146E+01             0.506E-18
            -0.146E+01             0.793E-18
            -0.145E+01             0.124E-17
            -0.144E+01             0.193E-17
            -0.143E+01             0.301E-17
            -0.143E+01             0.467E-17
            -0.142E+01             0.723E-17
            -0.141E+01             0.112E-16
            -0.140E+01             0.172E-16
            -0.139E+01             0.265E-16
            -0.139E+01             0.406E-16
            -0.138E+01             0.622E-16
            -0.137E+01             0.950E-16
            -0.136E+01             0.145E-15
            -0.136E+01             0.220E-15
            -0.135E+01             0.333E-15
            -0.134E+01             0.504E-15
            -0.133E+01             0.761E-15
            -0.133E+01             0.115E-14
            -0.132E+01             0.172E-14
            -0.131E+01             0.258E-14
            -0.130E+01             0.386E-14
            -0.129E+01             0.575E-14
            -0.129E+01             0.856E-14
            -0.128E+01             0.127E-13
            -0.127E+01             0.188E-13
            -0.126E+01             0.278E-13
            -0.126E+01             0.410E-13
            -0.125E+01             0.603E-13
            -0.124E+01             0.885E-13
            -0.123E+01             0.130E-12
            -0.123E+01             0.189E-12
            -0.122E+01             0.276E-12
            -0.121E+01             0.401E-12
            -0.120E+01             0.581E-12
            -0.120E+01             0.840E-12
            -0.119E+01             0.121E-11
            -0.118E+01             0.175E-11
            -0.117E+01             0.251E-11
            -0.116E+01             0.359E-11
            -0.116E+01             0.514E-11
            -0.115E+01             0.733E-11
            -0.114E+01             0.104E-10
            -0.113E+01             0.148E-10
            -0.113E+01             0.210E-10
            -0.112E+01             0.296E-10
            -0.111E+01             0.418E-10
            -0.110E+01             0.588E-10
            -0.110E+01             0.824E-10
            -0.109E+01             0.115E-09
            -0.108E+01             0.161E-09
            -0.107E+01             0.225E-09
            -0.106E+01             0.312E-09
            -0.106E+01             0.433E-09
            -0.105E+01             0.599E-09
            -0.104E+01             0.826E-09
            -0.103E+01             0.114E-08
            -0.103E+01             0.156E-08
            -0.102E+01             0.214E-08
            -0.101E+01             0.293E-08
            -0.100E+01             0.399E-08
            -0.995E+00             0.543E-08
            -0.988E+00             0.738E-08
            -0.980E+00             0.999E-08
            -0.972E+00             0.135E-07
            -0.964E+00             0.182E-07
            -0.957E+00             0.245E-07
            -0.949E+00             0.328E-07
            -0.941E+00             0.439E-07
            -0.934E+00             0.587E-07
            -0.926E+00             0.782E-07
            -0.918E+00             0.104E-06
            -0.911E+00             0.138E-06
            -0.903E+00             0.182E-06
            -0.895E+00             0.241E-06
            -0.888E+00             0.317E-06
            -0.880E+00             0.416E-06
            -0.872E+00             0.545E-06
            -0.865E+00             0.713E-06
            -0.857E+00             0.929E-06
            -0.849E+00             0.121E-05
            -0.841E+00             0.157E-05
            -0.834E+00             0.203E-05
            -0.826E+00             0.263E-05
            -0.818E+00             0.339E-05
            -0.811E+00             0.435E-05
            -0.803E+00             0.559E-05
            -0.795E+00             0.715E-05
            -0.788E+00             0.913E-05
            -0.780E+00             0.116E-04
            -0.772E+00             0.148E-04
            -0.765E+00             0.187E-04
            -0.757E+00             0.237E-04
            -0.749E+00             0.299E-04
            -0.742E+00             0.376E-04
            -0.734E+00             0.473E-04
            -0.726E+00             0.592E-04
            -0.719E+00             0.741E-04
            -0.711E+00             0.923E-04
            -0.703E+00             0.115E-03
            -0.695E+00             0.143E-03
            -0.688E+00             0.177E-03
            -0.680E+00             0.218E-03
            -0.672E+00             0.269E-03
            -0.665E+00             0.331E-03
            -0.657E+00             0.406E-03
            -0.649E+00             0.496E-03
            -0.642E+00             0.606E-03
            -0.634E+00             0.738E-03
            -0.626E+00             0.897E-03
            -0.619E+00             0.109E-02
            -0.611E+00             0.131E-02
            -0.603E+00             0.159E-02
            -0.596E+00             0.191E-02
            -0.588E+00             0.229E-02
            -0.580E+00             0.275E-02
            -0.573E+00             0.328E-02
            -0.565E+00             0.392E-02
            -0.557E+00             0.466E-02
            -0.549E+00             0.553E-02
            -0.542E+00             0.654E-02
            -0.534E+00             0.773E-02
            -0.526E+00             0.911E-02
            -0.519E+00             0.107E-01
            -0.511E+00             0.126E-01
            -0.503E+00             0.147E-01
            -0.496E+00             0.172E-01
            -0.488E+00             0.200E-01
            -0.480E+00             0.232E-01
            -0.473E+00             0.269E-01
            -0.465E+00             0.311E-01
            -0.457E+00             0.359E-01
            -0.450E+00             0.413E-01
            -0.442E+00             0.474E-01
            -0.434E+00             0.543E-01
            -0.427E+00             0.621E-01
            -0.419E+00             0.708E-01
            -0.411E+00             0.805E-01
            -0.403E+00             0.914E-01
            -0.396E+00             0.103E+00
            -0.388E+00             0.117E+00
            -0.380E+00             0.132E+00
            -0.373E+00             0.148E+00
            -0.365E+00             0.166E+00
            -0.357E+00             0.186E+00
            -0.350E+00             0.207E+00
            -0.342E+00             0.231E+00
            -0.334E+00             0.256E+00
            -0.327E+00             0.284E+00
            -0.319E+00             0.314E+00
            -0.311E+00             0.346E+00
            -0.304E+00             0.381E+00
            -0.296E+00             0.418E+00
            -0.288E+00             0.458E+00
            -0.280E+00             0.501E+00
            -0.273E+00             0.546E+00
            -0.265E+00             0.594E+00
            -0.257E+00             0.644E+00
            -0.250E+00             0.697E+00
            -0.242E+00             0.753E+00
            -0.234E+00             0.811E+00
            -0.227E+00             0.871E+00
            -0.219E+00             0.934E+00
            -0.211E+00             0.999E+00
            -0.204E+00             0.107E+01
            -0.196E+00             0.114E+01
            -0.188E+00             0.121E+01
            -0.181E+00             0.128E+01
            -0.173E+00             0.135E+01
            -0.165E+00             0.142E+01
            -0.158E+00             0.150E+01
            -0.150E+00             0.157E+01
            -0.142E+00             0.165E+01
            -0.134E+00             0.172E+01
            -0.127E+00             0.179E+01
            -0.119E+00             0.186E+01
            -0.111E+00             0.193E+01
            -0.104E+00             0.200E+01
            -0.961E-01             0.207E+01
            -0.884E-01             0.213E+01
            -0.807E-01             0.219E+01
            -0.730E-01             0.224E+01
            -0.653E-01             0.229E+01
            -0.576E-01             0.234E+01
            -0.500E-01             0.238E+01
            -0.423E-01             0.242E+01
            -0.346E-01             0.245E+01
            -0.269E-01             0.248E+01
            -0.192E-01             0.250E+01
            -0.115E-01             0.251E+01
            -0.384E-02             0.252E+01
             0.384E-02             0.252E+01
             0.115E-01             0.252E+01
             0.192E-01             0.251E+01
             0.269E-01             0.250E+01
             0.346E-01             0.248E+01
             0.423E-01             0.245E+01
             0.500E-01             0.242E+01
             0.576E-01             0.238E+01
             0.653E-01             0.234E+01
             0.730E-01             0.229E+01
             0.807E-01             0.224E+01
             0.884E-01             0.219E+01
             0.961E-01             0.213E+01
             0.104E+00             0.207E+01
             0.111E+00             0.200E+01
             0.119E+00             0.193E+01
             0.127E+00             0.186E+01
             0.134E+00             0.179E+01
             0.142E+00             0.172E+01
             0.150E+00             0.165E+01
             0.158E+00             0.157E+01
             0.165E+00             0.150E+01
             0.173E+00             0.142E+01
             0.181E+00             0.135E+01
             0.188E+00             0.128E+01
             0.196E+00             0.121E+01
             0.204E+00             0.114E+01
             0.211E+00             0.107E+01
             0.219E+00             0.999E+00
             0.227E+00             0.934E+00
             0.234E+00             0.871E+00
             0.242E+00             0.811E+00
             0.250E+00             0.753E+00
             0.257E+00             0.697E+00
             0.265E+00             0.644E+00
             0.273E+00             0.594E+00
             0.280E+00             0.546E+00
             0.288E+00             0.501E+00
             0.296E+00             0.458E+00
             0.304E+00             0.418E+00
             0.311E+00             0.381E+00
             0.319E+00             0.346E+00
             0.327E+00             0.314E+00
             0.334E+00             0.284E+00
             0.342E+00             0.256E+00
             0.350E+00             0.231E+00
             0.357E+00             0.207E+00
             0.365E+00             0.186E+00
             0.373E+00             0.166E+00
             0.380E+00             0.148E+00
             0.388E+00             0.132E+00
             0.396E+00             0.117E+00
             0.403E+00             0.103E+00
             0.411E+00             0.914E-01
             0.419E+00             0.805E-01
             0.427E+00             0.708E-01
             0.434E+00             0.621E-01
             0.442E+00             0.543E-01
             0.450E+00             0.474E-01
             0.457E+00             0.413E-01
             0.465E+00             0.359E-01
             0.473E+00             0.311E-01
             0.480E+00             0.269E-01
             0.488E+00             0.232E-01
             0.496E+00             0.200E-01
             0.503E+00             0.172E-01
             0.511E+00             0.147E-01
             0.519E+00             0.126E-01
             0.526E+00             0.107E-01
             0.534E+00             0.911E-02
             0.542E+00             0.773E-02
             0.549E+00             0.654E-02
             0.557E+00             0.553E-02
             0.565E+00             0.466E-02
             0.573E+00             0.392E-02
             0.580E+00             0.328E-02
             0.588E+00             0.275E-02
             0.596E+00             0.229E-02
             0.603E+00             0.191E-02
             0.611E+00             0.159E-02
             0.619E+00             0.131E-02
             0.626E+00             0.109E-02
             0.634E+00             0.897E-03
             0.642E+00             0.738E-03
             0.649E+00             0.606E-03
             0.657E+00             0.496E-03
             0.665E+00             0.406E-03
             0.672E+00             0.331E-03
             0.680E+00             0.269E-03
             0.688E+00             0.218E-03
             0.695E+00             0.177E-03
             0.703E+00             0.143E-03
             0.711E+00             0.115E-03
             0.719E+00             0.923E-04
             0.726E+00             0.741E-04
             0.734E+00             0.592E-04
             0.742E+00             0.473E-04
             0.749E+00             0.376E-04
             0.757E+00             0.299E-04
             0.765E+00             0.237E-04
             0.772E+00             0.187E-04
             0.780E+00             0.148E-04
             0.788E+00             0.116E-04
             0.795E+00             0.913E-05
             0.803E+00             0.715E-05
             0.811E+00             0.559E-05
             0.818E+00             0.435E-05
             0.826E+00             0.339E-05
             0.834E+00             0.263E-05
             0.841E+00             0.203E-05
             0.849E+00             0.157E-05
             0.857E+00             0.121E-05
             0.865E+00             0.929E-06
             0.872E+00             0.713E-06
             0.880E+00             0.545E-06
             0.888E+00             0.416E-06
             0.895E+00             0.317E-06
             0.903E+00             0.241E-06
             0.911E+00             0.182E-06
             0.918E+00             0.138E-06
             0.926E+00             0.104E-06
             0.934E+00             0.782E-07
             0.941E+00             0.587E-07
             0.949E+00             0.439E-07
             0.957E+00             0.328E-07
             0.964E+00             0.245E-07
             0.972E+00             0.182E-07
             0.980E+00             0.135E-07
             0.988E+00             0.999E-08
             0.995E+00             0.738E-08
             0.100E+01             0.543E-08
             0.101E+01             0.399E-08
             0.102E+01             0.293E-08
             0.103E+01             0.214E-08
             0.103E+01             0.156E-08
             0.104E+01             0.114E-08
             0.105E+01             0.826E-09
             0.106E+01             0.599E-09
             0.106E+01             0.433E-09
             0.107E+01             0.312E-09
             0.108E+01             0.225E-09
             0.109E+01             0.161E-09
             0.110E+01             0.115E-09
             0.110E+01             0.824E-10
             0.111E+01             0.588E-10
             0.112E+01             0.418E-10
             0.113E+01             0.296E-10
             0.113E+01             0.210E-10
             0.114E+01             0.148E-10
             0.115E+01             0.104E-10
             0.116E+01             0.733E-11
             0.116E+01             0.514E-11
             0.117E+01             0.359E-11
             0.118E+01             0.251E-11
             0.119E+01             0.175E-11
             0.120E+01             0.121E-11
             0.120E+01             0.840E-12
             0.121E+01             0.581E-12
             0.122E+01             0.401E-12
             0.123E+01             0.276E-12
             0.123E+01             0.189E-12
             0.124E+01             0.130E-12
             0.125E+01             0.885E-13
             0.126E+01             0.603E-13
             0.126E+01             0.410E-13
             0.127E+01             0.278E-13
             0.128E+01             0.188E-13
             0.129E+01             0.127E-13
             0.129E+01             0.856E-14
             0.130E+01             0.575E-14
             0.131E+01             0.386E-14
             0.132E+01             0.258E-14
             0.133E+01             0.172E-14
             0.133E+01             0.115E-14
             0.134E+01             0.761E-15
             0.135E+01             0.504E-15
             0.136E+01             0.333E-15
             0.136E+01             0.220E-15
             0.137E+01             0.145E-15
             0.138E+01             0.950E-16
             0.139E+01             0.622E-16
             0.139E+01             0.406E-16
             0.140E+01             0.265E-16
             0.141E+01             0.172E-16
             0.142E+01             0.112E-16
             0.143E+01             0.723E-17
             0.143E+01             0.467E-17
             0.144E+01             0.301E-17
             0.145E+01             0.193E-17
             0.146E+01             0.124E-17
             0.146E+01             0.793E-18
             0.147E+01             0.506E-18
             0.148E+01             0.322E-18
             0.149E+01             0.205E-18
             0.149E+01             0.130E-18
             0.150E+01             0.819E-19
             0.151E+01             0.517E-19
             0.152E+01             0.325E-19
             0.153E+01             0.204E-19
             0.153E+01             0.128E-19
             0.154E+01             0.799E-20
             0.155E+01             0.498E-20
             0.156E+01             0.310E-20
             0.156E+01             0.192E-20
             0.157E+01             0.119E-20
             0.158E+01             0.734E-21
             0.159E+01             0.452E-21
             0.159E+01             0.278E-21
             0.160E+01             0.171E-21
             0.161E+01             0.104E-21
             0.162E+01             0.636E-22
             0.163E+01             0.387E-22
             0.163E+01             0.235E-22
             0.164E+01             0.143E-22
             0.165E+01             0.863E-23
             0.166E+01             0.520E-23
             0.166E+01             0.313E-23
             0.167E+01             0.188E-23
             0.168E+01             0.113E-23
             0.169E+01             0.675E-24
             0.169E+01             0.402E-24
             0.170E+01             0.239E-24
             0.171E+01             0.145E-24
             0.172E+01             0.817E-25
             0.173E+01             0.491E-25
             0.173E+01             0.282E-25
             0.174E+01             0.165E-25
             0.175E+01             0.953E-26
             0.176E+01             0.516E-26
             0.176E+01             0.339E-26
             0.177E+01             0.186E-26
             0.178E+01             0.127E-26
             0.179E+01             0.867E-27
             0.179E+01             0.622E-27
             0.180E+01             0.367E-27
             0.181E+01             0.275E-27
             0.182E+01             0.224E-27
             0.183E+01             0.639E-28
             0.183E+01             0.228E-28
             0.184E+01             0.128E-28
             0.185E+01             0.395E-30
             0.186E+01             0.110E-30
             0.186E+01             0.135E-28
             0.187E+01             0.110E-28
             0.188E+01             0.370E-28
             0.189E+01             0.351E-28
             0.189E+01             0.257E-29
             0.190E+01             0.262E-28
             0.191E+01             0.328E-28
             0.192E+01             0.118E-29
             0.193E+01             0.107E-28
             0.193E+01             0.180E-28
             0.194E+01             0.248E-29
             0.195E+01             0.999E-30
             0.196E+01             0.914E-30
             0.196E+01             0.184E-29
             0.197E+01             0.242E-28
             0.198E+01             0.205E-30
             0.199E+01             0.632E-29
             0.199E+01             0.556E-29
             0.200E+01             0.696E-30
             0.201E+01             0.367E-31
             0.202E+01             0.387E-29
             0.202E+01             0.340E-28
             0.203E+01             0.590E-29
             0.204E+01             0.108E-28
             0.205E+01             0.231E-29
             0.206E+01             0.678E-30
             0.206E+01             0.990E-31
             0.207E+01             0.105E-28
             0.208E+01             0.112E-28
             0.209E+01             0.152E-29
             0.209E+01             0.138E-28
             0.210E+01             0.107E-29
             0.211E+01             0.856E-29
             0.212E+01             0.118E-29
             0.212E+01             0.874E-30
             0.213E+01             0.499E-29
             0.214E+01             0.604E-30
             0.215E+01             0.127E-29
             0.216E+01             0.272E-28
             0.216E+01             0.178E-30
             0.217E+01             0.105E-29
             0.218E+01             0.485E-31
             0.219E+01             0.117E-33
             0.219E+01             0.109E-29
             0.220E+01             0.594E-29
             0.221E+01             0.314E-29
             0.222E+01             0.300E-29
             0.222E+01             0.261E-29
             0.223E+01             0.120E-29
             0.224E+01             0.684E-31
             0.225E+01             0.108E-28
             0.226E+01             0.246E-31
             0.226E+01             0.222E-32
             0.227E+01             0.813E-29
             0.228E+01             0.120E-29
             0.229E+01             0.167E-29
             0.229E+01             0.139E-29
             0.230E+01             0.109E-28
             0.231E+01             0.437E-28
             0.232E+01             0.154E-28
             0.232E+01             0.137E-31
             0.233E+01             0.678E-29
             0.234E+01             0.237E-29
             0.235E+01             0.327E-32
             0.236E+01             0.167E-28
             0.236E+01             0.883E-29
             0.237E+01             0.178E-28
             0.238E+01             0.785E-29
             0.239E+01             0.451E-29
             0.239E+01             0.270E-29
             0.240E+01             0.601E-31
             0.241E+01             0.255E-29
             0.242E+01             0.108E-29
             0.242E+01             0.137E-30
             0.243E+01             0.278E-29
             0.244E+01             0.132E-29
             0.245E+01             0.109E-28
             0.246E+01             0.848E-30
             0.246E+01             0.382E-30
             0.247E+01             0.399E-30
             0.248E+01             0.400E-29
             0.249E+01             0.378E-29
             0.249E+01             0.211E-29
             0.250E+01             0.119E-28
             0.251E+01             0.785E-29
             0.252E+01             0.853E-29
             0.252E+01             0.274E-29
             0.253E+01             0.361E-29
             0.254E+01             0.571E-29
             0.255E+01             0.869E-30
             0.256E+01             0.788E-29
             0.256E+01             0.143E-29
             0.257E+01             0.121E-28
             0.258E+01             0.147E-30
             0.259E+01             0.691E-30
             0.259E+01             0.243E-30
             0.260E+01             0.481E-29
             0.261E+01             0.127E-30
             0.262E+01             0.210E-31
             0.262E+01             0.252E-29
             0.263E+01             0.467E-29
             0.264E+01             0.410E-30
             0.265E+01             0.452E-29
             0.266E+01             0.117E-29
             0.266E+01             0.200E-29
             0.267E+01             0.219E-29
             0.268E+01             0.277E-30
             0.269E+01             0.608E-29
             0.269E+01             0.185E-30
             0.270E+01             0.179E-29
             0.271E+01             0.155E-29
             0.272E+01             0.231E-30
             0.272E+01             0.302E-29
             0.273E+01             0.384E-29
             0.274E+01             0.391E-32
             0.275E+01             0.336E-30
             0.276E+01             0.990E-30
             0.276E+01             0.223E-29
             0.277E+01             0.146E-30
             0.278E+01             0.122E-28
             0.279E+01             0.443E-29
             0.279E+01             0.536E-29
             0.280E+01             0.124E-29
             0.281E+01             0.539E-29
             0.282E+01             0.894E-31
             0.282E+01             0.323E-29
             0.283E+01             0.961E-29
             0.284E+01             0.564E-30
             0.285E+01             0.146E-30
             0.285E+01             0.215E-29
             0.286E+01             0.263E-29
             0.287E+01             0.113E-29
             0.288E+01             0.421E-30
             0.289E+01             0.109E-31
             0.289E+01             0.136E-28
             0.290E+01             0.119E-29
             0.291E+01             0.613E-30
             0.292E+01             0.580E-29
             0.292E+01             0.956E-30
             0.293E+01             0.246E-28
             0.294E+01             0.808E-30
             0.295E+01             0.621E-29
             0.295E+01             0.256E-29
             0.296E+01             0.566E-29
             0.297E+01             0.516E-29
             0.298E+01             0.180E-29
             0.299E+01             0.387E-30
             0.299E+01             0.272E-30
             0.300E+01             0.377E-30
             0.301E+01             0.564E-30
             0.302E+01             0.209E-30
             0.302E+01             0.416E-30
             0.303E+01             0.891E-30
             0.304E+01             0.549E-30
             0.305E+01             0.174E-29
             0.305E+01             0.522E-29
             0.306E+01             0.175E-29
             0.307E+01             0.754E-29
             0.308E+01             0.101E-29
             0.309E+01             0.788E-29
             0.309E+01             0.134E-30
             0.310E+01             0.370E-30
             0.311E+01             0.403E-29
             0.312E+01             0.301E-29
             0.312E+01             0.106E-29
             0.313E+01             0.104E-29
             0.314E+01             0.235E-29
             0.315E+01             0.124E-29
             0.315E+01             0.752E-31
             0.316E+01             0.352E-29
             0.317E+01             0.164E-29
             0.318E+01             0.309E-29
             0.319E+01             0.625E-30
             0.319E+01             0.261E-30
             0.320E+01             0.709E-29
             0.321E+01             0.107E-28
             0.322E+01             0.108E-29
             0.322E+01             0.109E-33
             0.323E+01             0.359E-29
             0.324E+01             0.268E-29
             0.325E+01             0.100E-29
             0.325E+01             0.144E-28
             0.326E+01             0.657E-30
             0.327E+01             0.396E-30
             0.328E+01             0.152E-29
             0.329E+01             0.121E-29
             0.329E+01             0.404E-30
             0.330E+01             0.102E-30
             0.331E+01             0.728E-31
             0.332E+01             0.666E-29
             0.332E+01             0.214E-30
             0.333E+01             0.493E-29
             0.334E+01             0.281E-31
             0.335E+01             0.130E-30
             0.335E+01             0.321E-29
             0.336E+01             0.733E-30
             0.337E+01             0.861E-29
             0.338E+01             0.167E-30
             0.339E+01             0.283E-30
             0.339E+01             0.242E-30
             0.340E+01             0.258E-29
             0.341E+01             0.131E-28
             0.342E+01             0.207E-30
             0.342E+01             0.272E-29
             0.343E+01             0.190E-30
             0.344E+01             0.127E-29
             0.345E+01             0.141E-28
             0.345E+01             0.562E-29
             0.346E+01             0.529E-30
             0.347E+01             0.611E-30
             0.348E+01             0.326E-29
             0.349E+01             0.168E-30
             0.349E+01             0.194E-30
             0.350E+01             0.874E-30
             0.351E+01             0.101E-31
             0.352E+01             0.689E-30
             0.352E+01             0.898E-30
             0.353E+01             0.741E-32
             0.354E+01             0.113E-29
             0.355E+01             0.334E-29
             0.355E+01             0.167E-29
             0.356E+01             0.299E-29
             0.357E+01             0.173E-29
             0.358E+01             0.440E-29
             0.359E+01             0.327E-29
             0.359E+01             0.381E-29
             0.360E+01             0.369E-29
             0.361E+01             0.133E-30
             0.362E+01             0.133E-28
             0.362E+01             0.170E-30
             0.363E+01             0.554E-30
             0.364E+01             0.334E-29
             0.365E+01             0.491E-30
             0.365E+01             0.661E-30
             0.366E+01             0.882E-30
             0.367E+01             0.235E-29
             0.368E+01             0.347E-30
             0.368E+01             0.432E-29
             0.369E+01             0.387E-31
             0.370E+01             0.536E-29
             0.371E+01             0.209E-31
             0.372E+01             0.130E-28
             0.372E+01             0.523E-32
             0.373E+01             0.289E-31
             0.374E+01             0.985E-30
             0.375E+01             0.222E-30
             0.375E+01             0.498E-31
             0.376E+01             0.998E-31
             0.377E+01             0.490E-30
             0.378E+01             0.525E-30
             0.378E+01             0.247E-30
             0.379E+01             0.345E-29
             0.380E+01             0.302E-30
             0.381E+01             0.275E-29
             0.382E+01             0.357E-29
             0.382E+01             0.552E-31
             0.383E+01             0.770E-31
             0.384E+01             0.539E-30
             0.385E+01             0.110E-30
             0.385E+01             0.710E-31
             0.386E+01             0.164E-29
             0.387E+01             0.309E-29
             0.388E+01             0.423E-29
             0.388E+01             0.169E-29
             0.389E+01             0.506E-30
             0.390E+01             0.192E-31
             0.391E+01             0.708E-29
             0.392E+01             0.321E-30
             0.392E+01             0.524E-29
             0.393E+01             0.319E-30
             0.394E+01             0.614E-30
             0.395E+01             0.907E-30
             0.395E+01             0.149E-29
             0.396E+01             0.451E-30
             0.397E+01             0.793E-30
             0.398E+01             0.512E-29
             0.398E+01             0.957E-29
             0.399E+01             0.206E-31
             0.400E+01             0.510E-31
