            -0.299E+01             0.357E-62
            -0.298E+01             0.103E-61
            -0.298E+01             0.532E-61
            -0.297E+01             0.227E-61
            -0.296E+01             0.990E-64
            -0.295E+01             0.871E-62
            -0.294E+01             0.410E-61
            -0.294E+01             0.323E-62
            -0.293E+01             0.318E-61
            -0.292E+01             0.795E-61
            -0.291E+01             0.146E-60
            -0.291E+01             0.838E-61
            -0.290E+01             0.984E-64
            -0.289E+01             0.106E-60
            -0.288E+01             0.670E-62
            -0.287E+01             0.777E-62
            -0.287E+01             0.255E-62
            -0.286E+01             0.859E-61
            -0.285E+01             0.243E-62
            -0.284E+01             0.470E-63
            -0.283E+01             0.310E-66
            -0.283E+01             0.540E-61
            -0.282E+01             0.769E-62
            -0.281E+01             0.191E-63
            -0.280E+01             0.219E-61
            -0.280E+01             0.249E-61
            -0.279E+01             0.623E-64
            -0.278E+01             0.518E-62
            -0.277E+01             0.655E-62
            -0.276E+01             0.670E-62
            -0.276E+01             0.599E-62
            -0.275E+01             0.143E-60
            -0.274E+01             0.253E-62
            -0.273E+01             0.744E-62
            -0.272E+01             0.336E-63
            -0.272E+01             0.514E-62
            -0.271E+01             0.276E-62
            -0.270E+01             0.173E-61
            -0.269E+01             0.152E-60
            -0.268E+01             0.727E-62
            -0.268E+01             0.163E-61
            -0.267E+01             0.243E-61
            -0.266E+01             0.281E-61
            -0.265E+01             0.153E-60
            -0.265E+01             0.645E-60
            -0.264E+01             0.134E-59
            -0.263E+01             0.228E-59
            -0.262E+01             0.406E-59
            -0.261E+01             0.120E-58
            -0.261E+01             0.302E-58
            -0.260E+01             0.670E-58
            -0.259E+01             0.142E-57
            -0.258E+01             0.317E-57
            -0.257E+01             0.701E-57
            -0.257E+01             0.159E-56
            -0.256E+01             0.358E-56
            -0.255E+01             0.795E-56
            -0.254E+01             0.176E-55
            -0.253E+01             0.389E-55
            -0.253E+01             0.860E-55
            -0.252E+01             0.190E-54
            -0.251E+01             0.419E-54
            -0.250E+01             0.921E-54
            -0.250E+01             0.202E-53
            -0.249E+01             0.441E-53
            -0.248E+01             0.962E-53
            -0.247E+01             0.209E-52
            -0.246E+01             0.454E-52
            -0.246E+01             0.983E-52
            -0.245E+01             0.212E-51
            -0.244E+01             0.458E-51
            -0.243E+01             0.983E-51
            -0.242E+01             0.211E-50
            -0.242E+01             0.451E-50
            -0.241E+01             0.962E-50
            -0.240E+01             0.205E-49
            -0.239E+01             0.435E-49
            -0.239E+01             0.921E-49
            -0.238E+01             0.194E-48
            -0.237E+01             0.410E-48
            -0.236E+01             0.862E-48
            -0.235E+01             0.181E-47
            -0.235E+01             0.378E-47
            -0.234E+01             0.789E-47
            -0.233E+01             0.164E-46
            -0.232E+01             0.341E-46
            -0.231E+01             0.707E-46
            -0.231E+01             0.146E-45
            -0.230E+01             0.301E-45
            -0.229E+01             0.620E-45
            -0.228E+01             0.127E-44
            -0.227E+01             0.260E-44
            -0.227E+01             0.531E-44
            -0.226E+01             0.108E-43
            -0.225E+01             0.220E-43
            -0.224E+01             0.445E-43
            -0.224E+01             0.900E-43
            -0.223E+01             0.182E-42
            -0.222E+01             0.365E-42
            -0.221E+01             0.733E-42
            -0.220E+01             0.147E-41
            -0.220E+01             0.293E-41
            -0.219E+01             0.584E-41
            -0.218E+01             0.116E-40
            -0.217E+01             0.230E-40
            -0.216E+01             0.455E-40
            -0.216E+01             0.898E-40
            -0.215E+01             0.177E-39
            -0.214E+01             0.347E-39
            -0.213E+01             0.679E-39
            -0.212E+01             0.133E-38
            -0.212E+01             0.259E-38
            -0.211E+01             0.503E-38
            -0.210E+01             0.975E-38
            -0.209E+01             0.189E-37
            -0.209E+01             0.364E-37
            -0.208E+01             0.700E-37
            -0.207E+01             0.134E-36
            -0.206E+01             0.258E-36
            -0.205E+01             0.492E-36
            -0.205E+01             0.938E-36
            -0.204E+01             0.178E-35
            -0.203E+01             0.338E-35
            -0.202E+01             0.640E-35
            -0.201E+01             0.121E-34
            -0.201E+01             0.228E-34
            -0.200E+01             0.427E-34
            -0.199E+01             0.801E-34
            -0.198E+01             0.150E-33
            -0.198E+01             0.279E-33
            -0.197E+01             0.519E-33
            -0.196E+01             0.963E-33
            -0.195E+01             0.178E-32
            -0.194E+01             0.329E-32
            -0.194E+01             0.606E-32
            -0.193E+01             0.111E-31
            -0.192E+01             0.204E-31
            -0.191E+01             0.373E-31
            -0.190E+01             0.680E-31
            -0.190E+01             0.124E-30
            -0.189E+01             0.225E-30
            -0.188E+01             0.407E-30
            -0.187E+01             0.734E-30
            -0.186E+01             0.132E-29
            -0.186E+01             0.238E-29
            -0.185E+01             0.426E-29
            -0.184E+01             0.762E-29
            -0.183E+01             0.136E-28
            -0.183E+01             0.242E-28
            -0.182E+01             0.429E-28
            -0.181E+01             0.760E-28
            -0.180E+01             0.134E-27
            -0.179E+01             0.237E-27
            -0.179E+01             0.416E-27
            -0.178E+01             0.729E-27
            -0.177E+01             0.127E-26
            -0.176E+01             0.222E-26
            -0.175E+01             0.387E-26
            -0.175E+01             0.672E-26
            -0.174E+01             0.116E-25
            -0.173E+01             0.201E-25
            -0.172E+01             0.346E-25
            -0.171E+01             0.595E-25
            -0.171E+01             0.102E-24
            -0.170E+01             0.175E-24
            -0.169E+01             0.298E-24
            -0.168E+01             0.507E-24
            -0.168E+01             0.862E-24
            -0.167E+01             0.146E-23
            -0.166E+01             0.247E-23
            -0.165E+01             0.416E-23
            -0.164E+01             0.699E-23
            -0.164E+01             0.117E-22
            -0.163E+01             0.196E-22
            -0.162E+01             0.327E-22
            -0.161E+01             0.545E-22
            -0.160E+01             0.905E-22
            -0.160E+01             0.150E-21
            -0.159E+01             0.248E-21
            -0.158E+01             0.408E-21
            -0.157E+01             0.671E-21
            -0.157E+01             0.110E-20
            -0.156E+01             0.180E-20
            -0.155E+01             0.294E-20
            -0.154E+01             0.479E-20
            -0.153E+01             0.778E-20
            -0.153E+01             0.126E-19
            -0.152E+01             0.204E-19
            -0.151E+01             0.328E-19
            -0.150E+01             0.528E-19
            -0.149E+01             0.847E-19
            -0.149E+01             0.136E-18
            -0.148E+01             0.217E-18
            -0.147E+01             0.345E-18
            -0.146E+01             0.548E-18
            -0.145E+01             0.868E-18
            -0.145E+01             0.137E-17
            -0.144E+01             0.216E-17
            -0.143E+01             0.340E-17
            -0.142E+01             0.534E-17
            -0.142E+01             0.836E-17
            -0.141E+01             0.130E-16
            -0.140E+01             0.203E-16
            -0.139E+01             0.316E-16
            -0.138E+01             0.489E-16
            -0.138E+01             0.756E-16
            -0.137E+01             0.117E-15
            -0.136E+01             0.179E-15
            -0.135E+01             0.275E-15
            -0.134E+01             0.421E-15
            -0.134E+01             0.643E-15
            -0.133E+01             0.980E-15
            -0.132E+01             0.149E-14
            -0.131E+01             0.226E-14
            -0.130E+01             0.341E-14
            -0.130E+01             0.515E-14
            -0.129E+01             0.774E-14
            -0.128E+01             0.116E-13
            -0.127E+01             0.174E-13
            -0.127E+01             0.260E-13
            -0.126E+01             0.387E-13
            -0.125E+01             0.575E-13
            -0.124E+01             0.852E-13
            -0.123E+01             0.126E-12
            -0.123E+01             0.186E-12
            -0.122E+01             0.273E-12
            -0.121E+01             0.401E-12
            -0.120E+01             0.588E-12
            -0.119E+01             0.858E-12
            -0.119E+01             0.125E-11
            -0.118E+01             0.182E-11
            -0.117E+01             0.263E-11
            -0.116E+01             0.381E-11
            -0.116E+01             0.549E-11
            -0.115E+01             0.790E-11
            -0.114E+01             0.113E-10
            -0.113E+01             0.162E-10
            -0.112E+01             0.232E-10
            -0.112E+01             0.330E-10
            -0.111E+01             0.470E-10
            -0.110E+01             0.666E-10
            -0.109E+01             0.941E-10
            -0.108E+01             0.133E-09
            -0.108E+01             0.187E-09
            -0.107E+01             0.262E-09
            -0.106E+01             0.367E-09
            -0.105E+01             0.513E-09
            -0.104E+01             0.715E-09
            -0.104E+01             0.993E-09
            -0.103E+01             0.138E-08
            -0.102E+01             0.190E-08
            -0.101E+01             0.263E-08
            -0.101E+01             0.362E-08
            -0.997E+00             0.496E-08
            -0.989E+00             0.680E-08
            -0.982E+00             0.928E-08
            -0.974E+00             0.126E-07
            -0.966E+00             0.172E-07
            -0.958E+00             0.233E-07
            -0.950E+00             0.315E-07
            -0.942E+00             0.425E-07
            -0.934E+00             0.572E-07
            -0.926E+00             0.768E-07
            -0.919E+00             0.103E-06
            -0.911E+00             0.137E-06
            -0.903E+00             0.183E-06
            -0.895E+00             0.243E-06
            -0.887E+00             0.323E-06
            -0.879E+00             0.427E-06
            -0.871E+00             0.563E-06
            -0.863E+00             0.741E-06
            -0.855E+00             0.972E-06
            -0.848E+00             0.127E-05
            -0.840E+00             0.166E-05
            -0.832E+00             0.217E-05
            -0.824E+00             0.282E-05
            -0.816E+00             0.365E-05
            -0.808E+00             0.472E-05
            -0.800E+00             0.610E-05
            -0.792E+00             0.784E-05
            -0.784E+00             0.101E-04
            -0.777E+00             0.129E-04
            -0.769E+00             0.165E-04
            -0.761E+00             0.210E-04
            -0.753E+00             0.267E-04
            -0.745E+00             0.338E-04
            -0.737E+00             0.428E-04
            -0.729E+00             0.540E-04
            -0.721E+00             0.679E-04
            -0.714E+00             0.853E-04
            -0.706E+00             0.107E-03
            -0.698E+00             0.133E-03
            -0.690E+00             0.166E-03
            -0.682E+00             0.207E-03
            -0.674E+00             0.256E-03
            -0.666E+00             0.317E-03
            -0.658E+00             0.391E-03
            -0.650E+00             0.481E-03
            -0.643E+00             0.591E-03
            -0.635E+00             0.723E-03
            -0.627E+00             0.884E-03
            -0.619E+00             0.108E-02
            -0.611E+00             0.131E-02
            -0.603E+00             0.159E-02
            -0.595E+00             0.192E-02
            -0.587E+00             0.232E-02
            -0.580E+00             0.279E-02
            -0.572E+00             0.335E-02
            -0.564E+00             0.401E-02
            -0.556E+00             0.479E-02
            -0.548E+00             0.570E-02
            -0.540E+00             0.678E-02
            -0.532E+00             0.804E-02
            -0.524E+00             0.951E-02
            -0.516E+00             0.112E-01
            -0.509E+00             0.132E-01
            -0.501E+00             0.155E-01
            -0.493E+00             0.181E-01
            -0.485E+00             0.212E-01
            -0.477E+00             0.247E-01
            -0.469E+00             0.287E-01
            -0.461E+00             0.333E-01
            -0.453E+00             0.385E-01
            -0.445E+00             0.444E-01
            -0.438E+00             0.511E-01
            -0.430E+00             0.587E-01
            -0.422E+00             0.672E-01
            -0.414E+00             0.767E-01
            -0.406E+00             0.875E-01
            -0.398E+00             0.994E-01
            -0.390E+00             0.113E+00
            -0.382E+00             0.127E+00
            -0.375E+00             0.144E+00
            -0.367E+00             0.162E+00
            -0.359E+00             0.182E+00
            -0.351E+00             0.203E+00
            -0.343E+00             0.227E+00
            -0.335E+00             0.253E+00
            -0.327E+00             0.281E+00
            -0.319E+00             0.312E+00
            -0.311E+00             0.345E+00
            -0.304E+00             0.381E+00
            -0.296E+00             0.419E+00
            -0.288E+00             0.460E+00
            -0.280E+00             0.504E+00
            -0.272E+00             0.550E+00
            -0.264E+00             0.599E+00
            -0.256E+00             0.651E+00
            -0.248E+00             0.706E+00
            -0.240E+00             0.764E+00
            -0.233E+00             0.824E+00
            -0.225E+00             0.887E+00
            -0.217E+00             0.952E+00
            -0.209E+00             0.102E+01
            -0.201E+00             0.109E+01
            -0.193E+00             0.116E+01
            -0.185E+00             0.123E+01
            -0.177E+00             0.131E+01
            -0.170E+00             0.138E+01
            -0.162E+00             0.146E+01
            -0.154E+00             0.153E+01
            -0.146E+00             0.161E+01
            -0.138E+00             0.169E+01
            -0.130E+00             0.176E+01
            -0.122E+00             0.184E+01
            -0.114E+00             0.191E+01
            -0.106E+00             0.198E+01
            -0.986E-01             0.205E+01
            -0.907E-01             0.211E+01
            -0.828E-01             0.217E+01
            -0.749E-01             0.223E+01
            -0.670E-01             0.228E+01
            -0.591E-01             0.233E+01
            -0.512E-01             0.237E+01
            -0.434E-01             0.241E+01
            -0.355E-01             0.245E+01
            -0.276E-01             0.247E+01
            -0.197E-01             0.250E+01
            -0.118E-01             0.251E+01
            -0.394E-02             0.252E+01
             0.394E-02             0.252E+01
             0.118E-01             0.252E+01
             0.197E-01             0.251E+01
             0.276E-01             0.250E+01
             0.355E-01             0.247E+01
             0.434E-01             0.245E+01
             0.512E-01             0.241E+01
             0.591E-01             0.237E+01
             0.670E-01             0.233E+01
             0.749E-01             0.228E+01
             0.828E-01             0.223E+01
             0.907E-01             0.217E+01
             0.986E-01             0.211E+01
             0.106E+00             0.205E+01
             0.114E+00             0.198E+01
             0.122E+00             0.191E+01
             0.130E+00             0.184E+01
             0.138E+00             0.176E+01
             0.146E+00             0.169E+01
             0.154E+00             0.161E+01
             0.162E+00             0.153E+01
             0.170E+00             0.146E+01
             0.177E+00             0.138E+01
             0.185E+00             0.131E+01
             0.193E+00             0.123E+01
             0.201E+00             0.116E+01
             0.209E+00             0.109E+01
             0.217E+00             0.102E+01
             0.225E+00             0.952E+00
             0.233E+00             0.887E+00
             0.240E+00             0.824E+00
             0.248E+00             0.764E+00
             0.256E+00             0.706E+00
             0.264E+00             0.651E+00
             0.272E+00             0.599E+00
             0.280E+00             0.550E+00
             0.288E+00             0.504E+00
             0.296E+00             0.460E+00
             0.304E+00             0.419E+00
             0.311E+00             0.381E+00
             0.319E+00             0.345E+00
             0.327E+00             0.312E+00
             0.335E+00             0.281E+00
             0.343E+00             0.253E+00
             0.351E+00             0.227E+00
             0.359E+00             0.203E+00
             0.367E+00             0.182E+00
             0.375E+00             0.162E+00
             0.382E+00             0.144E+00
             0.390E+00             0.127E+00
             0.398E+00             0.113E+00
             0.406E+00             0.994E-01
             0.414E+00             0.875E-01
             0.422E+00             0.767E-01
             0.430E+00             0.672E-01
             0.438E+00             0.587E-01
             0.445E+00             0.511E-01
             0.453E+00             0.444E-01
             0.461E+00             0.385E-01
             0.469E+00             0.333E-01
             0.477E+00             0.287E-01
             0.485E+00             0.247E-01
             0.493E+00             0.212E-01
             0.501E+00             0.181E-01
             0.509E+00             0.155E-01
             0.516E+00             0.132E-01
             0.524E+00             0.112E-01
             0.532E+00             0.951E-02
             0.540E+00             0.804E-02
             0.548E+00             0.678E-02
             0.556E+00             0.570E-02
             0.564E+00             0.479E-02
             0.572E+00             0.401E-02
             0.580E+00             0.335E-02
             0.587E+00             0.279E-02
             0.595E+00             0.232E-02
             0.603E+00             0.192E-02
             0.611E+00             0.159E-02
             0.619E+00             0.131E-02
             0.627E+00             0.108E-02
             0.635E+00             0.884E-03
             0.643E+00             0.723E-03
             0.650E+00             0.591E-03
             0.658E+00             0.481E-03
             0.666E+00             0.391E-03
             0.674E+00             0.317E-03
             0.682E+00             0.256E-03
             0.690E+00             0.207E-03
             0.698E+00             0.166E-03
             0.706E+00             0.133E-03
             0.714E+00             0.107E-03
             0.721E+00             0.853E-04
             0.729E+00             0.679E-04
             0.737E+00             0.540E-04
             0.745E+00             0.428E-04
             0.753E+00             0.338E-04
             0.761E+00             0.267E-04
             0.769E+00             0.210E-04
             0.777E+00             0.165E-04
             0.784E+00             0.129E-04
             0.792E+00             0.101E-04
             0.800E+00             0.784E-05
             0.808E+00             0.610E-05
             0.816E+00             0.472E-05
             0.824E+00             0.365E-05
             0.832E+00             0.282E-05
             0.840E+00             0.217E-05
             0.848E+00             0.166E-05
             0.855E+00             0.127E-05
             0.863E+00             0.972E-06
             0.871E+00             0.741E-06
             0.879E+00             0.563E-06
             0.887E+00             0.427E-06
             0.895E+00             0.323E-06
             0.903E+00             0.243E-06
             0.911E+00             0.183E-06
             0.919E+00             0.137E-06
             0.926E+00             0.103E-06
             0.934E+00             0.768E-07
             0.942E+00             0.572E-07
             0.950E+00             0.425E-07
             0.958E+00             0.315E-07
             0.966E+00             0.233E-07
             0.974E+00             0.172E-07
             0.982E+00             0.126E-07
             0.989E+00             0.928E-08
             0.997E+00             0.680E-08
             0.101E+01             0.496E-08
             0.101E+01             0.362E-08
             0.102E+01             0.263E-08
             0.103E+01             0.190E-08
             0.104E+01             0.138E-08
             0.104E+01             0.993E-09
             0.105E+01             0.715E-09
             0.106E+01             0.513E-09
             0.107E+01             0.367E-09
             0.108E+01             0.262E-09
             0.108E+01             0.187E-09
             0.109E+01             0.133E-09
             0.110E+01             0.941E-10
             0.111E+01             0.666E-10
             0.112E+01             0.470E-10
             0.112E+01             0.330E-10
             0.113E+01             0.232E-10
             0.114E+01             0.162E-10
             0.115E+01             0.113E-10
             0.116E+01             0.790E-11
             0.116E+01             0.549E-11
             0.117E+01             0.381E-11
             0.118E+01             0.263E-11
             0.119E+01             0.182E-11
             0.119E+01             0.125E-11
             0.120E+01             0.858E-12
             0.121E+01             0.588E-12
             0.122E+01             0.401E-12
             0.123E+01             0.273E-12
             0.123E+01             0.186E-12
             0.124E+01             0.126E-12
             0.125E+01             0.852E-13
             0.126E+01             0.575E-13
             0.127E+01             0.387E-13
             0.127E+01             0.260E-13
             0.128E+01             0.174E-13
             0.129E+01             0.116E-13
             0.130E+01             0.774E-14
             0.130E+01             0.515E-14
             0.131E+01             0.341E-14
             0.132E+01             0.226E-14
             0.133E+01             0.149E-14
             0.134E+01             0.980E-15
             0.134E+01             0.643E-15
             0.135E+01             0.421E-15
             0.136E+01             0.275E-15
             0.137E+01             0.179E-15
             0.138E+01             0.117E-15
             0.138E+01             0.756E-16
             0.139E+01             0.489E-16
             0.140E+01             0.316E-16
             0.141E+01             0.203E-16
             0.142E+01             0.130E-16
             0.142E+01             0.836E-17
             0.143E+01             0.534E-17
             0.144E+01             0.340E-17
             0.145E+01             0.216E-17
             0.145E+01             0.137E-17
             0.146E+01             0.868E-18
             0.147E+01             0.548E-18
             0.148E+01             0.345E-18
             0.149E+01             0.217E-18
             0.149E+01             0.136E-18
             0.150E+01             0.847E-19
             0.151E+01             0.528E-19
             0.152E+01             0.328E-19
             0.153E+01             0.204E-19
             0.153E+01             0.126E-19
             0.154E+01             0.778E-20
             0.155E+01             0.479E-20
             0.156E+01             0.294E-20
             0.157E+01             0.180E-20
             0.157E+01             0.110E-20
             0.158E+01             0.671E-21
             0.159E+01             0.408E-21
             0.160E+01             0.248E-21
             0.160E+01             0.150E-21
             0.161E+01             0.906E-22
             0.162E+01             0.545E-22
             0.163E+01             0.327E-22
             0.164E+01             0.197E-22
             0.164E+01             0.117E-22
             0.165E+01             0.699E-23
             0.166E+01             0.415E-23
             0.167E+01             0.247E-23
             0.168E+01             0.146E-23
             0.168E+01             0.863E-24
             0.169E+01             0.506E-24
             0.170E+01             0.295E-24
             0.171E+01             0.169E-24
             0.171E+01             0.103E-24
             0.172E+01             0.589E-25
             0.173E+01             0.343E-25
             0.174E+01             0.187E-25
             0.175E+01             0.111E-25
             0.175E+01             0.677E-26
             0.176E+01             0.443E-26
             0.177E+01             0.266E-26
             0.178E+01             0.144E-26
             0.179E+01             0.703E-27
             0.179E+01             0.552E-27
             0.180E+01             0.266E-27
             0.181E+01             0.142E-27
             0.182E+01             0.750E-28
             0.183E+01             0.863E-28
             0.183E+01             0.120E-27
             0.184E+01             0.244E-28
             0.185E+01             0.158E-28
             0.186E+01             0.804E-30
             0.186E+01             0.952E-30
             0.187E+01             0.181E-28
             0.188E+01             0.162E-29
             0.189E+01             0.351E-30
             0.190E+01             0.962E-30
             0.190E+01             0.438E-29
             0.191E+01             0.370E-29
             0.192E+01             0.381E-29
             0.193E+01             0.150E-30
             0.194E+01             0.429E-30
             0.194E+01             0.313E-29
             0.195E+01             0.797E-30
             0.196E+01             0.649E-30
             0.197E+01             0.143E-29
             0.198E+01             0.762E-31
             0.198E+01             0.278E-29
             0.199E+01             0.319E-29
             0.200E+01             0.934E-30
             0.201E+01             0.146E-31
             0.201E+01             0.228E-29
             0.202E+01             0.180E-30
             0.203E+01             0.140E-32
             0.204E+01             0.450E-29
             0.205E+01             0.195E-29
             0.205E+01             0.148E-29
             0.206E+01             0.734E-29
             0.207E+01             0.138E-31
             0.208E+01             0.776E-31
             0.209E+01             0.366E-29
             0.209E+01             0.422E-29
             0.210E+01             0.965E-29
             0.211E+01             0.696E-30
             0.212E+01             0.614E-29
             0.212E+01             0.165E-29
             0.213E+01             0.203E-29
             0.214E+01             0.483E-29
             0.215E+01             0.284E-29
             0.216E+01             0.125E-28
             0.216E+01             0.152E-29
             0.217E+01             0.103E-28
             0.218E+01             0.168E-30
             0.219E+01             0.474E-30
             0.220E+01             0.976E-29
             0.220E+01             0.119E-29
             0.221E+01             0.202E-29
             0.222E+01             0.708E-31
             0.223E+01             0.277E-29
             0.224E+01             0.166E-30
             0.224E+01             0.336E-30
             0.225E+01             0.127E-30
             0.226E+01             0.312E-29
             0.227E+01             0.949E-31
             0.227E+01             0.242E-31
             0.228E+01             0.209E-29
             0.229E+01             0.127E-28
             0.230E+01             0.899E-29
             0.231E+01             0.417E-30
             0.231E+01             0.230E-31
             0.232E+01             0.119E-29
             0.233E+01             0.375E-30
             0.234E+01             0.706E-29
             0.235E+01             0.350E-29
             0.235E+01             0.250E-29
             0.236E+01             0.163E-29
             0.237E+01             0.331E-29
             0.238E+01             0.459E-30
             0.239E+01             0.197E-31
             0.239E+01             0.666E-30
             0.240E+01             0.313E-30
             0.241E+01             0.380E-30
             0.242E+01             0.210E-29
             0.242E+01             0.844E-29
             0.243E+01             0.384E-30
             0.244E+01             0.516E-31
             0.245E+01             0.239E-29
             0.246E+01             0.455E-29
             0.246E+01             0.162E-29
             0.247E+01             0.144E-29
             0.248E+01             0.971E-30
             0.249E+01             0.196E-32
             0.250E+01             0.229E-29
             0.250E+01             0.959E-29
             0.251E+01             0.246E-29
             0.252E+01             0.686E-30
             0.253E+01             0.180E-29
             0.253E+01             0.357E-30
             0.254E+01             0.408E-29
             0.255E+01             0.172E-29
             0.256E+01             0.129E-29
             0.257E+01             0.259E-29
             0.257E+01             0.260E-32
             0.258E+01             0.124E-30
             0.259E+01             0.238E-29
             0.260E+01             0.276E-29
             0.261E+01             0.248E-29
             0.261E+01             0.403E-30
             0.262E+01             0.759E-30
             0.263E+01             0.645E-29
             0.264E+01             0.319E-29
             0.265E+01             0.500E-29
             0.265E+01             0.108E-33
             0.266E+01             0.337E-31
             0.267E+01             0.332E-29
             0.268E+01             0.368E-29
             0.268E+01             0.128E-29
             0.269E+01             0.138E-28
             0.270E+01             0.682E-32
             0.271E+01             0.802E-31
             0.272E+01             0.232E-29
             0.272E+01             0.215E-30
             0.273E+01             0.201E-29
             0.274E+01             0.312E-30
             0.275E+01             0.580E-29
             0.276E+01             0.666E-30
             0.276E+01             0.986E-30
             0.277E+01             0.189E-29
             0.278E+01             0.562E-30
             0.279E+01             0.406E-31
             0.280E+01             0.105E-29
             0.280E+01             0.870E-29
             0.281E+01             0.418E-30
             0.282E+01             0.768E-30
             0.283E+01             0.289E-29
             0.283E+01             0.940E-31
             0.284E+01             0.205E-29
             0.285E+01             0.463E-30
             0.286E+01             0.641E-29
             0.287E+01             0.118E-29
             0.287E+01             0.198E-29
             0.288E+01             0.656E-30
             0.289E+01             0.259E-31
             0.290E+01             0.137E-29
             0.291E+01             0.175E-29
             0.291E+01             0.203E-29
             0.292E+01             0.268E-29
             0.293E+01             0.654E-29
             0.294E+01             0.389E-30
             0.294E+01             0.118E-30
             0.295E+01             0.249E-30
             0.296E+01             0.341E-29
             0.297E+01             0.158E-28
             0.298E+01             0.118E-29
             0.298E+01             0.157E-30
             0.299E+01             0.870E-33
             0.300E+01             0.980E-30
