            -0.998E+01             0.000E+00
            -0.996E+01             0.000E+00
            -0.993E+01             0.000E+00
            -0.991E+01             0.000E+00
            -0.989E+01             0.000E+00
            -0.987E+01             0.000E+00
            -0.984E+01             0.000E+00
            -0.982E+01             0.000E+00
            -0.980E+01             0.000E+00
            -0.978E+01             0.000E+00
            -0.976E+01             0.000E+00
            -0.973E+01             0.000E+00
            -0.971E+01             0.000E+00
            -0.969E+01             0.000E+00
            -0.967E+01             0.000E+00
            -0.964E+01             0.000E+00
            -0.962E+01             0.000E+00
            -0.960E+01             0.000E+00
            -0.958E+01             0.000E+00
            -0.956E+01             0.000E+00
            -0.953E+01             0.000E+00
            -0.951E+01             0.000E+00
            -0.949E+01             0.000E+00
            -0.947E+01             0.000E+00
            -0.945E+01             0.000E+00
            -0.942E+01             0.000E+00
            -0.940E+01             0.000E+00
            -0.938E+01             0.000E+00
            -0.936E+01             0.000E+00
            -0.933E+01             0.000E+00
            -0.931E+01             0.000E+00
            -0.929E+01             0.000E+00
            -0.927E+01             0.000E+00
            -0.925E+01             0.000E+00
            -0.922E+01             0.000E+00
            -0.920E+01             0.000E+00
            -0.918E+01             0.000E+00
            -0.916E+01             0.000E+00
            -0.913E+01             0.000E+00
            -0.911E+01             0.000E+00
            -0.909E+01             0.000E+00
            -0.907E+01             0.000E+00
            -0.905E+01             0.000E+00
            -0.902E+01             0.000E+00
            -0.900E+01             0.000E+00
            -0.898E+01             0.000E+00
            -0.896E+01             0.000E+00
            -0.893E+01             0.000E+00
            -0.891E+01             0.000E+00
            -0.889E+01             0.000E+00
            -0.887E+01             0.000E+00
            -0.885E+01             0.000E+00
            -0.882E+01             0.000E+00
            -0.880E+01             0.000E+00
            -0.878E+01             0.000E+00
            -0.876E+01             0.000E+00
            -0.873E+01             0.000E+00
            -0.871E+01             0.000E+00
            -0.869E+01             0.000E+00
            -0.867E+01             0.000E+00
            -0.865E+01             0.000E+00
            -0.862E+01             0.000E+00
            -0.860E+01             0.000E+00
            -0.858E+01             0.000E+00
            -0.856E+01             0.000E+00
            -0.853E+01             0.000E+00
            -0.851E+01             0.000E+00
            -0.849E+01             0.000E+00
            -0.847E+01             0.000E+00
            -0.845E+01             0.000E+00
            -0.842E+01             0.000E+00
            -0.840E+01             0.000E+00
            -0.838E+01             0.000E+00
            -0.836E+01             0.000E+00
            -0.834E+01             0.000E+00
            -0.831E+01             0.000E+00
            -0.829E+01             0.000E+00
            -0.827E+01             0.000E+00
            -0.825E+01             0.000E+00
            -0.822E+01             0.000E+00
            -0.820E+01             0.000E+00
            -0.818E+01             0.000E+00
            -0.816E+01             0.000E+00
            -0.814E+01             0.000E+00
            -0.811E+01             0.000E+00
            -0.809E+01             0.000E+00
            -0.807E+01             0.000E+00
            -0.805E+01             0.000E+00
            -0.802E+01             0.000E+00
            -0.800E+01             0.000E+00
            -0.798E+01             0.000E+00
            -0.796E+01             0.000E+00
            -0.794E+01             0.000E+00
            -0.791E+01             0.000E+00
            -0.789E+01             0.000E+00
            -0.787E+01             0.000E+00
            -0.785E+01             0.000E+00
            -0.782E+01             0.000E+00
            -0.780E+01             0.000E+00
            -0.778E+01             0.000E+00
            -0.776E+01             0.000E+00
            -0.774E+01             0.000E+00
            -0.771E+01             0.000E+00
            -0.769E+01             0.000E+00
            -0.767E+01             0.000E+00
            -0.765E+01             0.000E+00
            -0.762E+01             0.000E+00
            -0.760E+01             0.000E+00
            -0.758E+01             0.000E+00
            -0.756E+01             0.000E+00
            -0.754E+01             0.000E+00
            -0.751E+01             0.000E+00
            -0.749E+01             0.000E+00
            -0.747E+01             0.000E+00
            -0.745E+01             0.000E+00
            -0.743E+01             0.000E+00
            -0.740E+01             0.000E+00
            -0.738E+01             0.000E+00
            -0.736E+01             0.114-318
            -0.734E+01             0.180-319
            -0.731E+01             0.178-313
            -0.729E+01             0.754-312
            -0.727E+01             0.975-312
            -0.725E+01             0.125-308
            -0.723E+01             0.201-306
            -0.720E+01             0.138-305
            -0.718E+01             0.608-303
            -0.716E+01             0.356-301
            -0.714E+01             0.959-298
            -0.711E+01             0.351-296
            -0.709E+01             0.589-296
            -0.707E+01             0.502-294
            -0.705E+01             0.145-291
            -0.703E+01             0.143-289
            -0.700E+01             0.390-286
            -0.698E+01             0.495-284
            -0.696E+01             0.166-282
            -0.694E+01             0.132-279
            -0.691E+01             0.311-279
            -0.689E+01             0.131-276
            -0.687E+01             0.694-275
            -0.685E+01             0.340-273
            -0.683E+01             0.286-272
            -0.680E+01             0.256-271
            -0.678E+01             0.600-268
            -0.676E+01             0.109-265
            -0.674E+01             0.391-264
            -0.671E+01             0.350-260
            -0.669E+01             0.421-259
            -0.667E+01             0.833-258
            -0.665E+01             0.356-258
            -0.663E+01             0.459-254
            -0.660E+01             0.192-252
            -0.658E+01             0.941-251
            -0.656E+01             0.184-247
            -0.654E+01             0.516-247
            -0.651E+01             0.866-247
            -0.649E+01             0.850-244
            -0.647E+01             0.616-240
            -0.645E+01             0.696-239
            -0.643E+01             0.903-237
            -0.640E+01             0.986-240
            -0.638E+01             0.640-236
            -0.636E+01             0.357-232
            -0.634E+01             0.810-230
            -0.632E+01             0.843-228
            -0.629E+01             0.185-227
            -0.627E+01             0.290-224
            -0.625E+01             0.390-223
            -0.623E+01             0.265-223
            -0.620E+01             0.812-219
            -0.618E+01             0.191-216
            -0.616E+01             0.181-217
            -0.614E+01             0.144-214
            -0.612E+01             0.123-213
            -0.609E+01             0.238-210
            -0.607E+01             0.276-210
            -0.605E+01             0.809-207
            -0.603E+01             0.111-209
            -0.600E+01             0.172-203
            -0.598E+01             0.434-202
            -0.596E+01             0.117-201
            -0.594E+01             0.838-199
            -0.592E+01             0.160-197
            -0.589E+01             0.956-196
            -0.587E+01             0.249-193
            -0.585E+01             0.693-196
            -0.583E+01             0.709-192
            -0.580E+01             0.105-188
            -0.578E+01             0.142-187
            -0.576E+01             0.226-186
            -0.574E+01             0.327-185
            -0.572E+01             0.278-181
            -0.569E+01             0.267-180
            -0.567E+01             0.369-178
            -0.565E+01             0.266-176
            -0.563E+01             0.748-175
            -0.560E+01             0.976-175
            -0.558E+01             0.127-171
            -0.556E+01             0.367-173
            -0.554E+01             0.258-168
            -0.552E+01             0.385-167
            -0.549E+01             0.758-167
            -0.547E+01             0.169-164
            -0.545E+01             0.225-163
            -0.543E+01             0.990-164
            -0.541E+01             0.737-160
            -0.538E+01             0.124-158
            -0.536E+01             0.523-160
            -0.534E+01             0.442-155
            -0.532E+01             0.574-156
            -0.529E+01             0.443-153
            -0.527E+01             0.408-153
            -0.525E+01             0.681-150
            -0.523E+01             0.391-147
            -0.521E+01             0.252-146
            -0.518E+01             0.246-147
            -0.516E+01             0.203-144
            -0.514E+01             0.491-144
            -0.512E+01             0.350-142
            -0.509E+01             0.745-139
            -0.507E+01             0.139-137
            -0.505E+01             0.149-135
            -0.503E+01             0.470-136
            -0.501E+01             0.852-134
            -0.498E+01             0.848-133
            -0.496E+01             0.897-131
            -0.494E+01             0.745-130
            -0.492E+01             0.263-129
            -0.489E+01             0.428-126
            -0.487E+01             0.881-129
            -0.485E+01             0.705-124
            -0.483E+01             0.262-123
            -0.481E+01             0.386-121
            -0.478E+01             0.116-123
            -0.476E+01             0.958-120
            -0.474E+01             0.121-117
            -0.472E+01             0.184-116
            -0.469E+01             0.183-116
            -0.467E+01             0.184-113
            -0.465E+01             0.747-112
            -0.463E+01             0.192-111
            -0.461E+01             0.196-112
            -0.458E+01             0.245-108
            -0.456E+01             0.574-108
            -0.454E+01             0.433-108
            -0.452E+01             0.186-105
            -0.450E+01             0.412-105
            -0.447E+01             0.102-104
            -0.445E+01             0.635-102
            -0.443E+01             0.256-102
            -0.441E+01             0.176E-99
            -0.438E+01             0.212E-99
            -0.436E+01             0.327E-97
            -0.434E+01             0.235E-97
            -0.432E+01             0.959E-96
            -0.430E+01             0.303E-96
            -0.427E+01             0.106E-92
            -0.425E+01             0.144E-92
            -0.423E+01             0.162E-93
            -0.421E+01             0.603E-93
            -0.418E+01             0.446E-91
            -0.416E+01             0.143E-88
            -0.414E+01             0.244E-88
            -0.412E+01             0.178E-87
            -0.410E+01             0.200E-85
            -0.407E+01             0.675E-86
            -0.405E+01             0.362E-83
            -0.403E+01             0.901E-83
            -0.401E+01             0.466E-82
            -0.398E+01             0.150E-80
            -0.396E+01             0.434E-81
            -0.394E+01             0.146E-78
            -0.392E+01             0.518E-79
            -0.390E+01             0.293E-78
            -0.387E+01             0.272E-77
            -0.385E+01             0.977E-76
            -0.383E+01             0.220E-76
            -0.381E+01             0.409E-75
            -0.378E+01             0.107E-73
            -0.376E+01             0.378E-74
            -0.374E+01             0.610E-73
            -0.372E+01             0.219E-72
            -0.370E+01             0.191E-71
            -0.367E+01             0.138E-72
            -0.365E+01             0.594E-69
            -0.363E+01             0.531E-69
            -0.361E+01             0.359E-67
            -0.358E+01             0.323E-67
            -0.356E+01             0.348E-67
            -0.354E+01             0.379E-67
            -0.352E+01             0.459E-65
            -0.350E+01             0.789E-66
            -0.347E+01             0.115E-64
            -0.345E+01             0.164E-63
            -0.343E+01             0.444E-67
            -0.341E+01             0.511E-64
            -0.339E+01             0.559E-63
            -0.336E+01             0.447E-62
            -0.334E+01             0.101E-64
            -0.332E+01             0.304E-62
            -0.330E+01             0.390E-62
            -0.327E+01             0.498E-62
            -0.325E+01             0.399E-61
            -0.323E+01             0.677E-62
            -0.321E+01             0.120E-61
            -0.319E+01             0.202E-60
            -0.316E+01             0.144E-60
            -0.314E+01             0.320E-60
            -0.312E+01             0.805E-63
            -0.310E+01             0.253E-59
            -0.307E+01             0.539E-61
            -0.305E+01             0.238E-60
            -0.303E+01             0.190E-59
            -0.301E+01             0.223E-60
            -0.299E+01             0.191E-61
            -0.296E+01             0.326E-61
            -0.294E+01             0.264E-60
            -0.292E+01             0.351E-61
            -0.290E+01             0.287E-60
            -0.287E+01             0.201E-60
            -0.285E+01             0.155E-61
            -0.283E+01             0.353E-60
            -0.281E+01             0.972E-60
            -0.279E+01             0.146E-59
            -0.276E+01             0.205E-59
            -0.274E+01             0.326E-59
            -0.272E+01             0.608E-58
            -0.270E+01             0.641E-57
            -0.267E+01             0.637E-56
            -0.265E+01             0.600E-55
            -0.263E+01             0.545E-54
            -0.261E+01             0.487E-53
            -0.259E+01             0.430E-52
            -0.256E+01             0.372E-51
            -0.254E+01             0.317E-50
            -0.252E+01             0.265E-49
            -0.250E+01             0.218E-48
            -0.248E+01             0.176E-47
            -0.245E+01             0.140E-46
            -0.243E+01             0.109E-45
            -0.241E+01             0.835E-45
            -0.239E+01             0.628E-44
            -0.236E+01             0.464E-43
            -0.234E+01             0.337E-42
            -0.232E+01             0.241E-41
            -0.230E+01             0.169E-40
            -0.228E+01             0.116E-39
            -0.225E+01             0.784E-39
            -0.223E+01             0.521E-38
            -0.221E+01             0.339E-37
            -0.219E+01             0.217E-36
            -0.216E+01             0.137E-35
            -0.214E+01             0.844E-35
            -0.212E+01             0.511E-34
            -0.210E+01             0.304E-33
            -0.208E+01             0.178E-32
            -0.205E+01             0.102E-31
            -0.203E+01             0.575E-31
            -0.201E+01             0.318E-30
            -0.199E+01             0.172E-29
            -0.196E+01             0.919E-29
            -0.194E+01             0.481E-28
            -0.192E+01             0.247E-27
            -0.190E+01             0.124E-26
            -0.188E+01             0.614E-26
            -0.185E+01             0.298E-25
            -0.183E+01             0.142E-24
            -0.181E+01             0.663E-24
            -0.179E+01             0.304E-23
            -0.176E+01             0.137E-22
            -0.174E+01             0.604E-22
            -0.172E+01             0.261E-21
            -0.170E+01             0.111E-20
            -0.168E+01             0.463E-20
            -0.165E+01             0.189E-19
            -0.163E+01             0.758E-19
            -0.161E+01             0.298E-18
            -0.159E+01             0.115E-17
            -0.156E+01             0.435E-17
            -0.154E+01             0.162E-16
            -0.152E+01             0.588E-16
            -0.150E+01             0.210E-15
            -0.148E+01             0.734E-15
            -0.145E+01             0.252E-14
            -0.143E+01             0.847E-14
            -0.141E+01             0.279E-13
            -0.139E+01             0.902E-13
            -0.137E+01             0.286E-12
            -0.134E+01             0.888E-12
            -0.132E+01             0.270E-11
            -0.130E+01             0.806E-11
            -0.128E+01             0.236E-10
            -0.125E+01             0.675E-10
            -0.123E+01             0.190E-09
            -0.121E+01             0.522E-09
            -0.119E+01             0.141E-08
            -0.117E+01             0.371E-08
            -0.114E+01             0.960E-08
            -0.112E+01             0.243E-07
            -0.110E+01             0.603E-07
            -0.108E+01             0.147E-06
            -0.105E+01             0.349E-06
            -0.103E+01             0.812E-06
            -0.101E+01             0.185E-05
            -0.988E+00             0.413E-05
            -0.966E+00             0.903E-05
            -0.943E+00             0.193E-04
            -0.921E+00             0.404E-04
            -0.899E+00             0.827E-04
            -0.877E+00             0.166E-03
            -0.855E+00             0.325E-03
            -0.832E+00             0.622E-03
            -0.810E+00             0.116E-02
            -0.788E+00             0.213E-02
            -0.766E+00             0.381E-02
            -0.744E+00             0.667E-02
            -0.721E+00             0.114E-01
            -0.699E+00             0.190E-01
            -0.677E+00             0.309E-01
            -0.655E+00             0.491E-01
            -0.633E+00             0.760E-01
            -0.610E+00             0.115E+00
            -0.588E+00             0.169E+00
            -0.566E+00             0.242E+00
            -0.544E+00             0.338E+00
            -0.522E+00             0.459E+00
            -0.499E+00             0.606E+00
            -0.477E+00             0.775E+00
            -0.455E+00             0.962E+00
            -0.433E+00             0.116E+01
            -0.411E+00             0.134E+01
            -0.388E+00             0.150E+01
            -0.366E+00             0.161E+01
            -0.344E+00             0.166E+01
            -0.322E+00             0.162E+01
            -0.300E+00             0.150E+01
            -0.277E+00             0.130E+01
            -0.255E+00             0.104E+01
            -0.233E+00             0.740E+00
            -0.211E+00             0.448E+00
            -0.189E+00             0.205E+00
            -0.166E+00             0.470E-01
            -0.144E+00             0.791E-03
            -0.122E+00             0.739E-01
            -0.999E-01             0.253E+00
            -0.777E-01             0.506E+00
            -0.555E-01             0.783E+00
            -0.333E-01             0.103E+01
            -0.111E-01             0.120E+01
             0.111E-01             0.127E+01
             0.333E-01             0.120E+01
             0.555E-01             0.103E+01
             0.777E-01             0.783E+00
             0.999E-01             0.506E+00
             0.122E+00             0.253E+00
             0.144E+00             0.739E-01
             0.166E+00             0.791E-03
             0.189E+00             0.470E-01
             0.211E+00             0.205E+00
             0.233E+00             0.448E+00
             0.255E+00             0.740E+00
             0.277E+00             0.104E+01
             0.300E+00             0.130E+01
             0.322E+00             0.150E+01
             0.344E+00             0.162E+01
             0.366E+00             0.166E+01
             0.388E+00             0.161E+01
             0.411E+00             0.150E+01
             0.433E+00             0.134E+01
             0.455E+00             0.116E+01
             0.477E+00             0.962E+00
             0.499E+00             0.775E+00
             0.522E+00             0.606E+00
             0.544E+00             0.459E+00
             0.566E+00             0.338E+00
             0.588E+00             0.242E+00
             0.610E+00             0.169E+00
             0.633E+00             0.115E+00
             0.655E+00             0.760E-01
             0.677E+00             0.491E-01
             0.699E+00             0.309E-01
             0.721E+00             0.190E-01
             0.744E+00             0.114E-01
             0.766E+00             0.667E-02
             0.788E+00             0.381E-02
             0.810E+00             0.213E-02
             0.832E+00             0.116E-02
             0.855E+00             0.622E-03
             0.877E+00             0.325E-03
             0.899E+00             0.166E-03
             0.921E+00             0.827E-04
             0.943E+00             0.404E-04
             0.966E+00             0.193E-04
             0.988E+00             0.903E-05
             0.101E+01             0.413E-05
             0.103E+01             0.185E-05
             0.105E+01             0.812E-06
             0.108E+01             0.349E-06
             0.110E+01             0.147E-06
             0.112E+01             0.603E-07
             0.114E+01             0.243E-07
             0.117E+01             0.960E-08
             0.119E+01             0.371E-08
             0.121E+01             0.141E-08
             0.123E+01             0.522E-09
             0.125E+01             0.190E-09
             0.128E+01             0.675E-10
             0.130E+01             0.236E-10
             0.132E+01             0.806E-11
             0.134E+01             0.270E-11
             0.137E+01             0.888E-12
             0.139E+01             0.286E-12
             0.141E+01             0.902E-13
             0.143E+01             0.279E-13
             0.145E+01             0.847E-14
             0.148E+01             0.252E-14
             0.150E+01             0.734E-15
             0.152E+01             0.210E-15
             0.154E+01             0.588E-16
             0.156E+01             0.162E-16
             0.159E+01             0.435E-17
             0.161E+01             0.115E-17
             0.163E+01             0.298E-18
             0.165E+01             0.758E-19
             0.168E+01             0.189E-19
             0.170E+01             0.463E-20
             0.172E+01             0.111E-20
             0.174E+01             0.261E-21
             0.176E+01             0.602E-22
             0.179E+01             0.136E-22
             0.181E+01             0.302E-23
             0.183E+01             0.645E-24
             0.185E+01             0.140E-24
             0.188E+01             0.287E-25
             0.190E+01             0.577E-26
             0.192E+01             0.156E-26
             0.194E+01             0.281E-27
             0.196E+01             0.441E-28
             0.199E+01             0.765E-28
             0.201E+01             0.318E-30
             0.203E+01             0.353E-28
             0.205E+01             0.721E-29
             0.208E+01             0.261E-28
             0.210E+01             0.603E-30
             0.212E+01             0.878E-30
             0.214E+01             0.301E-29
             0.216E+01             0.947E-29
             0.219E+01             0.355E-29
             0.221E+01             0.272E-29
             0.223E+01             0.460E-30
             0.225E+01             0.197E-28
             0.228E+01             0.400E-30
             0.230E+01             0.647E-29
             0.232E+01             0.791E-29
             0.234E+01             0.743E-30
             0.236E+01             0.355E-31
             0.239E+01             0.473E-29
             0.241E+01             0.395E-31
             0.243E+01             0.184E-29
             0.245E+01             0.185E-30
             0.248E+01             0.297E-29
             0.250E+01             0.546E-30
             0.252E+01             0.116E-29
             0.254E+01             0.613E-29
             0.256E+01             0.287E-30
             0.259E+01             0.162E-28
             0.261E+01             0.415E-29
             0.263E+01             0.113E-28
             0.265E+01             0.593E-30
             0.267E+01             0.995E-30
             0.270E+01             0.359E-29
             0.272E+01             0.103E-28
             0.274E+01             0.776E-29
             0.276E+01             0.219E-29
             0.279E+01             0.384E-29
             0.281E+01             0.374E-30
             0.283E+01             0.140E-28
             0.285E+01             0.229E-29
             0.287E+01             0.311E-29
             0.290E+01             0.183E-29
             0.292E+01             0.137E-29
             0.294E+01             0.970E-30
             0.296E+01             0.559E-30
             0.299E+01             0.496E-30
             0.301E+01             0.877E-30
             0.303E+01             0.463E-30
             0.305E+01             0.514E-29
             0.307E+01             0.111E-30
             0.310E+01             0.862E-30
             0.312E+01             0.501E-30
             0.314E+01             0.192E-30
             0.316E+01             0.189E-29
             0.319E+01             0.853E-31
             0.321E+01             0.180E-30
             0.323E+01             0.176E-29
             0.325E+01             0.295E-29
             0.327E+01             0.976E-30
             0.330E+01             0.376E-31
             0.332E+01             0.692E-31
             0.334E+01             0.395E-29
             0.336E+01             0.268E-32
             0.339E+01             0.461E-30
             0.341E+01             0.932E-30
             0.343E+01             0.582E-30
             0.345E+01             0.292E-29
             0.347E+01             0.130E-29
             0.350E+01             0.658E-31
             0.352E+01             0.365E-29
             0.354E+01             0.283E-31
             0.356E+01             0.364E-29
             0.358E+01             0.983E-30
             0.361E+01             0.271E-31
             0.363E+01             0.344E-32
             0.365E+01             0.960E-30
             0.367E+01             0.181E-30
             0.370E+01             0.339E-32
             0.372E+01             0.317E-29
             0.374E+01             0.189E-30
             0.376E+01             0.107E-30
             0.378E+01             0.645E-30
             0.381E+01             0.975E-30
             0.383E+01             0.597E-30
             0.385E+01             0.323E-31
             0.387E+01             0.410E-31
             0.390E+01             0.968E-30
             0.392E+01             0.343E-30
             0.394E+01             0.382E-32
             0.396E+01             0.587E-30
             0.398E+01             0.703E-31
             0.401E+01             0.405E-30
             0.403E+01             0.370E-33
             0.405E+01             0.866E-31
             0.407E+01             0.520E-31
             0.410E+01             0.404E-30
             0.412E+01             0.119E-30
             0.414E+01             0.361E-31
             0.416E+01             0.230E-30
             0.418E+01             0.105E-31
             0.421E+01             0.645E-31
             0.423E+01             0.222E-30
             0.425E+01             0.429E-30
             0.427E+01             0.246E-30
             0.430E+01             0.217E-30
             0.432E+01             0.301E-30
             0.434E+01             0.426E-30
             0.436E+01             0.651E-31
             0.438E+01             0.105E-30
             0.441E+01             0.183E-33
             0.443E+01             0.913E-31
             0.445E+01             0.492E-30
             0.447E+01             0.322E-29
             0.450E+01             0.587E-30
             0.452E+01             0.293E-30
             0.454E+01             0.554E-30
             0.456E+01             0.918E-31
             0.458E+01             0.438E-32
             0.461E+01             0.152E-30
             0.463E+01             0.499E-31
             0.465E+01             0.244E-30
             0.467E+01             0.456E-30
             0.469E+01             0.307E-32
             0.472E+01             0.384E-30
             0.474E+01             0.249E-30
             0.476E+01             0.108E-30
             0.478E+01             0.946E-30
             0.481E+01             0.823E-31
             0.483E+01             0.863E-32
             0.485E+01             0.220E-30
             0.487E+01             0.259E-31
             0.489E+01             0.555E-30
             0.492E+01             0.358E-30
             0.494E+01             0.148E-30
             0.496E+01             0.144E-30
             0.498E+01             0.945E-32
             0.501E+01             0.244E-32
             0.503E+01             0.149E-33
             0.505E+01             0.224E-31
             0.507E+01             0.116E-29
             0.509E+01             0.389E-31
             0.512E+01             0.128E-30
             0.514E+01             0.174E-30
             0.516E+01             0.660E-30
             0.518E+01             0.232E-30
             0.521E+01             0.517E-30
             0.523E+01             0.792E-31
             0.525E+01             0.362E-32
             0.527E+01             0.205E-32
             0.529E+01             0.622E-32
             0.532E+01             0.798E-30
             0.534E+01             0.301E-30
             0.536E+01             0.101E-29
             0.538E+01             0.247E-30
             0.541E+01             0.728E-30
             0.543E+01             0.439E-31
             0.545E+01             0.122E-29
             0.547E+01             0.182E-29
             0.549E+01             0.117E-29
             0.552E+01             0.156E-29
             0.554E+01             0.413E-30
             0.556E+01             0.102E-30
             0.558E+01             0.161E-32
             0.560E+01             0.135E-29
             0.563E+01             0.160E-32
             0.565E+01             0.233E-31
             0.567E+01             0.142E-31
             0.569E+01             0.163E-30
             0.572E+01             0.593E-30
             0.574E+01             0.639E-30
             0.576E+01             0.319E-29
             0.578E+01             0.124E-29
             0.580E+01             0.448E-30
             0.583E+01             0.337E-29
             0.585E+01             0.940E-30
             0.587E+01             0.154E-29
             0.589E+01             0.267E-29
             0.592E+01             0.191E-30
             0.594E+01             0.226E-29
             0.596E+01             0.290E-33
             0.598E+01             0.188E-30
             0.600E+01             0.153E-30
             0.603E+01             0.619E-30
             0.605E+01             0.157E-30
             0.607E+01             0.296E-30
             0.609E+01             0.282E-30
             0.612E+01             0.334E-33
             0.614E+01             0.218E-30
             0.616E+01             0.116E-29
             0.618E+01             0.743E-30
             0.620E+01             0.338E-30
             0.623E+01             0.281E-29
             0.625E+01             0.386E-30
             0.627E+01             0.674E-29
             0.629E+01             0.403E-29
             0.632E+01             0.124E-30
             0.634E+01             0.700E-30
             0.636E+01             0.892E-30
             0.638E+01             0.550E-29
             0.640E+01             0.191E-29
             0.643E+01             0.192E-29
             0.645E+01             0.263E-29
             0.647E+01             0.911E-30
             0.649E+01             0.393E-32
             0.651E+01             0.522E-30
             0.654E+01             0.797E-33
             0.656E+01             0.266E-30
             0.658E+01             0.729E-30
             0.660E+01             0.110E-30
             0.663E+01             0.223E-30
             0.665E+01             0.110E-29
             0.667E+01             0.660E-30
             0.669E+01             0.252E-29
             0.671E+01             0.904E-32
             0.674E+01             0.220E-29
             0.676E+01             0.955E-30
             0.678E+01             0.690E-29
             0.680E+01             0.873E-29
             0.683E+01             0.715E-31
             0.685E+01             0.122E-29
             0.687E+01             0.540E-29
             0.689E+01             0.241E-29
             0.691E+01             0.710E-29
             0.694E+01             0.721E-29
             0.696E+01             0.128E-31
             0.698E+01             0.833E-30
             0.700E+01             0.237E-30
             0.703E+01             0.632E-29
             0.705E+01             0.224E-32
             0.707E+01             0.235E-29
             0.709E+01             0.275E-29
             0.711E+01             0.596E-30
             0.714E+01             0.279E-29
             0.716E+01             0.122E-31
             0.718E+01             0.664E-31
             0.720E+01             0.992E-30
             0.723E+01             0.395E-30
             0.725E+01             0.228E-30
             0.727E+01             0.611E-30
             0.729E+01             0.114E-28
             0.731E+01             0.596E-29
             0.734E+01             0.161E-31
             0.736E+01             0.964E-29
             0.738E+01             0.215E-29
             0.740E+01             0.119E-29
             0.743E+01             0.638E-31
             0.745E+01             0.657E-30
             0.747E+01             0.123E-29
             0.749E+01             0.419E-29
             0.751E+01             0.117E-29
             0.754E+01             0.282E-29
             0.756E+01             0.123E-29
             0.758E+01             0.250E-30
             0.760E+01             0.257E-31
             0.762E+01             0.109E-29
             0.765E+01             0.542E-29
             0.767E+01             0.896E-30
             0.769E+01             0.156E-29
             0.771E+01             0.656E-31
             0.774E+01             0.262E-31
             0.776E+01             0.279E-31
             0.778E+01             0.254E-29
             0.780E+01             0.339E-30
             0.782E+01             0.480E-29
             0.785E+01             0.653E-30
             0.787E+01             0.121E-29
             0.789E+01             0.164E-30
             0.791E+01             0.114E-30
             0.794E+01             0.262E-29
             0.796E+01             0.621E-31
             0.798E+01             0.268E-30
             0.800E+01             0.327E-29
             0.802E+01             0.896E-31
             0.805E+01             0.390E-30
             0.807E+01             0.146E-29
             0.809E+01             0.656E-34
             0.811E+01             0.139E-31
             0.814E+01             0.900E-31
             0.816E+01             0.420E-30
             0.818E+01             0.555E-29
             0.820E+01             0.288E-29
             0.822E+01             0.649E-30
             0.825E+01             0.295E-30
             0.827E+01             0.219E-30
             0.829E+01             0.400E-30
             0.831E+01             0.171E-30
             0.834E+01             0.108E-29
             0.836E+01             0.370E-29
             0.838E+01             0.182E-29
             0.840E+01             0.638E-30
             0.842E+01             0.469E-30
             0.845E+01             0.348E-30
             0.847E+01             0.576E-30
             0.849E+01             0.102E-29
             0.851E+01             0.588E-30
             0.853E+01             0.227E-31
             0.856E+01             0.914E-32
             0.858E+01             0.627E-32
             0.860E+01             0.384E-36
             0.862E+01             0.115E-33
             0.865E+01             0.514E-30
             0.867E+01             0.426E-32
             0.869E+01             0.209E-31
             0.871E+01             0.517E-31
             0.873E+01             0.109E-31
             0.876E+01             0.535E-32
             0.878E+01             0.115E-32
             0.880E+01             0.156E-31
             0.882E+01             0.119E-32
             0.885E+01             0.105E-33
             0.887E+01             0.601E-36
             0.889E+01             0.346E-36
             0.891E+01             0.794E-35
             0.893E+01             0.429E-36
             0.896E+01             0.920E-38
             0.898E+01             0.791E-37
             0.900E+01             0.343E-38
             0.902E+01             0.156E-37
             0.905E+01             0.249E-39
             0.907E+01             0.224E-39
             0.909E+01             0.374E-39
             0.911E+01             0.525E-40
             0.913E+01             0.217E-43
             0.916E+01             0.241E-41
             0.918E+01             0.213E-41
             0.920E+01             0.762E-43
             0.922E+01             0.884E-44
             0.925E+01             0.341E-44
             0.927E+01             0.471E-45
             0.929E+01             0.585E-46
             0.931E+01             0.138E-47
             0.933E+01             0.446E-48
             0.936E+01             0.634E-49
             0.938E+01             0.222E-50
             0.940E+01             0.904E-51
             0.942E+01             0.438E-52
             0.945E+01             0.436E-53
             0.947E+01             0.877E-54
             0.949E+01             0.798E-55
             0.951E+01             0.301E-57
             0.953E+01             0.520E-57
             0.956E+01             0.117E-57
             0.958E+01             0.508E-62
             0.960E+01             0.165E-61
             0.962E+01             0.486E-59
             0.964E+01             0.338E-61
             0.967E+01             0.206E-59
             0.969E+01             0.562E-59
             0.971E+01             0.112E-59
             0.973E+01             0.124E-58
             0.976E+01             0.103E-58
             0.978E+01             0.157E-58
             0.980E+01             0.441E-60
             0.982E+01             0.455E-59
             0.984E+01             0.134E-58
             0.987E+01             0.108E-58
             0.989E+01             0.745E-62
             0.991E+01             0.696E-61
             0.993E+01             0.460E-59
             0.996E+01             0.787E-59
             0.998E+01             0.315E-59
             0.100E+02             0.125E-59
