            -0.399E+01             0.669E-62
            -0.399E+01             0.461E-61
            -0.398E+01             0.329E-61
            -0.398E+01             0.585E-62
            -0.397E+01             0.191E-61
            -0.397E+01             0.235E-60
            -0.396E+01             0.123E-61
            -0.396E+01             0.775E-62
            -0.395E+01             0.257E-61
            -0.395E+01             0.580E-62
            -0.394E+01             0.269E-62
            -0.393E+01             0.158E-62
            -0.393E+01             0.237E-61
            -0.392E+01             0.419E-61
            -0.392E+01             0.846E-64
            -0.391E+01             0.341E-63
            -0.391E+01             0.216E-60
            -0.390E+01             0.339E-61
            -0.390E+01             0.162E-61
            -0.389E+01             0.832E-61
            -0.389E+01             0.150E-61
            -0.388E+01             0.932E-61
            -0.387E+01             0.206E-61
            -0.387E+01             0.227E-63
            -0.386E+01             0.113E-61
            -0.386E+01             0.201E-61
            -0.385E+01             0.267E-62
            -0.385E+01             0.188E-62
            -0.384E+01             0.481E-62
            -0.384E+01             0.575E-62
            -0.383E+01             0.415E-62
            -0.382E+01             0.455E-63
            -0.382E+01             0.198E-61
            -0.381E+01             0.655E-64
            -0.381E+01             0.898E-62
            -0.380E+01             0.133E-60
            -0.380E+01             0.159E-61
            -0.379E+01             0.338E-61
            -0.379E+01             0.281E-61
            -0.378E+01             0.402E-61
            -0.378E+01             0.530E-62
            -0.377E+01             0.522E-62
            -0.376E+01             0.181E-61
            -0.376E+01             0.106E-61
            -0.375E+01             0.109E-60
            -0.375E+01             0.551E-61
            -0.374E+01             0.232E-61
            -0.374E+01             0.959E-62
            -0.373E+01             0.168E-60
            -0.373E+01             0.293E-63
            -0.372E+01             0.236E-61
            -0.372E+01             0.462E-61
            -0.371E+01             0.373E-63
            -0.370E+01             0.246E-61
            -0.370E+01             0.461E-61
            -0.369E+01             0.381E-60
            -0.369E+01             0.490E-61
            -0.368E+01             0.513E-64
            -0.368E+01             0.161E-61
            -0.367E+01             0.399E-61
            -0.367E+01             0.140E-60
            -0.366E+01             0.109E-60
            -0.366E+01             0.964E-62
            -0.365E+01             0.410E-61
            -0.364E+01             0.108E-61
            -0.364E+01             0.833E-62
            -0.363E+01             0.946E-61
            -0.363E+01             0.791E-62
            -0.362E+01             0.919E-61
            -0.362E+01             0.169E-61
            -0.361E+01             0.136E-64
            -0.361E+01             0.111E-60
            -0.360E+01             0.738E-61
            -0.359E+01             0.358E-61
            -0.359E+01             0.504E-61
            -0.358E+01             0.328E-62
            -0.358E+01             0.205E-60
            -0.357E+01             0.248E-61
            -0.357E+01             0.222E-62
            -0.356E+01             0.594E-62
            -0.356E+01             0.889E-61
            -0.355E+01             0.539E-63
            -0.355E+01             0.631E-64
            -0.354E+01             0.375E-61
            -0.353E+01             0.468E-62
            -0.353E+01             0.102E-60
            -0.352E+01             0.109E-60
            -0.352E+01             0.555E-63
            -0.351E+01             0.111E-61
            -0.351E+01             0.195E-61
            -0.350E+01             0.172E-62
            -0.350E+01             0.325E-60
            -0.349E+01             0.314E-61
            -0.349E+01             0.750E-61
            -0.348E+01             0.293E-63
            -0.347E+01             0.694E-65
            -0.347E+01             0.271E-63
            -0.346E+01             0.103E-61
            -0.346E+01             0.232E-61
            -0.345E+01             0.179E-60
            -0.345E+01             0.231E-61
            -0.344E+01             0.118E-60
            -0.344E+01             0.140E-62
            -0.343E+01             0.503E-63
            -0.343E+01             0.127E-60
            -0.342E+01             0.208E-61
            -0.341E+01             0.416E-61
            -0.341E+01             0.225E-63
            -0.340E+01             0.117E-61
            -0.340E+01             0.464E-61
            -0.339E+01             0.141E-62
            -0.339E+01             0.113E-60
            -0.338E+01             0.127E-60
            -0.338E+01             0.347E-61
            -0.337E+01             0.220E-62
            -0.336E+01             0.284E-60
            -0.336E+01             0.876E-61
            -0.335E+01             0.110E-62
            -0.335E+01             0.130E-61
            -0.334E+01             0.938E-61
            -0.334E+01             0.600E-63
            -0.333E+01             0.116E-62
            -0.333E+01             0.127E-61
            -0.332E+01             0.153E-63
            -0.332E+01             0.173E-62
            -0.331E+01             0.569E-62
            -0.330E+01             0.413E-61
            -0.330E+01             0.886E-61
            -0.329E+01             0.667E-62
            -0.329E+01             0.170E-60
            -0.328E+01             0.230E-61
            -0.328E+01             0.171E-62
            -0.327E+01             0.876E-63
            -0.327E+01             0.601E-62
            -0.326E+01             0.183E-61
            -0.326E+01             0.883E-62
            -0.325E+01             0.343E-61
            -0.324E+01             0.251E-62
            -0.324E+01             0.419E-61
            -0.323E+01             0.268E-61
            -0.323E+01             0.304E-63
            -0.322E+01             0.398E-64
            -0.322E+01             0.164E-61
            -0.321E+01             0.593E-62
            -0.321E+01             0.515E-62
            -0.320E+01             0.905E-64
            -0.320E+01             0.628E-64
            -0.319E+01             0.174E-61
            -0.318E+01             0.658E-61
            -0.318E+01             0.592E-61
            -0.317E+01             0.732E-62
            -0.317E+01             0.253E-62
            -0.316E+01             0.318E-62
            -0.316E+01             0.163E-60
            -0.315E+01             0.100E-60
            -0.315E+01             0.555E-62
            -0.314E+01             0.142E-63
            -0.313E+01             0.319E-61
            -0.313E+01             0.215E-61
            -0.312E+01             0.320E-60
            -0.312E+01             0.635E-62
            -0.311E+01             0.983E-61
            -0.311E+01             0.409E-61
            -0.310E+01             0.737E-61
            -0.310E+01             0.701E-63
            -0.309E+01             0.509E-62
            -0.309E+01             0.907E-63
            -0.308E+01             0.293E-60
            -0.307E+01             0.458E-63
            -0.307E+01             0.159E-61
            -0.306E+01             0.128E-61
            -0.306E+01             0.420E-61
            -0.305E+01             0.508E-62
            -0.305E+01             0.369E-64
            -0.304E+01             0.986E-62
            -0.304E+01             0.146E-60
            -0.303E+01             0.386E-61
            -0.303E+01             0.183E-60
            -0.302E+01             0.226E-62
            -0.301E+01             0.462E-62
            -0.301E+01             0.459E-62
            -0.300E+01             0.743E-63
            -0.300E+01             0.537E-63
            -0.299E+01             0.248E-63
            -0.299E+01             0.152E-62
            -0.298E+01             0.439E-62
            -0.298E+01             0.190E-62
            -0.297E+01             0.962E-62
            -0.297E+01             0.347E-62
            -0.296E+01             0.248E-61
            -0.295E+01             0.167E-62
            -0.295E+01             0.690E-62
            -0.294E+01             0.582E-61
            -0.294E+01             0.449E-62
            -0.293E+01             0.157E-61
            -0.293E+01             0.230E-60
            -0.292E+01             0.551E-61
            -0.292E+01             0.128E-61
            -0.291E+01             0.150E-62
            -0.290E+01             0.314E-61
            -0.290E+01             0.139E-62
            -0.289E+01             0.765E-62
            -0.289E+01             0.321E-61
            -0.288E+01             0.260E-62
            -0.288E+01             0.636E-61
            -0.287E+01             0.202E-60
            -0.287E+01             0.173E-63
            -0.286E+01             0.176E-63
            -0.286E+01             0.958E-61
            -0.285E+01             0.751E-62
            -0.284E+01             0.529E-63
            -0.284E+01             0.308E-62
            -0.283E+01             0.211E-62
            -0.283E+01             0.349E-62
            -0.282E+01             0.341E-61
            -0.282E+01             0.270E-62
            -0.281E+01             0.119E-61
            -0.281E+01             0.157E-60
            -0.280E+01             0.224E-61
            -0.280E+01             0.296E-61
            -0.279E+01             0.271E-61
            -0.278E+01             0.133E-60
            -0.278E+01             0.264E-62
            -0.277E+01             0.233E-60
            -0.277E+01             0.951E-63
            -0.276E+01             0.380E-61
            -0.276E+01             0.194E-61
            -0.275E+01             0.702E-62
            -0.275E+01             0.119E-62
            -0.274E+01             0.270E-62
            -0.274E+01             0.326E-62
            -0.273E+01             0.113E-60
            -0.272E+01             0.323E-64
            -0.272E+01             0.125E-60
            -0.271E+01             0.581E-61
            -0.271E+01             0.608E-62
            -0.270E+01             0.832E-62
            -0.270E+01             0.919E-61
            -0.269E+01             0.124E-61
            -0.269E+01             0.332E-60
            -0.268E+01             0.133E-61
            -0.267E+01             0.646E-62
            -0.267E+01             0.355E-60
            -0.266E+01             0.211E-61
            -0.266E+01             0.293E-60
            -0.265E+01             0.140E-60
            -0.265E+01             0.147E-59
            -0.264E+01             0.205E-60
            -0.264E+01             0.148E-59
            -0.263E+01             0.123E-59
            -0.263E+01             0.121E-59
            -0.262E+01             0.501E-59
            -0.261E+01             0.966E-59
            -0.261E+01             0.169E-58
            -0.260E+01             0.275E-58
            -0.260E+01             0.516E-58
            -0.259E+01             0.936E-58
            -0.259E+01             0.171E-57
            -0.258E+01             0.293E-57
            -0.258E+01             0.530E-57
            -0.257E+01             0.925E-57
            -0.257E+01             0.159E-56
            -0.256E+01             0.280E-56
            -0.255E+01             0.490E-56
            -0.255E+01             0.860E-56
            -0.254E+01             0.149E-55
            -0.254E+01             0.262E-55
            -0.253E+01             0.455E-55
            -0.253E+01             0.788E-55
            -0.252E+01             0.137E-54
            -0.252E+01             0.237E-54
            -0.251E+01             0.411E-54
            -0.251E+01             0.711E-54
            -0.250E+01             0.123E-53
            -0.249E+01             0.212E-53
            -0.249E+01             0.366E-53
            -0.248E+01             0.630E-53
            -0.248E+01             0.108E-52
            -0.247E+01             0.186E-52
            -0.247E+01             0.319E-52
            -0.246E+01             0.547E-52
            -0.246E+01             0.937E-52
            -0.245E+01             0.160E-51
            -0.244E+01             0.274E-51
            -0.244E+01             0.467E-51
            -0.243E+01             0.795E-51
            -0.243E+01             0.135E-50
            -0.242E+01             0.230E-50
            -0.242E+01             0.390E-50
            -0.241E+01             0.662E-50
            -0.241E+01             0.112E-49
            -0.240E+01             0.190E-49
            -0.240E+01             0.320E-49
            -0.239E+01             0.541E-49
            -0.238E+01             0.911E-49
            -0.238E+01             0.153E-48
            -0.237E+01             0.258E-48
            -0.237E+01             0.433E-48
            -0.236E+01             0.727E-48
            -0.236E+01             0.122E-47
            -0.235E+01             0.204E-47
            -0.235E+01             0.341E-47
            -0.234E+01             0.569E-47
            -0.234E+01             0.948E-47
            -0.233E+01             0.158E-46
            -0.232E+01             0.263E-46
            -0.232E+01             0.437E-46
            -0.231E+01             0.725E-46
            -0.231E+01             0.120E-45
            -0.230E+01             0.199E-45
            -0.230E+01             0.329E-45
            -0.229E+01             0.543E-45
            -0.229E+01             0.896E-45
            -0.228E+01             0.148E-44
            -0.228E+01             0.243E-44
            -0.227E+01             0.400E-44
            -0.226E+01             0.656E-44
            -0.226E+01             0.108E-43
            -0.225E+01             0.176E-43
            -0.225E+01             0.288E-43
            -0.224E+01             0.471E-43
            -0.224E+01             0.769E-43
            -0.223E+01             0.125E-42
            -0.223E+01             0.204E-42
            -0.222E+01             0.332E-42
            -0.221E+01             0.540E-42
            -0.221E+01             0.876E-42
            -0.220E+01             0.142E-41
            -0.220E+01             0.230E-41
            -0.219E+01             0.371E-41
            -0.219E+01             0.600E-41
            -0.218E+01             0.967E-41
            -0.218E+01             0.156E-40
            -0.217E+01             0.251E-40
            -0.217E+01             0.403E-40
            -0.216E+01             0.647E-40
            -0.215E+01             0.104E-39
            -0.215E+01             0.166E-39
            -0.214E+01             0.266E-39
            -0.214E+01             0.424E-39
            -0.213E+01             0.677E-39
            -0.213E+01             0.108E-38
            -0.212E+01             0.172E-38
            -0.212E+01             0.273E-38
            -0.211E+01             0.434E-38
            -0.211E+01             0.688E-38
            -0.210E+01             0.109E-37
            -0.209E+01             0.173E-37
            -0.209E+01             0.273E-37
            -0.208E+01             0.431E-37
            -0.208E+01             0.679E-37
            -0.207E+01             0.107E-36
            -0.207E+01             0.168E-36
            -0.206E+01             0.264E-36
            -0.206E+01             0.415E-36
            -0.205E+01             0.650E-36
            -0.205E+01             0.102E-35
            -0.204E+01             0.159E-35
            -0.203E+01             0.249E-35
            -0.203E+01             0.388E-35
            -0.202E+01             0.604E-35
            -0.202E+01             0.941E-35
            -0.201E+01             0.146E-34
            -0.201E+01             0.227E-34
            -0.200E+01             0.352E-34
            -0.200E+01             0.545E-34
            -0.199E+01             0.843E-34
            -0.198E+01             0.130E-33
            -0.198E+01             0.201E-33
            -0.197E+01             0.310E-33
            -0.197E+01             0.477E-33
            -0.196E+01             0.734E-33
            -0.196E+01             0.113E-32
            -0.195E+01             0.173E-32
            -0.195E+01             0.265E-32
            -0.194E+01             0.406E-32
            -0.194E+01             0.620E-32
            -0.193E+01             0.947E-32
            -0.192E+01             0.144E-31
            -0.192E+01             0.220E-31
            -0.191E+01             0.335E-31
            -0.191E+01             0.509E-31
            -0.190E+01             0.772E-31
            -0.190E+01             0.117E-30
            -0.189E+01             0.177E-30
            -0.189E+01             0.268E-30
            -0.188E+01             0.405E-30
            -0.188E+01             0.611E-30
            -0.187E+01             0.921E-30
            -0.186E+01             0.139E-29
            -0.186E+01             0.208E-29
            -0.185E+01             0.313E-29
            -0.185E+01             0.469E-29
            -0.184E+01             0.703E-29
            -0.184E+01             0.105E-28
            -0.183E+01             0.157E-28
            -0.183E+01             0.235E-28
            -0.182E+01             0.350E-28
            -0.182E+01             0.521E-28
            -0.181E+01             0.774E-28
            -0.180E+01             0.115E-27
            -0.180E+01             0.171E-27
            -0.179E+01             0.253E-27
            -0.179E+01             0.374E-27
            -0.178E+01             0.554E-27
            -0.178E+01             0.817E-27
            -0.177E+01             0.121E-26
            -0.177E+01             0.178E-26
            -0.176E+01             0.261E-26
            -0.175E+01             0.384E-26
            -0.175E+01             0.564E-26
            -0.174E+01             0.827E-26
            -0.174E+01             0.121E-25
            -0.173E+01             0.177E-25
            -0.173E+01             0.259E-25
            -0.172E+01             0.377E-25
            -0.172E+01             0.550E-25
            -0.171E+01             0.801E-25
            -0.171E+01             0.116E-24
            -0.170E+01             0.169E-24
            -0.169E+01             0.245E-24
            -0.169E+01             0.355E-24
            -0.168E+01             0.514E-24
            -0.168E+01             0.743E-24
            -0.167E+01             0.107E-23
            -0.167E+01             0.155E-23
            -0.166E+01             0.223E-23
            -0.166E+01             0.320E-23
            -0.165E+01             0.460E-23
            -0.165E+01             0.661E-23
            -0.164E+01             0.947E-23
            -0.163E+01             0.136E-22
            -0.163E+01             0.194E-22
            -0.162E+01             0.277E-22
            -0.162E+01             0.395E-22
            -0.161E+01             0.562E-22
            -0.161E+01             0.800E-22
            -0.160E+01             0.114E-21
            -0.160E+01             0.162E-21
            -0.159E+01             0.229E-21
            -0.159E+01             0.324E-21
            -0.158E+01             0.459E-21
            -0.157E+01             0.648E-21
            -0.157E+01             0.915E-21
            -0.156E+01             0.129E-20
            -0.156E+01             0.181E-20
            -0.155E+01             0.255E-20
            -0.155E+01             0.358E-20
            -0.154E+01             0.503E-20
            -0.154E+01             0.704E-20
            -0.153E+01             0.986E-20
            -0.152E+01             0.138E-19
            -0.152E+01             0.192E-19
            -0.151E+01             0.268E-19
            -0.151E+01             0.374E-19
            -0.150E+01             0.520E-19
            -0.150E+01             0.722E-19
            -0.149E+01             0.100E-18
            -0.149E+01             0.139E-18
            -0.148E+01             0.192E-18
            -0.148E+01             0.266E-18
            -0.147E+01             0.367E-18
            -0.146E+01             0.507E-18
            -0.146E+01             0.698E-18
            -0.145E+01             0.961E-18
            -0.145E+01             0.132E-17
            -0.144E+01             0.181E-17
            -0.144E+01             0.249E-17
            -0.143E+01             0.340E-17
            -0.143E+01             0.466E-17
            -0.142E+01             0.636E-17
            -0.142E+01             0.868E-17
            -0.141E+01             0.118E-16
            -0.140E+01             0.161E-16
            -0.140E+01             0.219E-16
            -0.139E+01             0.298E-16
            -0.139E+01             0.404E-16
            -0.138E+01             0.547E-16
            -0.138E+01             0.740E-16
            -0.137E+01             0.100E-15
            -0.137E+01             0.135E-15
            -0.136E+01             0.182E-15
            -0.136E+01             0.245E-15
            -0.135E+01             0.330E-15
            -0.134E+01             0.444E-15
            -0.134E+01             0.595E-15
            -0.133E+01             0.798E-15
            -0.133E+01             0.107E-14
            -0.132E+01             0.143E-14
            -0.132E+01             0.191E-14
            -0.131E+01             0.255E-14
            -0.131E+01             0.339E-14
            -0.130E+01             0.452E-14
            -0.130E+01             0.600E-14
            -0.129E+01             0.797E-14
            -0.128E+01             0.106E-13
            -0.128E+01             0.140E-13
            -0.127E+01             0.185E-13
            -0.127E+01             0.245E-13
            -0.126E+01             0.323E-13
            -0.126E+01             0.426E-13
            -0.125E+01             0.560E-13
            -0.125E+01             0.737E-13
            -0.124E+01             0.968E-13
            -0.123E+01             0.127E-12
            -0.123E+01             0.166E-12
            -0.122E+01             0.218E-12
            -0.122E+01             0.285E-12
            -0.121E+01             0.372E-12
            -0.121E+01             0.485E-12
            -0.120E+01             0.631E-12
            -0.120E+01             0.821E-12
            -0.119E+01             0.107E-11
            -0.119E+01             0.138E-11
            -0.118E+01             0.180E-11
            -0.117E+01             0.232E-11
            -0.117E+01             0.301E-11
            -0.116E+01             0.388E-11
            -0.116E+01             0.501E-11
            -0.115E+01             0.645E-11
            -0.115E+01             0.831E-11
            -0.114E+01             0.107E-10
            -0.114E+01             0.137E-10
            -0.113E+01             0.176E-10
            -0.113E+01             0.225E-10
            -0.112E+01             0.288E-10
            -0.111E+01             0.368E-10
            -0.111E+01             0.470E-10
            -0.110E+01             0.599E-10
            -0.110E+01             0.763E-10
            -0.109E+01             0.970E-10
            -0.109E+01             0.123E-09
            -0.108E+01             0.156E-09
            -0.108E+01             0.198E-09
            -0.107E+01             0.251E-09
            -0.107E+01             0.317E-09
            -0.106E+01             0.400E-09
            -0.105E+01             0.504E-09
            -0.105E+01             0.635E-09
            -0.104E+01             0.799E-09
            -0.104E+01             0.100E-08
            -0.103E+01             0.126E-08
            -0.103E+01             0.158E-08
            -0.102E+01             0.198E-08
            -0.102E+01             0.247E-08
            -0.101E+01             0.309E-08
            -0.100E+01             0.386E-08
            -0.999E+00             0.480E-08
            -0.994E+00             0.598E-08
            -0.988E+00             0.743E-08
            -0.983E+00             0.923E-08
            -0.977E+00             0.114E-07
            -0.972E+00             0.142E-07
            -0.966E+00             0.175E-07
            -0.961E+00             0.217E-07
            -0.956E+00             0.267E-07
            -0.950E+00             0.330E-07
            -0.945E+00             0.406E-07
            -0.939E+00             0.499E-07
            -0.934E+00             0.613E-07
            -0.928E+00             0.752E-07
            -0.923E+00             0.922E-07
            -0.917E+00             0.113E-06
            -0.912E+00             0.138E-06
            -0.906E+00             0.168E-06
            -0.901E+00             0.205E-06
            -0.895E+00             0.250E-06
            -0.890E+00             0.304E-06
            -0.884E+00             0.370E-06
            -0.879E+00             0.449E-06
            -0.873E+00             0.544E-06
            -0.868E+00             0.658E-06
            -0.862E+00             0.796E-06
            -0.857E+00             0.962E-06
            -0.851E+00             0.116E-05
            -0.846E+00             0.140E-05
            -0.841E+00             0.168E-05
            -0.835E+00             0.202E-05
            -0.830E+00             0.243E-05
            -0.824E+00             0.291E-05
            -0.819E+00             0.349E-05
            -0.813E+00             0.417E-05
            -0.808E+00             0.499E-05
            -0.802E+00             0.595E-05
            -0.797E+00             0.709E-05
            -0.791E+00             0.845E-05
            -0.786E+00             0.100E-04
            -0.780E+00             0.119E-04
            -0.775E+00             0.142E-04
            -0.769E+00             0.168E-04
            -0.764E+00             0.198E-04
            -0.758E+00             0.235E-04
            -0.753E+00             0.277E-04
            -0.747E+00             0.327E-04
            -0.742E+00             0.385E-04
            -0.736E+00             0.453E-04
            -0.731E+00             0.532E-04
            -0.726E+00             0.624E-04
            -0.720E+00             0.732E-04
            -0.715E+00             0.857E-04
            -0.709E+00             0.100E-03
            -0.704E+00             0.117E-03
            -0.698E+00             0.136E-03
            -0.693E+00             0.159E-03
            -0.687E+00             0.185E-03
            -0.682E+00             0.215E-03
            -0.676E+00             0.250E-03
            -0.671E+00             0.290E-03
            -0.665E+00             0.335E-03
            -0.660E+00             0.388E-03
            -0.654E+00             0.448E-03
            -0.649E+00             0.518E-03
            -0.643E+00             0.597E-03
            -0.638E+00             0.687E-03
            -0.632E+00             0.790E-03
            -0.627E+00             0.907E-03
            -0.621E+00             0.104E-02
            -0.616E+00             0.119E-02
            -0.611E+00             0.136E-02
            -0.605E+00             0.156E-02
            -0.600E+00             0.178E-02
            -0.594E+00             0.203E-02
            -0.589E+00             0.231E-02
            -0.583E+00             0.263E-02
            -0.578E+00             0.299E-02
            -0.572E+00             0.339E-02
            -0.567E+00             0.385E-02
            -0.561E+00             0.435E-02
            -0.556E+00             0.492E-02
            -0.550E+00             0.556E-02
            -0.545E+00             0.627E-02
            -0.539E+00             0.707E-02
            -0.534E+00             0.796E-02
            -0.528E+00             0.894E-02
            -0.523E+00             0.100E-01
            -0.517E+00             0.113E-01
            -0.512E+00             0.126E-01
            -0.507E+00             0.141E-01
            -0.501E+00             0.158E-01
            -0.496E+00             0.176E-01
            -0.490E+00             0.196E-01
            -0.485E+00             0.218E-01
            -0.479E+00             0.243E-01
            -0.474E+00             0.270E-01
            -0.468E+00             0.299E-01
            -0.463E+00             0.331E-01
            -0.457E+00             0.367E-01
            -0.452E+00             0.405E-01
            -0.446E+00             0.447E-01
            -0.441E+00             0.493E-01
            -0.435E+00             0.543E-01
            -0.430E+00             0.598E-01
            -0.424E+00             0.657E-01
            -0.419E+00             0.721E-01
            -0.413E+00             0.790E-01
            -0.408E+00             0.865E-01
            -0.402E+00             0.946E-01
            -0.397E+00             0.103E+00
            -0.392E+00             0.113E+00
            -0.386E+00             0.123E+00
            -0.381E+00             0.134E+00
            -0.375E+00             0.145E+00
            -0.370E+00             0.158E+00
            -0.364E+00             0.171E+00
            -0.359E+00             0.185E+00
            -0.353E+00             0.200E+00
            -0.348E+00             0.216E+00
            -0.342E+00             0.233E+00
            -0.337E+00             0.252E+00
            -0.331E+00             0.271E+00
            -0.326E+00             0.291E+00
            -0.320E+00             0.313E+00
            -0.315E+00             0.336E+00
            -0.309E+00             0.360E+00
            -0.304E+00             0.385E+00
            -0.298E+00             0.411E+00
            -0.293E+00             0.439E+00
            -0.287E+00             0.468E+00
            -0.282E+00             0.499E+00
            -0.277E+00             0.530E+00
            -0.271E+00             0.563E+00
            -0.266E+00             0.598E+00
            -0.260E+00             0.634E+00
            -0.255E+00             0.671E+00
            -0.249E+00             0.709E+00
            -0.244E+00             0.749E+00
            -0.238E+00             0.790E+00
            -0.233E+00             0.832E+00
            -0.227E+00             0.876E+00
            -0.222E+00             0.921E+00
            -0.216E+00             0.967E+00
            -0.211E+00             0.101E+01
            -0.205E+00             0.106E+01
            -0.200E+00             0.111E+01
            -0.194E+00             0.116E+01
            -0.189E+00             0.121E+01
            -0.183E+00             0.126E+01
            -0.178E+00             0.131E+01
            -0.172E+00             0.137E+01
            -0.167E+00             0.142E+01
            -0.162E+00             0.147E+01
            -0.156E+00             0.152E+01
            -0.151E+00             0.158E+01
            -0.145E+00             0.163E+01
            -0.140E+00             0.168E+01
            -0.134E+00             0.173E+01
            -0.129E+00             0.179E+01
            -0.123E+00             0.184E+01
            -0.118E+00             0.189E+01
            -0.112E+00             0.194E+01
            -0.107E+00             0.199E+01
            -0.101E+00             0.203E+01
            -0.958E-01             0.208E+01
            -0.903E-01             0.212E+01
            -0.849E-01             0.216E+01
            -0.794E-01             0.220E+01
            -0.739E-01             0.224E+01
            -0.684E-01             0.228E+01
            -0.630E-01             0.231E+01
            -0.575E-01             0.235E+01
            -0.520E-01             0.238E+01
            -0.465E-01             0.240E+01
            -0.411E-01             0.243E+01
            -0.356E-01             0.245E+01
            -0.301E-01             0.247E+01
            -0.246E-01             0.249E+01
            -0.192E-01             0.250E+01
            -0.137E-01             0.251E+01
            -0.821E-02             0.252E+01
            -0.274E-02             0.252E+01
             0.274E-02             0.252E+01
             0.821E-02             0.252E+01
             0.137E-01             0.252E+01
             0.192E-01             0.251E+01
             0.246E-01             0.250E+01
             0.301E-01             0.249E+01
             0.356E-01             0.247E+01
             0.411E-01             0.245E+01
             0.465E-01             0.243E+01
             0.520E-01             0.240E+01
             0.575E-01             0.238E+01
             0.630E-01             0.235E+01
             0.684E-01             0.231E+01
             0.739E-01             0.228E+01
             0.794E-01             0.224E+01
             0.849E-01             0.220E+01
             0.903E-01             0.216E+01
             0.958E-01             0.212E+01
             0.101E+00             0.208E+01
             0.107E+00             0.203E+01
             0.112E+00             0.199E+01
             0.118E+00             0.194E+01
             0.123E+00             0.189E+01
             0.129E+00             0.184E+01
             0.134E+00             0.179E+01
             0.140E+00             0.173E+01
             0.145E+00             0.168E+01
             0.151E+00             0.163E+01
             0.156E+00             0.158E+01
             0.162E+00             0.152E+01
             0.167E+00             0.147E+01
             0.172E+00             0.142E+01
             0.178E+00             0.137E+01
             0.183E+00             0.131E+01
             0.189E+00             0.126E+01
             0.194E+00             0.121E+01
             0.200E+00             0.116E+01
             0.205E+00             0.111E+01
             0.211E+00             0.106E+01
             0.216E+00             0.101E+01
             0.222E+00             0.967E+00
             0.227E+00             0.921E+00
             0.233E+00             0.876E+00
             0.238E+00             0.832E+00
             0.244E+00             0.790E+00
             0.249E+00             0.749E+00
             0.255E+00             0.709E+00
             0.260E+00             0.671E+00
             0.266E+00             0.634E+00
             0.271E+00             0.598E+00
             0.277E+00             0.563E+00
             0.282E+00             0.530E+00
             0.287E+00             0.499E+00
             0.293E+00             0.468E+00
             0.298E+00             0.439E+00
             0.304E+00             0.411E+00
             0.309E+00             0.385E+00
             0.315E+00             0.360E+00
             0.320E+00             0.336E+00
             0.326E+00             0.313E+00
             0.331E+00             0.291E+00
             0.337E+00             0.271E+00
             0.342E+00             0.252E+00
             0.348E+00             0.233E+00
             0.353E+00             0.216E+00
             0.359E+00             0.200E+00
             0.364E+00             0.185E+00
             0.370E+00             0.171E+00
             0.375E+00             0.158E+00
             0.381E+00             0.145E+00
             0.386E+00             0.134E+00
             0.392E+00             0.123E+00
             0.397E+00             0.113E+00
             0.402E+00             0.103E+00
             0.408E+00             0.946E-01
             0.413E+00             0.865E-01
             0.419E+00             0.790E-01
             0.424E+00             0.721E-01
             0.430E+00             0.657E-01
             0.435E+00             0.598E-01
             0.441E+00             0.543E-01
             0.446E+00             0.493E-01
             0.452E+00             0.447E-01
             0.457E+00             0.405E-01
             0.463E+00             0.367E-01
             0.468E+00             0.331E-01
             0.474E+00             0.299E-01
             0.479E+00             0.270E-01
             0.485E+00             0.243E-01
             0.490E+00             0.218E-01
             0.496E+00             0.196E-01
             0.501E+00             0.176E-01
             0.507E+00             0.158E-01
             0.512E+00             0.141E-01
             0.517E+00             0.126E-01
             0.523E+00             0.113E-01
             0.528E+00             0.100E-01
             0.534E+00             0.894E-02
             0.539E+00             0.796E-02
             0.545E+00             0.707E-02
             0.550E+00             0.627E-02
             0.556E+00             0.556E-02
             0.561E+00             0.492E-02
             0.567E+00             0.435E-02
             0.572E+00             0.385E-02
             0.578E+00             0.339E-02
             0.583E+00             0.299E-02
             0.589E+00             0.263E-02
             0.594E+00             0.231E-02
             0.600E+00             0.203E-02
             0.605E+00             0.178E-02
             0.611E+00             0.156E-02
             0.616E+00             0.136E-02
             0.621E+00             0.119E-02
             0.627E+00             0.104E-02
             0.632E+00             0.907E-03
             0.638E+00             0.790E-03
             0.643E+00             0.687E-03
             0.649E+00             0.597E-03
             0.654E+00             0.518E-03
             0.660E+00             0.448E-03
             0.665E+00             0.388E-03
             0.671E+00             0.335E-03
             0.676E+00             0.290E-03
             0.682E+00             0.250E-03
             0.687E+00             0.215E-03
             0.693E+00             0.185E-03
             0.698E+00             0.159E-03
             0.704E+00             0.136E-03
             0.709E+00             0.117E-03
             0.715E+00             0.100E-03
             0.720E+00             0.857E-04
             0.726E+00             0.732E-04
             0.731E+00             0.624E-04
             0.736E+00             0.532E-04
             0.742E+00             0.453E-04
             0.747E+00             0.385E-04
             0.753E+00             0.327E-04
             0.758E+00             0.277E-04
             0.764E+00             0.235E-04
             0.769E+00             0.198E-04
             0.775E+00             0.168E-04
             0.780E+00             0.142E-04
             0.786E+00             0.119E-04
             0.791E+00             0.100E-04
             0.797E+00             0.845E-05
             0.802E+00             0.709E-05
             0.808E+00             0.595E-05
             0.813E+00             0.499E-05
             0.819E+00             0.417E-05
             0.824E+00             0.349E-05
             0.830E+00             0.291E-05
             0.835E+00             0.243E-05
             0.841E+00             0.202E-05
             0.846E+00             0.168E-05
             0.851E+00             0.140E-05
             0.857E+00             0.116E-05
             0.862E+00             0.962E-06
             0.868E+00             0.796E-06
             0.873E+00             0.658E-06
             0.879E+00             0.544E-06
             0.884E+00             0.449E-06
             0.890E+00             0.370E-06
             0.895E+00             0.304E-06
             0.901E+00             0.250E-06
             0.906E+00             0.205E-06
             0.912E+00             0.168E-06
             0.917E+00             0.138E-06
             0.923E+00             0.113E-06
             0.928E+00             0.922E-07
             0.934E+00             0.752E-07
             0.939E+00             0.613E-07
             0.945E+00             0.499E-07
             0.950E+00             0.406E-07
             0.956E+00             0.330E-07
             0.961E+00             0.267E-07
             0.966E+00             0.217E-07
             0.972E+00             0.175E-07
             0.977E+00             0.142E-07
             0.983E+00             0.114E-07
             0.988E+00             0.923E-08
             0.994E+00             0.743E-08
             0.999E+00             0.598E-08
             0.100E+01             0.480E-08
             0.101E+01             0.386E-08
             0.102E+01             0.309E-08
             0.102E+01             0.247E-08
             0.103E+01             0.198E-08
             0.103E+01             0.158E-08
             0.104E+01             0.126E-08
             0.104E+01             0.100E-08
             0.105E+01             0.799E-09
             0.105E+01             0.635E-09
             0.106E+01             0.504E-09
             0.107E+01             0.400E-09
             0.107E+01             0.317E-09
             0.108E+01             0.251E-09
             0.108E+01             0.198E-09
             0.109E+01             0.156E-09
             0.109E+01             0.123E-09
             0.110E+01             0.970E-10
             0.110E+01             0.763E-10
             0.111E+01             0.599E-10
             0.111E+01             0.470E-10
             0.112E+01             0.368E-10
             0.113E+01             0.288E-10
             0.113E+01             0.225E-10
             0.114E+01             0.176E-10
             0.114E+01             0.137E-10
             0.115E+01             0.107E-10
             0.115E+01             0.831E-11
             0.116E+01             0.645E-11
             0.116E+01             0.501E-11
             0.117E+01             0.388E-11
             0.117E+01             0.301E-11
             0.118E+01             0.232E-11
             0.119E+01             0.180E-11
             0.119E+01             0.138E-11
             0.120E+01             0.107E-11
             0.120E+01             0.821E-12
             0.121E+01             0.631E-12
             0.121E+01             0.485E-12
             0.122E+01             0.372E-12
             0.122E+01             0.285E-12
             0.123E+01             0.218E-12
             0.123E+01             0.166E-12
             0.124E+01             0.127E-12
             0.125E+01             0.968E-13
             0.125E+01             0.737E-13
             0.126E+01             0.560E-13
             0.126E+01             0.426E-13
             0.127E+01             0.323E-13
             0.127E+01             0.245E-13
             0.128E+01             0.185E-13
             0.128E+01             0.140E-13
             0.129E+01             0.106E-13
             0.130E+01             0.797E-14
             0.130E+01             0.600E-14
             0.131E+01             0.452E-14
             0.131E+01             0.339E-14
             0.132E+01             0.255E-14
             0.132E+01             0.191E-14
             0.133E+01             0.143E-14
             0.133E+01             0.107E-14
             0.134E+01             0.798E-15
             0.134E+01             0.595E-15
             0.135E+01             0.444E-15
             0.136E+01             0.330E-15
             0.136E+01             0.245E-15
             0.137E+01             0.182E-15
             0.137E+01             0.135E-15
             0.138E+01             0.100E-15
             0.138E+01             0.740E-16
             0.139E+01             0.547E-16
             0.139E+01             0.404E-16
             0.140E+01             0.298E-16
             0.140E+01             0.219E-16
             0.141E+01             0.161E-16
             0.142E+01             0.118E-16
             0.142E+01             0.868E-17
             0.143E+01             0.636E-17
             0.143E+01             0.466E-17
             0.144E+01             0.340E-17
             0.144E+01             0.249E-17
             0.145E+01             0.181E-17
             0.145E+01             0.132E-17
             0.146E+01             0.961E-18
             0.146E+01             0.698E-18
             0.147E+01             0.507E-18
             0.148E+01             0.367E-18
             0.148E+01             0.266E-18
             0.149E+01             0.192E-18
             0.149E+01             0.139E-18
             0.150E+01             0.100E-18
             0.150E+01             0.722E-19
             0.151E+01             0.520E-19
             0.151E+01             0.374E-19
             0.152E+01             0.268E-19
             0.152E+01             0.192E-19
             0.153E+01             0.138E-19
             0.154E+01             0.986E-20
             0.154E+01             0.704E-20
             0.155E+01             0.503E-20
             0.155E+01             0.358E-20
             0.156E+01             0.255E-20
             0.156E+01             0.182E-20
             0.157E+01             0.129E-20
             0.157E+01             0.915E-21
             0.158E+01             0.648E-21
             0.159E+01             0.459E-21
             0.159E+01             0.324E-21
             0.160E+01             0.229E-21
             0.160E+01             0.162E-21
             0.161E+01             0.114E-21
             0.161E+01             0.801E-22
             0.162E+01             0.563E-22
             0.162E+01             0.395E-22
             0.163E+01             0.276E-22
             0.163E+01             0.194E-22
             0.164E+01             0.135E-22
             0.165E+01             0.947E-23
             0.165E+01             0.662E-23
             0.166E+01             0.457E-23
             0.166E+01             0.317E-23
             0.167E+01             0.221E-23
             0.167E+01             0.153E-23
             0.168E+01             0.107E-23
             0.168E+01             0.738E-24
             0.169E+01             0.513E-24
             0.169E+01             0.358E-24
             0.170E+01             0.248E-24
             0.171E+01             0.167E-24
             0.171E+01             0.116E-24
             0.172E+01             0.821E-25
             0.172E+01             0.566E-25
             0.173E+01             0.383E-25
             0.173E+01             0.273E-25
             0.174E+01             0.165E-25
             0.174E+01             0.112E-25
             0.175E+01             0.806E-26
             0.175E+01             0.581E-26
             0.176E+01             0.328E-26
             0.177E+01             0.234E-26
             0.177E+01             0.171E-26
             0.178E+01             0.132E-26
             0.178E+01             0.859E-27
             0.179E+01             0.506E-27
             0.179E+01             0.372E-27
             0.180E+01             0.223E-27
             0.180E+01             0.458E-28
             0.181E+01             0.153E-27
             0.182E+01             0.145E-27
             0.182E+01             0.166E-27
             0.183E+01             0.449E-30
             0.183E+01             0.119E-28
             0.184E+01             0.107E-29
             0.184E+01             0.371E-28
             0.185E+01             0.425E-28
             0.185E+01             0.584E-29
             0.186E+01             0.412E-29
             0.186E+01             0.252E-28
             0.187E+01             0.990E-29
             0.188E+01             0.569E-29
             0.188E+01             0.769E-30
             0.189E+01             0.357E-28
             0.189E+01             0.137E-28
             0.190E+01             0.564E-29
             0.190E+01             0.103E-28
             0.191E+01             0.824E-28
             0.191E+01             0.158E-29
             0.192E+01             0.402E-29
             0.192E+01             0.532E-28
             0.193E+01             0.693E-29
             0.194E+01             0.149E-29
             0.194E+01             0.540E-29
             0.195E+01             0.411E-29
             0.195E+01             0.206E-28
             0.196E+01             0.571E-30
             0.196E+01             0.362E-29
             0.197E+01             0.259E-30
             0.197E+01             0.154E-29
             0.198E+01             0.536E-30
             0.198E+01             0.754E-29
             0.199E+01             0.195E-28
             0.200E+01             0.259E-30
             0.200E+01             0.177E-28
             0.201E+01             0.134E-29
             0.201E+01             0.243E-29
             0.202E+01             0.513E-29
             0.202E+01             0.244E-30
             0.203E+01             0.621E-29
             0.203E+01             0.286E-29
             0.204E+01             0.382E-28
             0.205E+01             0.183E-28
             0.205E+01             0.224E-29
             0.206E+01             0.140E-30
             0.206E+01             0.467E-28
             0.207E+01             0.158E-28
             0.207E+01             0.474E-29
             0.208E+01             0.113E-28
             0.208E+01             0.529E-29
             0.209E+01             0.113E-28
             0.209E+01             0.135E-28
             0.210E+01             0.633E-29
             0.211E+01             0.157E-29
             0.211E+01             0.515E-29
             0.212E+01             0.514E-29
             0.212E+01             0.537E-28
             0.213E+01             0.551E-28
             0.213E+01             0.274E-28
             0.214E+01             0.559E-28
             0.214E+01             0.733E-28
             0.215E+01             0.234E-28
             0.215E+01             0.280E-28
             0.216E+01             0.437E-29
             0.217E+01             0.126E-28
             0.217E+01             0.410E-28
             0.218E+01             0.110E-29
             0.218E+01             0.626E-29
             0.219E+01             0.913E-29
             0.219E+01             0.197E-29
             0.220E+01             0.813E-29
             0.220E+01             0.153E-29
             0.221E+01             0.229E-28
             0.221E+01             0.215E-29
             0.222E+01             0.251E-32
             0.223E+01             0.261E-29
             0.223E+01             0.636E-32
             0.224E+01             0.120E-28
             0.224E+01             0.162E-28
             0.225E+01             0.234E-28
             0.225E+01             0.359E-28
             0.226E+01             0.114E-28
             0.226E+01             0.163E-28
             0.227E+01             0.266E-29
             0.228E+01             0.248E-29
             0.228E+01             0.799E-29
             0.229E+01             0.220E-28
             0.229E+01             0.171E-28
             0.230E+01             0.105E-29
             0.230E+01             0.173E-29
             0.231E+01             0.394E-29
             0.231E+01             0.393E-28
             0.232E+01             0.134E-29
             0.232E+01             0.189E-32
             0.233E+01             0.218E-29
             0.234E+01             0.240E-29
             0.234E+01             0.326E-30
             0.235E+01             0.332E-29
             0.235E+01             0.209E-29
             0.236E+01             0.202E-30
             0.236E+01             0.118E-28
             0.237E+01             0.174E-28
             0.237E+01             0.124E-30
             0.238E+01             0.999E-32
             0.238E+01             0.374E-29
             0.239E+01             0.121E-28
             0.240E+01             0.716E-29
             0.240E+01             0.864E-29
             0.241E+01             0.629E-30
             0.241E+01             0.613E-30
             0.242E+01             0.755E-29
             0.242E+01             0.448E-29
             0.243E+01             0.740E-30
             0.243E+01             0.406E-31
             0.244E+01             0.244E-30
             0.244E+01             0.238E-28
             0.245E+01             0.210E-28
             0.246E+01             0.737E-30
             0.246E+01             0.125E-28
             0.247E+01             0.327E-28
             0.247E+01             0.310E-28
             0.248E+01             0.923E-29
             0.248E+01             0.666E-29
             0.249E+01             0.215E-29
             0.249E+01             0.369E-29
             0.250E+01             0.128E-28
             0.251E+01             0.370E-28
             0.251E+01             0.211E-28
             0.252E+01             0.390E-28
             0.252E+01             0.238E-28
             0.253E+01             0.725E-32
             0.253E+01             0.703E-29
             0.254E+01             0.134E-28
             0.254E+01             0.513E-30
             0.255E+01             0.949E-29
             0.255E+01             0.121E-28
             0.256E+01             0.107E-30
             0.257E+01             0.806E-29
             0.257E+01             0.149E-28
             0.258E+01             0.543E-29
             0.258E+01             0.530E-30
             0.259E+01             0.853E-30
             0.259E+01             0.301E-29
             0.260E+01             0.818E-29
             0.260E+01             0.159E-31
             0.261E+01             0.265E-29
             0.261E+01             0.210E-28
             0.262E+01             0.534E-28
             0.263E+01             0.422E-30
             0.263E+01             0.227E-32
             0.264E+01             0.997E-31
             0.264E+01             0.144E-30
             0.265E+01             0.116E-28
             0.265E+01             0.180E-29
             0.266E+01             0.396E-29
             0.266E+01             0.934E-29
             0.267E+01             0.130E-28
             0.267E+01             0.571E-30
             0.268E+01             0.154E-29
             0.269E+01             0.766E-28
             0.269E+01             0.904E-29
             0.270E+01             0.643E-29
             0.270E+01             0.352E-28
             0.271E+01             0.263E-28
             0.271E+01             0.185E-30
             0.272E+01             0.130E-28
             0.272E+01             0.229E-31
             0.273E+01             0.452E-29
             0.274E+01             0.195E-28
             0.274E+01             0.787E-29
             0.275E+01             0.530E-28
             0.275E+01             0.527E-33
             0.276E+01             0.167E-28
             0.276E+01             0.524E-30
             0.277E+01             0.156E-28
             0.277E+01             0.520E-29
             0.278E+01             0.837E-29
             0.278E+01             0.420E-30
             0.279E+01             0.316E-33
             0.280E+01             0.148E-29
             0.280E+01             0.495E-29
             0.281E+01             0.166E-31
             0.281E+01             0.400E-29
             0.282E+01             0.890E-29
             0.282E+01             0.181E-28
             0.283E+01             0.470E-29
             0.283E+01             0.153E-29
             0.284E+01             0.890E-29
             0.284E+01             0.162E-31
             0.285E+01             0.916E-31
             0.286E+01             0.360E-29
             0.286E+01             0.152E-31
             0.287E+01             0.111E-28
             0.287E+01             0.313E-30
             0.288E+01             0.307E-31
             0.288E+01             0.503E-29
             0.289E+01             0.439E-29
             0.289E+01             0.195E-29
             0.290E+01             0.249E-28
             0.290E+01             0.494E-29
             0.291E+01             0.162E-28
             0.292E+01             0.265E-29
             0.292E+01             0.138E-29
             0.293E+01             0.519E-29
             0.293E+01             0.205E-31
             0.294E+01             0.119E-28
             0.294E+01             0.296E-29
             0.295E+01             0.137E-28
             0.295E+01             0.514E-30
             0.296E+01             0.237E-29
             0.297E+01             0.260E-28
             0.297E+01             0.912E-29
             0.298E+01             0.129E-29
             0.298E+01             0.451E-29
             0.299E+01             0.249E-32
             0.299E+01             0.500E-30
             0.300E+01             0.191E-30
             0.300E+01             0.345E-30
             0.301E+01             0.617E-29
             0.301E+01             0.458E-29
             0.302E+01             0.202E-28
             0.303E+01             0.258E-29
             0.303E+01             0.485E-30
             0.304E+01             0.108E-30
             0.304E+01             0.135E-29
             0.305E+01             0.310E-29
             0.305E+01             0.694E-29
             0.306E+01             0.390E-29
             0.306E+01             0.725E-29
             0.307E+01             0.145E-28
             0.307E+01             0.315E-30
             0.308E+01             0.185E-29
             0.309E+01             0.460E-32
             0.309E+01             0.138E-29
             0.310E+01             0.151E-28
             0.310E+01             0.297E-29
             0.311E+01             0.452E-30
             0.311E+01             0.904E-32
             0.312E+01             0.674E-29
             0.312E+01             0.227E-29
             0.313E+01             0.420E-29
             0.313E+01             0.856E-30
             0.314E+01             0.130E-29
             0.315E+01             0.127E-30
             0.315E+01             0.250E-29
             0.316E+01             0.106E-28
             0.316E+01             0.122E-29
             0.317E+01             0.172E-29
             0.317E+01             0.226E-29
             0.318E+01             0.822E-32
             0.318E+01             0.349E-28
             0.319E+01             0.786E-30
             0.320E+01             0.409E-30
             0.320E+01             0.130E-29
             0.321E+01             0.109E-29
             0.321E+01             0.964E-31
             0.322E+01             0.204E-30
             0.322E+01             0.501E-30
             0.323E+01             0.698E-29
             0.323E+01             0.519E-29
             0.324E+01             0.208E-29
             0.324E+01             0.204E-28
             0.325E+01             0.172E-28
             0.326E+01             0.102E-28
             0.326E+01             0.262E-29
             0.327E+01             0.649E-30
             0.327E+01             0.694E-31
             0.328E+01             0.129E-29
             0.328E+01             0.186E-29
             0.329E+01             0.212E-30
             0.329E+01             0.454E-31
             0.330E+01             0.918E-31
             0.330E+01             0.685E-29
             0.331E+01             0.191E-30
             0.332E+01             0.223E-30
             0.332E+01             0.158E-31
             0.333E+01             0.283E-29
             0.333E+01             0.137E-30
             0.334E+01             0.464E-29
             0.334E+01             0.338E-29
             0.335E+01             0.885E-31
             0.335E+01             0.127E-28
             0.336E+01             0.182E-30
             0.336E+01             0.858E-31
             0.337E+01             0.796E-29
             0.338E+01             0.849E-30
             0.338E+01             0.715E-31
             0.339E+01             0.133E-31
             0.339E+01             0.125E-29
             0.340E+01             0.439E-29
             0.340E+01             0.406E-31
             0.341E+01             0.164E-29
             0.341E+01             0.699E-30
             0.342E+01             0.500E-29
             0.343E+01             0.158E-29
             0.343E+01             0.879E-31
             0.344E+01             0.932E-29
             0.344E+01             0.250E-31
             0.345E+01             0.242E-28
             0.345E+01             0.502E-31
             0.346E+01             0.253E-29
             0.346E+01             0.297E-29
             0.347E+01             0.174E-29
             0.347E+01             0.460E-29
             0.348E+01             0.422E-31
             0.349E+01             0.174E-29
             0.349E+01             0.812E-30
             0.350E+01             0.283E-29
             0.350E+01             0.169E-29
             0.351E+01             0.366E-29
             0.351E+01             0.332E-29
             0.352E+01             0.110E-31
             0.352E+01             0.163E-29
             0.353E+01             0.396E-29
             0.353E+01             0.218E-28
             0.354E+01             0.120E-29
             0.355E+01             0.681E-30
             0.355E+01             0.363E-28
             0.356E+01             0.321E-29
             0.356E+01             0.631E-29
             0.357E+01             0.204E-29
             0.357E+01             0.140E-29
             0.358E+01             0.722E-31
             0.358E+01             0.731E-32
             0.359E+01             0.469E-32
             0.359E+01             0.906E-29
             0.360E+01             0.139E-29
             0.361E+01             0.130E-29
             0.361E+01             0.191E-28
             0.362E+01             0.217E-33
             0.362E+01             0.415E-30
             0.363E+01             0.189E-29
             0.363E+01             0.584E-29
             0.364E+01             0.149E-31
             0.364E+01             0.131E-28
             0.365E+01             0.130E-28
             0.366E+01             0.146E-29
             0.366E+01             0.140E-29
             0.367E+01             0.132E-28
             0.367E+01             0.126E-29
             0.368E+01             0.260E-29
             0.368E+01             0.228E-31
             0.369E+01             0.373E-29
             0.369E+01             0.745E-29
             0.370E+01             0.741E-29
             0.370E+01             0.102E-29
             0.371E+01             0.514E-29
             0.372E+01             0.162E-29
             0.372E+01             0.179E-30
             0.373E+01             0.146E-30
             0.373E+01             0.600E-29
             0.374E+01             0.156E-31
             0.374E+01             0.369E-30
             0.375E+01             0.235E-30
             0.375E+01             0.749E-29
             0.376E+01             0.357E-29
             0.376E+01             0.482E-29
             0.377E+01             0.111E-30
             0.378E+01             0.868E-31
             0.378E+01             0.219E-29
             0.379E+01             0.952E-29
             0.379E+01             0.430E-30
             0.380E+01             0.223E-28
             0.380E+01             0.123E-29
             0.381E+01             0.109E-29
             0.381E+01             0.284E-29
             0.382E+01             0.389E-33
             0.382E+01             0.125E-28
             0.383E+01             0.270E-29
             0.384E+01             0.142E-28
             0.384E+01             0.186E-28
             0.385E+01             0.758E-29
             0.385E+01             0.315E-29
             0.386E+01             0.641E-29
             0.386E+01             0.292E-29
             0.387E+01             0.399E-29
             0.387E+01             0.354E-29
             0.388E+01             0.298E-30
             0.389E+01             0.375E-30
             0.389E+01             0.461E-30
             0.390E+01             0.139E-29
             0.390E+01             0.279E-29
             0.391E+01             0.315E-29
             0.391E+01             0.481E-30
             0.392E+01             0.319E-30
             0.392E+01             0.180E-29
             0.393E+01             0.409E-30
             0.393E+01             0.157E-30
             0.394E+01             0.427E-30
             0.395E+01             0.680E-29
             0.395E+01             0.249E-30
             0.396E+01             0.140E-30
             0.396E+01             0.164E-29
             0.397E+01             0.280E-31
             0.397E+01             0.466E-29
             0.398E+01             0.142E-28
             0.398E+01             0.288E-29
             0.399E+01             0.266E-29
             0.399E+01             0.850E-31
             0.400E+01             0.892E-30
