            -0.997E+01             0.000E+00
            -0.994E+01             0.000E+00
            -0.990E+01             0.000E+00
            -0.987E+01             0.000E+00
            -0.984E+01             0.000E+00
            -0.981E+01             0.000E+00
            -0.977E+01             0.000E+00
            -0.974E+01             0.000E+00
            -0.971E+01             0.000E+00
            -0.968E+01             0.000E+00
            -0.965E+01             0.000E+00
            -0.961E+01             0.000E+00
            -0.958E+01             0.000E+00
            -0.955E+01             0.000E+00
            -0.952E+01             0.000E+00
            -0.948E+01             0.000E+00
            -0.945E+01             0.000E+00
            -0.942E+01             0.000E+00
            -0.939E+01             0.000E+00
            -0.936E+01             0.000E+00
            -0.932E+01             0.000E+00
            -0.929E+01             0.000E+00
            -0.926E+01             0.000E+00
            -0.923E+01             0.000E+00
            -0.919E+01             0.000E+00
            -0.916E+01             0.000E+00
            -0.913E+01             0.000E+00
            -0.910E+01             0.000E+00
            -0.907E+01             0.000E+00
            -0.903E+01             0.000E+00
            -0.900E+01             0.000E+00
            -0.897E+01             0.000E+00
            -0.894E+01             0.000E+00
            -0.890E+01             0.000E+00
            -0.887E+01             0.000E+00
            -0.884E+01             0.000E+00
            -0.881E+01             0.000E+00
            -0.878E+01             0.000E+00
            -0.874E+01             0.000E+00
            -0.871E+01             0.000E+00
            -0.868E+01             0.000E+00
            -0.865E+01             0.000E+00
            -0.862E+01             0.000E+00
            -0.858E+01             0.000E+00
            -0.855E+01             0.000E+00
            -0.852E+01             0.000E+00
            -0.849E+01             0.000E+00
            -0.845E+01             0.000E+00
            -0.842E+01             0.000E+00
            -0.839E+01             0.000E+00
            -0.836E+01             0.000E+00
            -0.833E+01             0.000E+00
            -0.829E+01             0.000E+00
            -0.826E+01             0.000E+00
            -0.823E+01             0.000E+00
            -0.820E+01             0.000E+00
            -0.816E+01             0.000E+00
            -0.813E+01             0.000E+00
            -0.810E+01             0.000E+00
            -0.807E+01             0.000E+00
            -0.804E+01             0.000E+00
            -0.800E+01             0.000E+00
            -0.797E+01             0.000E+00
            -0.794E+01             0.000E+00
            -0.791E+01             0.000E+00
            -0.787E+01             0.000E+00
            -0.784E+01             0.000E+00
            -0.781E+01             0.000E+00
            -0.778E+01             0.000E+00
            -0.775E+01             0.000E+00
            -0.771E+01             0.000E+00
            -0.768E+01             0.000E+00
            -0.765E+01             0.000E+00
            -0.762E+01             0.000E+00
            -0.758E+01             0.000E+00
            -0.755E+01             0.000E+00
            -0.752E+01             0.000E+00
            -0.749E+01             0.000E+00
            -0.746E+01             0.000E+00
            -0.742E+01             0.000E+00
            -0.739E+01             0.000E+00
            -0.736E+01             0.000E+00
            -0.733E+01             0.000E+00
            -0.729E+01             0.000E+00
            -0.726E+01             0.000E+00
            -0.723E+01             0.000E+00
            -0.720E+01             0.000E+00
            -0.717E+01             0.000E+00
            -0.713E+01             0.000E+00
            -0.710E+01             0.227-318
            -0.707E+01             0.664-317
            -0.704E+01             0.546-313
            -0.700E+01             0.109-311
            -0.697E+01             0.107-308
            -0.694E+01             0.879-305
            -0.691E+01             0.310-303
            -0.688E+01             0.279-300
            -0.684E+01             0.349-300
            -0.681E+01             0.501-296
            -0.678E+01             0.903-293
            -0.675E+01             0.174-290
            -0.671E+01             0.261-287
            -0.668E+01             0.463-286
            -0.665E+01             0.287-283
            -0.662E+01             0.193-282
            -0.659E+01             0.553-278
            -0.655E+01             0.950-275
            -0.652E+01             0.354-273
            -0.649E+01             0.298-269
            -0.646E+01             0.364-267
            -0.643E+01             0.445-266
            -0.639E+01             0.131-262
            -0.636E+01             0.345-260
            -0.633E+01             0.147-257
            -0.630E+01             0.514-256
            -0.626E+01             0.787-253
            -0.623E+01             0.135-251
            -0.620E+01             0.525-248
            -0.617E+01             0.582-246
            -0.614E+01             0.266-243
            -0.610E+01             0.725-241
            -0.607E+01             0.357-240
            -0.604E+01             0.857-236
            -0.601E+01             0.153-234
            -0.597E+01             0.927-232
            -0.594E+01             0.566-230
            -0.591E+01             0.464-228
            -0.588E+01             0.317-224
            -0.585E+01             0.316-222
            -0.581E+01             0.533-221
            -0.578E+01             0.392-219
            -0.575E+01             0.250-215
            -0.572E+01             0.409-214
            -0.568E+01             0.114-212
            -0.565E+01             0.272-209
            -0.562E+01             0.180-206
            -0.559E+01             0.172-210
            -0.556E+01             0.403-204
            -0.552E+01             0.925-202
            -0.549E+01             0.759-199
            -0.546E+01             0.149-197
            -0.543E+01             0.129-193
            -0.539E+01             0.222-193
            -0.536E+01             0.890-190
            -0.533E+01             0.447-188
            -0.530E+01             0.270-185
            -0.527E+01             0.805-185
            -0.523E+01             0.454-181
            -0.520E+01             0.668-179
            -0.517E+01             0.599-178
            -0.514E+01             0.161-175
            -0.510E+01             0.579-172
            -0.507E+01             0.268-170
            -0.504E+01             0.170-168
            -0.501E+01             0.235-167
            -0.498E+01             0.281-166
            -0.494E+01             0.956-162
            -0.491E+01             0.754-162
            -0.488E+01             0.111-158
            -0.485E+01             0.171-157
            -0.481E+01             0.607-156
            -0.478E+01             0.988-153
            -0.475E+01             0.361-154
            -0.472E+01             0.301-150
            -0.469E+01             0.304-148
            -0.465E+01             0.174-146
            -0.462E+01             0.151-145
            -0.459E+01             0.173-141
            -0.456E+01             0.167-141
            -0.452E+01             0.929-139
            -0.449E+01             0.854-136
            -0.446E+01             0.952-135
            -0.443E+01             0.373-134
            -0.440E+01             0.157-130
            -0.436E+01             0.142-129
            -0.433E+01             0.170-130
            -0.430E+01             0.238-125
            -0.427E+01             0.103-123
            -0.424E+01             0.392-123
            -0.420E+01             0.491-121
            -0.417E+01             0.213-119
            -0.414E+01             0.307-119
            -0.411E+01             0.199-116
            -0.407E+01             0.128-115
            -0.404E+01             0.130-114
            -0.401E+01             0.191-111
            -0.398E+01             0.838-110
            -0.395E+01             0.224-107
            -0.391E+01             0.834-107
            -0.388E+01             0.211-106
            -0.385E+01             0.533-104
            -0.382E+01             0.156-102
            -0.378E+01             0.126-100
            -0.375E+01             0.132-100
            -0.372E+01             0.259E-97
            -0.369E+01             0.143E-96
            -0.366E+01             0.276E-98
            -0.362E+01             0.980E-94
            -0.359E+01             0.258E-92
            -0.356E+01             0.988E-93
            -0.353E+01             0.466E-90
            -0.349E+01             0.700E-89
            -0.346E+01             0.617E-87
            -0.343E+01             0.282E-89
            -0.340E+01             0.953E-85
            -0.337E+01             0.987E-86
            -0.333E+01             0.511E-83
            -0.330E+01             0.628E-85
            -0.327E+01             0.131E-80
            -0.324E+01             0.145E-79
            -0.320E+01             0.131E-78
            -0.317E+01             0.128E-78
            -0.314E+01             0.248E-77
            -0.311E+01             0.606E-76
            -0.308E+01             0.416E-75
            -0.304E+01             0.965E-74
            -0.301E+01             0.910E-73
            -0.298E+01             0.323E-72
            -0.295E+01             0.289E-72
            -0.291E+01             0.262E-69
            -0.288E+01             0.206E-68
            -0.285E+01             0.992E-67
            -0.282E+01             0.217E-65
            -0.279E+01             0.655E-64
            -0.275E+01             0.159E-62
            -0.272E+01             0.394E-61
            -0.269E+01             0.934E-60
            -0.266E+01             0.217E-58
            -0.262E+01             0.486E-57
            -0.259E+01             0.106E-55
            -0.256E+01             0.222E-54
            -0.253E+01             0.453E-53
            -0.250E+01             0.895E-52
            -0.246E+01             0.171E-50
            -0.243E+01             0.317E-49
            -0.240E+01             0.568E-48
            -0.237E+01             0.984E-47
            -0.233E+01             0.165E-45
            -0.230E+01             0.268E-44
            -0.227E+01             0.420E-43
            -0.224E+01             0.638E-42
            -0.221E+01             0.937E-41
            -0.217E+01             0.133E-39
            -0.214E+01             0.182E-38
            -0.211E+01             0.242E-37
            -0.208E+01             0.310E-36
            -0.205E+01             0.383E-35
            -0.201E+01             0.458E-34
            -0.198E+01             0.529E-33
            -0.195E+01             0.590E-32
            -0.192E+01             0.635E-31
            -0.188E+01             0.660E-30
            -0.185E+01             0.662E-29
            -0.182E+01             0.641E-28
            -0.179E+01             0.599E-27
            -0.176E+01             0.539E-26
            -0.172E+01             0.469E-25
            -0.169E+01             0.393E-24
            -0.166E+01             0.317E-23
            -0.163E+01             0.247E-22
            -0.159E+01             0.186E-21
            -0.156E+01             0.134E-20
            -0.153E+01             0.937E-20
            -0.150E+01             0.630E-19
            -0.147E+01             0.408E-18
            -0.143E+01             0.254E-17
            -0.140E+01             0.153E-16
            -0.137E+01             0.882E-16
            -0.134E+01             0.491E-15
            -0.130E+01             0.263E-14
            -0.127E+01             0.136E-13
            -0.124E+01             0.673E-13
            -0.121E+01             0.321E-12
            -0.118E+01             0.147E-11
            -0.114E+01             0.651E-11
            -0.111E+01             0.277E-10
            -0.108E+01             0.113E-09
            -0.105E+01             0.444E-09
            -0.101E+01             0.168E-08
            -0.982E+00             0.609E-08
            -0.950E+00             0.213E-07
            -0.918E+00             0.713E-07
            -0.886E+00             0.230E-06
            -0.853E+00             0.711E-06
            -0.821E+00             0.212E-05
            -0.789E+00             0.604E-05
            -0.757E+00             0.166E-04
            -0.725E+00             0.437E-04
            -0.692E+00             0.111E-03
            -0.660E+00             0.269E-03
            -0.628E+00             0.628E-03
            -0.596E+00             0.141E-02
            -0.564E+00             0.303E-02
            -0.531E+00             0.625E-02
            -0.499E+00             0.124E-01
            -0.467E+00             0.235E-01
            -0.435E+00             0.430E-01
            -0.403E+00             0.752E-01
            -0.370E+00             0.126E+00
            -0.338E+00             0.204E+00
            -0.306E+00             0.316E+00
            -0.274E+00             0.468E+00
            -0.242E+00             0.667E+00
            -0.209E+00             0.911E+00
            -0.177E+00             0.119E+01
            -0.145E+00             0.150E+01
            -0.113E+00             0.181E+01
            -0.805E-01             0.210E+01
            -0.483E-01             0.233E+01
            -0.161E-01             0.248E+01
             0.161E-01             0.253E+01
             0.483E-01             0.248E+01
             0.805E-01             0.233E+01
             0.113E+00             0.210E+01
             0.145E+00             0.181E+01
             0.177E+00             0.150E+01
             0.209E+00             0.119E+01
             0.242E+00             0.911E+00
             0.274E+00             0.667E+00
             0.306E+00             0.468E+00
             0.338E+00             0.316E+00
             0.370E+00             0.204E+00
             0.403E+00             0.126E+00
             0.435E+00             0.752E-01
             0.467E+00             0.430E-01
             0.499E+00             0.235E-01
             0.531E+00             0.124E-01
             0.564E+00             0.625E-02
             0.596E+00             0.303E-02
             0.628E+00             0.141E-02
             0.660E+00             0.628E-03
             0.692E+00             0.269E-03
             0.725E+00             0.111E-03
             0.757E+00             0.437E-04
             0.789E+00             0.166E-04
             0.821E+00             0.604E-05
             0.853E+00             0.212E-05
             0.886E+00             0.711E-06
             0.918E+00             0.230E-06
             0.950E+00             0.713E-07
             0.982E+00             0.213E-07
             0.101E+01             0.609E-08
             0.105E+01             0.168E-08
             0.108E+01             0.444E-09
             0.111E+01             0.113E-09
             0.114E+01             0.277E-10
             0.118E+01             0.651E-11
             0.121E+01             0.147E-11
             0.124E+01             0.321E-12
             0.127E+01             0.673E-13
             0.130E+01             0.136E-13
             0.134E+01             0.263E-14
             0.137E+01             0.491E-15
             0.140E+01             0.882E-16
             0.143E+01             0.153E-16
             0.147E+01             0.254E-17
             0.150E+01             0.408E-18
             0.153E+01             0.630E-19
             0.156E+01             0.937E-20
             0.159E+01             0.134E-20
             0.163E+01             0.186E-21
             0.166E+01             0.247E-22
             0.169E+01             0.318E-23
             0.172E+01             0.385E-24
             0.176E+01             0.458E-25
             0.179E+01             0.509E-26
             0.182E+01             0.437E-27
             0.185E+01             0.893E-28
             0.188E+01             0.298E-29
             0.192E+01             0.259E-29
             0.195E+01             0.185E-30
             0.198E+01             0.268E-29
             0.201E+01             0.688E-30
             0.205E+01             0.191E-28
             0.208E+01             0.189E-29
             0.211E+01             0.598E-29
             0.214E+01             0.217E-30
             0.217E+01             0.489E-30
             0.221E+01             0.135E-29
             0.224E+01             0.484E-29
             0.227E+01             0.643E-29
             0.230E+01             0.990E-29
             0.233E+01             0.101E-29
             0.237E+01             0.261E-29
             0.240E+01             0.898E-29
             0.243E+01             0.404E-29
             0.246E+01             0.145E-29
             0.250E+01             0.762E-29
             0.253E+01             0.272E-29
             0.256E+01             0.156E-30
             0.259E+01             0.629E-29
             0.262E+01             0.543E-29
             0.266E+01             0.177E-30
             0.269E+01             0.220E-30
             0.272E+01             0.148E-29
             0.275E+01             0.188E-29
             0.279E+01             0.197E-29
             0.282E+01             0.246E-31
             0.285E+01             0.355E-30
             0.288E+01             0.977E-30
             0.291E+01             0.861E-31
             0.295E+01             0.509E-30
             0.298E+01             0.345E-30
             0.301E+01             0.738E-31
             0.304E+01             0.151E-29
             0.308E+01             0.227E-31
             0.311E+01             0.120E-29
             0.314E+01             0.833E-30
             0.317E+01             0.268E-31
             0.320E+01             0.242E-29
             0.324E+01             0.496E-30
             0.327E+01             0.224E-31
             0.330E+01             0.370E-30
             0.333E+01             0.585E-32
             0.337E+01             0.254E-32
             0.340E+01             0.724E-31
             0.343E+01             0.844E-30
             0.346E+01             0.148E-31
             0.349E+01             0.112E-30
             0.353E+01             0.164E-31
             0.356E+01             0.789E-32
             0.359E+01             0.196E-31
             0.362E+01             0.423E-30
             0.366E+01             0.210E-30
             0.369E+01             0.576E-31
             0.372E+01             0.134E-30
             0.375E+01             0.869E-31
             0.378E+01             0.235E-30
             0.382E+01             0.275E-30
             0.385E+01             0.293E-30
             0.388E+01             0.913E-30
             0.391E+01             0.286E-30
             0.395E+01             0.194E-30
             0.398E+01             0.525E-30
             0.401E+01             0.514E-30
             0.404E+01             0.162E-31
             0.407E+01             0.699E-30
             0.411E+01             0.106E-31
             0.414E+01             0.398E-30
             0.417E+01             0.251E-30
             0.420E+01             0.694E-30
             0.424E+01             0.242E-32
             0.427E+01             0.525E-30
             0.430E+01             0.570E-32
             0.433E+01             0.281E-30
             0.436E+01             0.592E-30
             0.440E+01             0.541E-34
             0.443E+01             0.868E-32
             0.446E+01             0.674E-31
             0.449E+01             0.952E-30
             0.452E+01             0.170E-31
             0.456E+01             0.244E-31
             0.459E+01             0.201E-29
             0.462E+01             0.223E-31
             0.465E+01             0.125E-31
             0.469E+01             0.251E-31
             0.472E+01             0.406E-32
             0.475E+01             0.357E-30
             0.478E+01             0.143E-29
             0.481E+01             0.308E-31
             0.485E+01             0.143E-29
             0.488E+01             0.408E-30
             0.491E+01             0.584E-32
             0.494E+01             0.393E-31
             0.498E+01             0.436E-30
             0.501E+01             0.760E-29
             0.504E+01             0.526E-29
             0.507E+01             0.150E-31
             0.510E+01             0.511E-30
             0.514E+01             0.282E-30
             0.517E+01             0.319E-31
             0.520E+01             0.177E-30
             0.523E+01             0.235E-29
             0.527E+01             0.140E-29
             0.530E+01             0.482E-31
             0.533E+01             0.416E-30
             0.536E+01             0.105E-30
             0.539E+01             0.146E-31
             0.543E+01             0.353E-29
             0.546E+01             0.126E-32
             0.549E+01             0.160E-32
             0.552E+01             0.463E-29
             0.556E+01             0.653E-29
             0.559E+01             0.456E-29
             0.562E+01             0.425E-32
             0.565E+01             0.594E-34
             0.568E+01             0.257E-30
             0.572E+01             0.936E-30
             0.575E+01             0.947E-30
             0.578E+01             0.371E-29
             0.581E+01             0.749E-31
             0.585E+01             0.464E-31
             0.588E+01             0.288E-30
             0.591E+01             0.145E-31
             0.594E+01             0.165E-29
             0.597E+01             0.171E-30
             0.601E+01             0.139E-29
             0.604E+01             0.537E-30
             0.607E+01             0.131E-32
             0.610E+01             0.339E-30
             0.614E+01             0.710E-30
             0.617E+01             0.398E-30
             0.620E+01             0.273E-31
             0.623E+01             0.215E-30
             0.626E+01             0.708E-30
             0.630E+01             0.193E-29
             0.633E+01             0.352E-29
             0.636E+01             0.985E-30
             0.639E+01             0.244E-30
             0.643E+01             0.168E-30
             0.646E+01             0.235E-30
             0.649E+01             0.132E-30
             0.652E+01             0.203E-29
             0.655E+01             0.376E-30
             0.659E+01             0.398E-32
             0.662E+01             0.308E-33
             0.665E+01             0.760E-29
             0.668E+01             0.484E-30
             0.671E+01             0.909E-32
             0.675E+01             0.146E-29
             0.678E+01             0.223E-30
             0.681E+01             0.239E-29
             0.684E+01             0.107E-29
             0.688E+01             0.421E-30
             0.691E+01             0.127E-29
             0.694E+01             0.234E-31
             0.697E+01             0.126E-30
             0.700E+01             0.714E-31
             0.704E+01             0.138E-30
             0.707E+01             0.261E-30
             0.710E+01             0.473E-30
             0.713E+01             0.283E-31
             0.717E+01             0.230E-31
             0.720E+01             0.200E-31
             0.723E+01             0.240E-31
             0.726E+01             0.155E-32
             0.729E+01             0.217E-33
             0.733E+01             0.588E-35
             0.736E+01             0.102E-32
             0.739E+01             0.359E-34
             0.742E+01             0.175E-36
             0.746E+01             0.101E-35
             0.749E+01             0.174E-36
             0.752E+01             0.582E-36
             0.755E+01             0.206E-38
             0.758E+01             0.149E-37
             0.762E+01             0.250E-38
             0.765E+01             0.777E-39
             0.768E+01             0.835E-40
             0.771E+01             0.472E-41
             0.775E+01             0.142E-41
             0.778E+01             0.929E-42
             0.781E+01             0.143E-43
             0.784E+01             0.169E-44
             0.787E+01             0.376E-46
             0.791E+01             0.171E-46
             0.794E+01             0.245E-48
             0.797E+01             0.779E-50
             0.800E+01             0.138E-49
             0.804E+01             0.115E-51
             0.807E+01             0.442E-52
             0.810E+01             0.688E-53
             0.813E+01             0.161E-55
             0.816E+01             0.178E-55
             0.820E+01             0.317E-57
             0.823E+01             0.133E-57
             0.826E+01             0.142E-59
             0.829E+01             0.925E-61
             0.833E+01             0.241E-59
             0.836E+01             0.242E-61
             0.839E+01             0.309E-59
             0.842E+01             0.114E-59
             0.845E+01             0.393E-59
             0.849E+01             0.141E-59
             0.852E+01             0.243E-59
             0.855E+01             0.126E-61
             0.858E+01             0.966E-59
             0.862E+01             0.154E-58
             0.865E+01             0.658E-60
             0.868E+01             0.139E-59
             0.871E+01             0.133E-59
             0.874E+01             0.221E-59
             0.878E+01             0.368E-59
             0.881E+01             0.329E-60
             0.884E+01             0.469E-59
             0.887E+01             0.983E-60
             0.890E+01             0.162E-58
             0.894E+01             0.467E-63
             0.897E+01             0.708E-59
             0.900E+01             0.465E-59
             0.903E+01             0.147E-59
             0.907E+01             0.243E-59
             0.910E+01             0.153E-60
             0.913E+01             0.470E-60
             0.916E+01             0.155E-58
             0.919E+01             0.212E-59
             0.923E+01             0.128E-59
             0.926E+01             0.358E-60
             0.929E+01             0.644E-60
             0.932E+01             0.146E-58
             0.936E+01             0.142E-59
             0.939E+01             0.630E-60
             0.942E+01             0.325E-60
             0.945E+01             0.446E-59
             0.948E+01             0.115E-61
             0.952E+01             0.820E-61
             0.955E+01             0.774E-61
             0.958E+01             0.148E-59
             0.961E+01             0.379E-62
             0.965E+01             0.352E-59
             0.968E+01             0.221E-60
             0.971E+01             0.229E-60
             0.974E+01             0.735E-60
             0.977E+01             0.464E-61
             0.981E+01             0.311E-61
             0.984E+01             0.523E-60
             0.987E+01             0.539E-62
             0.990E+01             0.226E-60
             0.994E+01             0.998E-61
             0.997E+01             0.841E-62
             0.100E+02             0.999E-62
