            -0.699E+01             0.159E-31
            -0.698E+01             0.394E-31
            -0.696E+01             0.129E-31
            -0.695E+01             0.494E-30
            -0.694E+01             0.258E-30
            -0.693E+01             0.168E-29
            -0.692E+01             0.684E-30
            -0.691E+01             0.731E-30
            -0.689E+01             0.145E-29
            -0.688E+01             0.155E-29
            -0.687E+01             0.242E-29
            -0.686E+01             0.211E-29
            -0.685E+01             0.141E-29
            -0.683E+01             0.100E-29
            -0.682E+01             0.633E-30
            -0.681E+01             0.501E-30
            -0.680E+01             0.759E-30
            -0.679E+01             0.104E-29
            -0.677E+01             0.751E-30
            -0.676E+01             0.189E-30
            -0.675E+01             0.130E-29
            -0.674E+01             0.160E-30
            -0.673E+01             0.269E-30
            -0.672E+01             0.227E-30
            -0.670E+01             0.198E-30
            -0.669E+01             0.116E-30
            -0.668E+01             0.193E-30
            -0.667E+01             0.215E-30
            -0.666E+01             0.231E-30
            -0.664E+01             0.468E-30
            -0.663E+01             0.809E-31
            -0.662E+01             0.115E-31
            -0.661E+01             0.189E-31
            -0.660E+01             0.119E-30
            -0.659E+01             0.374E-31
            -0.657E+01             0.668E-32
            -0.656E+01             0.823E-32
            -0.655E+01             0.123E-31
            -0.654E+01             0.871E-32
            -0.653E+01             0.365E-32
            -0.651E+01             0.389E-34
            -0.650E+01             0.649E-36
            -0.649E+01             0.544E-33
            -0.648E+01             0.724E-34
            -0.647E+01             0.696E-36
            -0.645E+01             0.150E-34
            -0.644E+01             0.129E-34
            -0.643E+01             0.368E-35
            -0.642E+01             0.882E-35
            -0.641E+01             0.610E-37
            -0.640E+01             0.184E-37
            -0.638E+01             0.510E-36
            -0.637E+01             0.498E-37
            -0.636E+01             0.771E-37
            -0.635E+01             0.911E-38
            -0.634E+01             0.211E-38
            -0.632E+01             0.281E-38
            -0.631E+01             0.572E-39
            -0.630E+01             0.818E-43
            -0.629E+01             0.271E-41
            -0.628E+01             0.346E-40
            -0.627E+01             0.329E-40
            -0.625E+01             0.133E-41
            -0.624E+01             0.610E-41
            -0.623E+01             0.711E-41
            -0.622E+01             0.283E-44
            -0.621E+01             0.202E-42
            -0.619E+01             0.192E-42
            -0.618E+01             0.226E-42
            -0.617E+01             0.113E-43
            -0.616E+01             0.120E-44
            -0.615E+01             0.263E-44
            -0.613E+01             0.678E-45
            -0.612E+01             0.137E-47
            -0.611E+01             0.184E-45
            -0.610E+01             0.490E-47
            -0.609E+01             0.124E-46
            -0.608E+01             0.513E-48
            -0.606E+01             0.220E-51
            -0.605E+01             0.252E-50
            -0.604E+01             0.379E-48
            -0.603E+01             0.183E-52
            -0.602E+01             0.244E-50
            -0.600E+01             0.279E-50
            -0.599E+01             0.287E-50
            -0.598E+01             0.445E-51
            -0.597E+01             0.696E-52
            -0.596E+01             0.131E-54
            -0.594E+01             0.337E-53
            -0.593E+01             0.210E-53
            -0.592E+01             0.639E-54
            -0.591E+01             0.152E-54
            -0.590E+01             0.561E-55
            -0.589E+01             0.160E-55
            -0.587E+01             0.539E-57
            -0.586E+01             0.238E-57
            -0.585E+01             0.200E-59
            -0.584E+01             0.736E-59
            -0.583E+01             0.201E-59
            -0.581E+01             0.787E-62
            -0.580E+01             0.184E-60
            -0.579E+01             0.917E-60
            -0.578E+01             0.434E-60
            -0.577E+01             0.101E-59
            -0.576E+01             0.246E-59
            -0.574E+01             0.571E-62
            -0.573E+01             0.233E-60
            -0.572E+01             0.162E-60
            -0.571E+01             0.109E-59
            -0.570E+01             0.258E-61
            -0.568E+01             0.777E-63
            -0.567E+01             0.775E-60
            -0.566E+01             0.567E-60
            -0.565E+01             0.287E-61
            -0.564E+01             0.805E-61
            -0.562E+01             0.494E-60
            -0.561E+01             0.161E-62
            -0.560E+01             0.270E-61
            -0.559E+01             0.155E-61
            -0.558E+01             0.438E-60
            -0.557E+01             0.813E-61
            -0.555E+01             0.174E-62
            -0.554E+01             0.140E-60
            -0.553E+01             0.388E-60
            -0.552E+01             0.466E-60
            -0.551E+01             0.427E-61
            -0.549E+01             0.506E-61
            -0.548E+01             0.332E-60
            -0.547E+01             0.404E-64
            -0.546E+01             0.114E-60
            -0.545E+01             0.233E-62
            -0.544E+01             0.530E-61
            -0.542E+01             0.778E-61
            -0.541E+01             0.485E-59
            -0.540E+01             0.121E-59
            -0.539E+01             0.444E-60
            -0.538E+01             0.341E-59
            -0.536E+01             0.453E-60
            -0.535E+01             0.193E-59
            -0.534E+01             0.263E-59
            -0.533E+01             0.177E-62
            -0.532E+01             0.808E-61
            -0.530E+01             0.312E-60
            -0.529E+01             0.509E-61
            -0.528E+01             0.162E-61
            -0.527E+01             0.757E-60
            -0.526E+01             0.276E-60
            -0.525E+01             0.644E-61
            -0.523E+01             0.316E-62
            -0.522E+01             0.141E-59
            -0.521E+01             0.196E-61
            -0.520E+01             0.539E-60
            -0.519E+01             0.128E-59
            -0.517E+01             0.682E-60
            -0.516E+01             0.206E-59
            -0.515E+01             0.372E-61
            -0.514E+01             0.786E-60
            -0.513E+01             0.263E-59
            -0.512E+01             0.263E-61
            -0.510E+01             0.302E-62
            -0.509E+01             0.185E-60
            -0.508E+01             0.397E-60
            -0.507E+01             0.187E-61
            -0.506E+01             0.609E-60
            -0.504E+01             0.804E-60
            -0.503E+01             0.787E-60
            -0.502E+01             0.597E-62
            -0.501E+01             0.326E-60
            -0.500E+01             0.653E-62
            -0.498E+01             0.123E-60
            -0.497E+01             0.796E-61
            -0.496E+01             0.341E-59
            -0.495E+01             0.739E-60
            -0.494E+01             0.191E-61
            -0.493E+01             0.129E-61
            -0.491E+01             0.555E-60
            -0.490E+01             0.112E-60
            -0.489E+01             0.948E-61
            -0.488E+01             0.704E-61
            -0.487E+01             0.475E-61
            -0.485E+01             0.418E-61
            -0.484E+01             0.869E-61
            -0.483E+01             0.155E-60
            -0.482E+01             0.956E-61
            -0.481E+01             0.182E-60
            -0.480E+01             0.193E-61
            -0.478E+01             0.297E-59
            -0.477E+01             0.746E-61
            -0.476E+01             0.726E-63
            -0.475E+01             0.541E-61
            -0.474E+01             0.172E-61
            -0.472E+01             0.148E-59
            -0.471E+01             0.226E-61
            -0.470E+01             0.607E-60
            -0.469E+01             0.601E-60
            -0.468E+01             0.402E-59
            -0.466E+01             0.141E-59
            -0.465E+01             0.177E-59
            -0.464E+01             0.585E-60
            -0.463E+01             0.936E-61
            -0.462E+01             0.103E-60
            -0.461E+01             0.241E-60
            -0.459E+01             0.151E-59
            -0.458E+01             0.138E-59
            -0.457E+01             0.116E-60
            -0.456E+01             0.332E-60
            -0.455E+01             0.746E-60
            -0.453E+01             0.430E-61
            -0.452E+01             0.294E-59
            -0.451E+01             0.195E-60
            -0.450E+01             0.759E-61
            -0.449E+01             0.397E-61
            -0.448E+01             0.157E-59
            -0.446E+01             0.331E-59
            -0.445E+01             0.887E-59
            -0.444E+01             0.808E-60
            -0.443E+01             0.446E-62
            -0.442E+01             0.622E-62
            -0.440E+01             0.659E-60
            -0.439E+01             0.185E-60
            -0.438E+01             0.247E-61
            -0.437E+01             0.604E-61
            -0.436E+01             0.200E-59
            -0.434E+01             0.450E-60
            -0.433E+01             0.289E-60
            -0.432E+01             0.222E-59
            -0.431E+01             0.224E-59
            -0.430E+01             0.156E-61
            -0.429E+01             0.448E-60
            -0.427E+01             0.558E-61
            -0.426E+01             0.492E-59
            -0.425E+01             0.795E-59
            -0.424E+01             0.997E-60
            -0.423E+01             0.323E-60
            -0.421E+01             0.655E-60
            -0.420E+01             0.370E-60
            -0.419E+01             0.271E-59
            -0.418E+01             0.739E-60
            -0.417E+01             0.119E-62
            -0.415E+01             0.231E-61
            -0.414E+01             0.722E-61
            -0.413E+01             0.914E-60
            -0.412E+01             0.108E-59
            -0.411E+01             0.135E-59
            -0.410E+01             0.163E-60
            -0.408E+01             0.235E-60
            -0.407E+01             0.574E-59
            -0.406E+01             0.218E-59
            -0.405E+01             0.434E-61
            -0.404E+01             0.237E-59
            -0.402E+01             0.441E-60
            -0.401E+01             0.131E-59
            -0.400E+01             0.235E-60
            -0.399E+01             0.170E-59
            -0.398E+01             0.942E-60
            -0.397E+01             0.646E-60
            -0.395E+01             0.182E-59
            -0.394E+01             0.455E-60
            -0.393E+01             0.260E-60
            -0.392E+01             0.789E-60
            -0.391E+01             0.970E-60
            -0.389E+01             0.155E-60
            -0.388E+01             0.953E-60
            -0.387E+01             0.417E-61
            -0.386E+01             0.126E-59
            -0.385E+01             0.392E-60
            -0.383E+01             0.108E-59
            -0.382E+01             0.144E-61
            -0.381E+01             0.155E-59
            -0.380E+01             0.112E-60
            -0.379E+01             0.483E-61
            -0.378E+01             0.136E-59
            -0.376E+01             0.209E-60
            -0.375E+01             0.170E-60
            -0.374E+01             0.850E-61
            -0.373E+01             0.749E-60
            -0.372E+01             0.896E-60
            -0.370E+01             0.211E-60
            -0.369E+01             0.941E-62
            -0.368E+01             0.418E-59
            -0.367E+01             0.314E-60
            -0.366E+01             0.981E-60
            -0.365E+01             0.589E-59
            -0.363E+01             0.437E-60
            -0.362E+01             0.900E-60
            -0.361E+01             0.529E-61
            -0.360E+01             0.519E-61
            -0.359E+01             0.222E-59
            -0.357E+01             0.254E-59
            -0.356E+01             0.206E-64
            -0.355E+01             0.331E-60
            -0.354E+01             0.122E-61
            -0.353E+01             0.278E-59
            -0.351E+01             0.181E-59
            -0.350E+01             0.405E-60
            -0.349E+01             0.172E-62
            -0.348E+01             0.678E-60
            -0.347E+01             0.769E-60
            -0.346E+01             0.221E-60
            -0.344E+01             0.416E-60
            -0.343E+01             0.183E-60
            -0.342E+01             0.145E-60
            -0.341E+01             0.292E-60
            -0.340E+01             0.303E-60
            -0.338E+01             0.154E-59
            -0.337E+01             0.190E-60
            -0.336E+01             0.109E-59
            -0.335E+01             0.468E-60
            -0.334E+01             0.659E-59
            -0.333E+01             0.609E-61
            -0.331E+01             0.281E-59
            -0.330E+01             0.116E-59
            -0.329E+01             0.756E-60
            -0.328E+01             0.133E-60
            -0.327E+01             0.633E-62
            -0.325E+01             0.360E-61
            -0.324E+01             0.199E-60
            -0.323E+01             0.247E-62
            -0.322E+01             0.272E-60
            -0.321E+01             0.437E-59
            -0.319E+01             0.505E-60
            -0.318E+01             0.557E-60
            -0.317E+01             0.230E-59
            -0.316E+01             0.259E-60
            -0.315E+01             0.193E-60
            -0.314E+01             0.208E-59
            -0.312E+01             0.871E-60
            -0.311E+01             0.443E-59
            -0.310E+01             0.893E-60
            -0.309E+01             0.444E-59
            -0.308E+01             0.123E-59
            -0.306E+01             0.376E-60
            -0.305E+01             0.128E-59
            -0.304E+01             0.244E-60
            -0.303E+01             0.490E-60
            -0.302E+01             0.384E-60
            -0.301E+01             0.750E-62
            -0.299E+01             0.278E-62
            -0.298E+01             0.402E-59
            -0.297E+01             0.105E-60
            -0.296E+01             0.155E-59
            -0.295E+01             0.148E-60
            -0.293E+01             0.497E-64
            -0.292E+01             0.341E-60
            -0.291E+01             0.651E-60
            -0.290E+01             0.371E-60
            -0.289E+01             0.420E-60
            -0.287E+01             0.163E-59
            -0.286E+01             0.237E-59
            -0.285E+01             0.285E-60
            -0.284E+01             0.369E-64
            -0.283E+01             0.746E-60
            -0.282E+01             0.242E-60
            -0.280E+01             0.362E-59
            -0.279E+01             0.136E-60
            -0.278E+01             0.915E-62
            -0.277E+01             0.121E-60
            -0.276E+01             0.162E-65
            -0.274E+01             0.266E-59
            -0.273E+01             0.822E-60
            -0.272E+01             0.426E-60
            -0.271E+01             0.291E-58
            -0.270E+01             0.894E-58
            -0.269E+01             0.409E-57
            -0.267E+01             0.117E-56
            -0.266E+01             0.432E-56
            -0.265E+01             0.149E-55
            -0.264E+01             0.499E-55
            -0.263E+01             0.171E-54
            -0.261E+01             0.571E-54
            -0.260E+01             0.190E-53
            -0.259E+01             0.630E-53
            -0.258E+01             0.208E-52
            -0.257E+01             0.680E-52
            -0.255E+01             0.222E-51
            -0.254E+01             0.720E-51
            -0.253E+01             0.232E-50
            -0.252E+01             0.744E-50
            -0.251E+01             0.237E-49
            -0.250E+01             0.753E-49
            -0.248E+01             0.237E-48
            -0.247E+01             0.745E-48
            -0.246E+01             0.232E-47
            -0.245E+01             0.721E-47
            -0.244E+01             0.223E-46
            -0.242E+01             0.683E-46
            -0.241E+01             0.209E-45
            -0.240E+01             0.633E-45
            -0.239E+01             0.191E-44
            -0.238E+01             0.574E-44
            -0.236E+01             0.171E-43
            -0.235E+01             0.509E-43
            -0.234E+01             0.150E-42
            -0.233E+01             0.441E-42
            -0.232E+01             0.129E-41
            -0.231E+01             0.374E-41
            -0.229E+01             0.108E-40
            -0.228E+01             0.311E-40
            -0.227E+01             0.887E-40
            -0.226E+01             0.252E-39
            -0.225E+01             0.712E-39
            -0.223E+01             0.200E-38
            -0.222E+01             0.559E-38
            -0.221E+01             0.155E-37
            -0.220E+01             0.429E-37
            -0.219E+01             0.118E-36
            -0.218E+01             0.322E-36
            -0.216E+01             0.876E-36
            -0.215E+01             0.237E-35
            -0.214E+01             0.636E-35
            -0.213E+01             0.170E-34
            -0.212E+01             0.451E-34
            -0.210E+01             0.119E-33
            -0.209E+01             0.314E-33
            -0.208E+01             0.819E-33
            -0.207E+01             0.213E-32
            -0.206E+01             0.550E-32
            -0.204E+01             0.141E-31
            -0.203E+01             0.361E-31
            -0.202E+01             0.918E-31
            -0.201E+01             0.232E-30
            -0.200E+01             0.583E-30
            -0.199E+01             0.146E-29
            -0.197E+01             0.362E-29
            -0.196E+01             0.894E-29
            -0.195E+01             0.220E-28
            -0.194E+01             0.537E-28
            -0.193E+01             0.130E-27
            -0.191E+01             0.315E-27
            -0.190E+01             0.756E-27
            -0.189E+01             0.181E-26
            -0.188E+01             0.429E-26
            -0.187E+01             0.101E-25
            -0.186E+01             0.238E-25
            -0.184E+01             0.556E-25
            -0.183E+01             0.129E-24
            -0.182E+01             0.298E-24
            -0.181E+01             0.684E-24
            -0.180E+01             0.156E-23
            -0.178E+01             0.354E-23
            -0.177E+01             0.800E-23
            -0.176E+01             0.179E-22
            -0.175E+01             0.400E-22
            -0.174E+01             0.888E-22
            -0.172E+01             0.196E-21
            -0.171E+01             0.430E-21
            -0.170E+01             0.938E-21
            -0.169E+01             0.203E-20
            -0.168E+01             0.438E-20
            -0.167E+01             0.940E-20
            -0.165E+01             0.200E-19
            -0.164E+01             0.425E-19
            -0.163E+01             0.895E-19
            -0.162E+01             0.188E-18
            -0.161E+01             0.391E-18
            -0.159E+01             0.809E-18
            -0.158E+01             0.167E-17
            -0.157E+01             0.341E-17
            -0.156E+01             0.695E-17
            -0.155E+01             0.141E-16
            -0.154E+01             0.283E-16
            -0.152E+01             0.566E-16
            -0.151E+01             0.113E-15
            -0.150E+01             0.223E-15
            -0.149E+01             0.438E-15
            -0.148E+01             0.857E-15
            -0.146E+01             0.167E-14
            -0.145E+01             0.322E-14
            -0.144E+01             0.618E-14
            -0.143E+01             0.118E-13
            -0.142E+01             0.224E-13
            -0.140E+01             0.424E-13
            -0.139E+01             0.795E-13
            -0.138E+01             0.148E-12
            -0.137E+01             0.275E-12
            -0.136E+01             0.508E-12
            -0.135E+01             0.931E-12
            -0.133E+01             0.170E-11
            -0.132E+01             0.307E-11
            -0.131E+01             0.554E-11
            -0.130E+01             0.992E-11
            -0.129E+01             0.177E-10
            -0.127E+01             0.312E-10
            -0.126E+01             0.550E-10
            -0.125E+01             0.961E-10
            -0.124E+01             0.167E-09
            -0.123E+01             0.289E-09
            -0.122E+01             0.496E-09
            -0.120E+01             0.847E-09
            -0.119E+01             0.144E-08
            -0.118E+01             0.243E-08
            -0.117E+01             0.407E-08
            -0.116E+01             0.679E-08
            -0.114E+01             0.113E-07
            -0.113E+01             0.185E-07
            -0.112E+01             0.304E-07
            -0.111E+01             0.494E-07
            -0.110E+01             0.799E-07
            -0.108E+01             0.129E-06
            -0.107E+01             0.205E-06
            -0.106E+01             0.326E-06
            -0.105E+01             0.515E-06
            -0.104E+01             0.808E-06
            -0.103E+01             0.126E-05
            -0.101E+01             0.195E-05
            -0.100E+01             0.301E-05
            -0.990E+00             0.461E-05
            -0.978E+00             0.701E-05
            -0.966E+00             0.106E-04
            -0.954E+00             0.159E-04
            -0.942E+00             0.238E-04
            -0.931E+00             0.353E-04
            -0.919E+00             0.521E-04
            -0.907E+00             0.763E-04
            -0.895E+00             0.111E-03
            -0.883E+00             0.161E-03
            -0.871E+00             0.231E-03
            -0.859E+00             0.330E-03
            -0.848E+00             0.469E-03
            -0.836E+00             0.661E-03
            -0.824E+00             0.926E-03
            -0.812E+00             0.129E-02
            -0.800E+00             0.178E-02
            -0.788E+00             0.245E-02
            -0.776E+00             0.334E-02
            -0.765E+00             0.453E-02
            -0.753E+00             0.610E-02
            -0.741E+00             0.816E-02
            -0.729E+00             0.108E-01
            -0.717E+00             0.143E-01
            -0.705E+00             0.188E-01
            -0.693E+00             0.244E-01
            -0.682E+00             0.316E-01
            -0.670E+00             0.405E-01
            -0.658E+00             0.517E-01
            -0.646E+00             0.654E-01
            -0.634E+00             0.822E-01
            -0.622E+00             0.102E+00
            -0.610E+00             0.127E+00
            -0.599E+00             0.156E+00
            -0.587E+00             0.190E+00
            -0.575E+00             0.230E+00
            -0.563E+00             0.277E+00
            -0.551E+00             0.330E+00
            -0.539E+00             0.390E+00
            -0.528E+00             0.458E+00
            -0.516E+00             0.533E+00
            -0.504E+00             0.615E+00
            -0.492E+00             0.703E+00
            -0.480E+00             0.798E+00
            -0.468E+00             0.897E+00
            -0.456E+00             0.999E+00
            -0.445E+00             0.110E+01
            -0.433E+00             0.120E+01
            -0.421E+00             0.130E+01
            -0.409E+00             0.140E+01
            -0.397E+00             0.148E+01
            -0.385E+00             0.155E+01
            -0.373E+00             0.160E+01
            -0.362E+00             0.164E+01
            -0.350E+00             0.166E+01
            -0.338E+00             0.165E+01
            -0.326E+00             0.162E+01
            -0.314E+00             0.156E+01
            -0.302E+00             0.148E+01
            -0.290E+00             0.138E+01
            -0.279E+00             0.125E+01
            -0.267E+00             0.111E+01
            -0.255E+00             0.960E+00
            -0.243E+00             0.801E+00
            -0.231E+00             0.640E+00
            -0.219E+00             0.486E+00
            -0.207E+00             0.343E+00
            -0.196E+00             0.219E+00
            -0.184E+00             0.119E+00
            -0.172E+00             0.473E-01
            -0.160E+00             0.764E-02
            -0.148E+00             0.191E-02
            -0.136E+00             0.304E-01
            -0.124E+00             0.916E-01
            -0.113E+00             0.182E+00
            -0.101E+00             0.298E+00
            -0.889E-01             0.432E+00
            -0.771E-01             0.577E+00
            -0.652E-01             0.726E+00
            -0.533E-01             0.869E+00
            -0.415E-01             0.100E+01
            -0.296E-01             0.111E+01
            -0.178E-01             0.119E+01
            -0.593E-02             0.125E+01
             0.593E-02             0.126E+01
             0.178E-01             0.125E+01
             0.296E-01             0.119E+01
             0.415E-01             0.111E+01
             0.533E-01             0.100E+01
             0.652E-01             0.869E+00
             0.771E-01             0.726E+00
             0.889E-01             0.577E+00
             0.101E+00             0.432E+00
             0.113E+00             0.298E+00
             0.124E+00             0.182E+00
             0.136E+00             0.916E-01
             0.148E+00             0.304E-01
             0.160E+00             0.191E-02
             0.172E+00             0.764E-02
             0.184E+00             0.473E-01
             0.196E+00             0.119E+00
             0.207E+00             0.219E+00
             0.219E+00             0.343E+00
             0.231E+00             0.486E+00
             0.243E+00             0.640E+00
             0.255E+00             0.801E+00
             0.267E+00             0.960E+00
             0.279E+00             0.111E+01
             0.290E+00             0.125E+01
             0.302E+00             0.138E+01
             0.314E+00             0.148E+01
             0.326E+00             0.156E+01
             0.338E+00             0.162E+01
             0.350E+00             0.165E+01
             0.362E+00             0.166E+01
             0.373E+00             0.164E+01
             0.385E+00             0.160E+01
             0.397E+00             0.155E+01
             0.409E+00             0.148E+01
             0.421E+00             0.140E+01
             0.433E+00             0.130E+01
             0.445E+00             0.120E+01
             0.456E+00             0.110E+01
             0.468E+00             0.999E+00
             0.480E+00             0.897E+00
             0.492E+00             0.798E+00
             0.504E+00             0.703E+00
             0.516E+00             0.615E+00
             0.528E+00             0.533E+00
             0.539E+00             0.458E+00
             0.551E+00             0.390E+00
             0.563E+00             0.330E+00
             0.575E+00             0.277E+00
             0.587E+00             0.230E+00
             0.599E+00             0.190E+00
             0.610E+00             0.156E+00
             0.622E+00             0.127E+00
             0.634E+00             0.102E+00
             0.646E+00             0.822E-01
             0.658E+00             0.654E-01
             0.670E+00             0.517E-01
             0.682E+00             0.405E-01
             0.693E+00             0.316E-01
             0.705E+00             0.244E-01
             0.717E+00             0.188E-01
             0.729E+00             0.143E-01
             0.741E+00             0.108E-01
             0.753E+00             0.816E-02
             0.765E+00             0.610E-02
             0.776E+00             0.453E-02
             0.788E+00             0.334E-02
             0.800E+00             0.245E-02
             0.812E+00             0.178E-02
             0.824E+00             0.129E-02
             0.836E+00             0.926E-03
             0.848E+00             0.661E-03
             0.859E+00             0.469E-03
             0.871E+00             0.330E-03
             0.883E+00             0.231E-03
             0.895E+00             0.161E-03
             0.907E+00             0.111E-03
             0.919E+00             0.763E-04
             0.931E+00             0.521E-04
             0.942E+00             0.353E-04
             0.954E+00             0.238E-04
             0.966E+00             0.159E-04
             0.978E+00             0.106E-04
             0.990E+00             0.701E-05
             0.100E+01             0.461E-05
             0.101E+01             0.301E-05
             0.103E+01             0.195E-05
             0.104E+01             0.126E-05
             0.105E+01             0.808E-06
             0.106E+01             0.515E-06
             0.107E+01             0.326E-06
             0.108E+01             0.205E-06
             0.110E+01             0.129E-06
             0.111E+01             0.799E-07
             0.112E+01             0.494E-07
             0.113E+01             0.304E-07
             0.114E+01             0.185E-07
             0.116E+01             0.113E-07
             0.117E+01             0.679E-08
             0.118E+01             0.407E-08
             0.119E+01             0.243E-08
             0.120E+01             0.144E-08
             0.122E+01             0.847E-09
             0.123E+01             0.496E-09
             0.124E+01             0.289E-09
             0.125E+01             0.167E-09
             0.126E+01             0.961E-10
             0.127E+01             0.550E-10
             0.129E+01             0.312E-10
             0.130E+01             0.177E-10
             0.131E+01             0.992E-11
             0.132E+01             0.554E-11
             0.133E+01             0.307E-11
             0.135E+01             0.170E-11
             0.136E+01             0.931E-12
             0.137E+01             0.508E-12
             0.138E+01             0.275E-12
             0.139E+01             0.148E-12
             0.140E+01             0.795E-13
             0.142E+01             0.424E-13
             0.143E+01             0.224E-13
             0.144E+01             0.118E-13
             0.145E+01             0.618E-14
             0.146E+01             0.322E-14
             0.148E+01             0.167E-14
             0.149E+01             0.857E-15
             0.150E+01             0.438E-15
             0.151E+01             0.223E-15
             0.152E+01             0.113E-15
             0.154E+01             0.566E-16
             0.155E+01             0.283E-16
             0.156E+01             0.141E-16
             0.157E+01             0.695E-17
             0.158E+01             0.341E-17
             0.159E+01             0.167E-17
             0.161E+01             0.809E-18
             0.162E+01             0.391E-18
             0.163E+01             0.188E-18
             0.164E+01             0.895E-19
             0.165E+01             0.425E-19
             0.167E+01             0.200E-19
             0.168E+01             0.940E-20
             0.169E+01             0.438E-20
             0.170E+01             0.203E-20
             0.171E+01             0.938E-21
             0.172E+01             0.430E-21
             0.174E+01             0.196E-21
             0.175E+01             0.889E-22
             0.176E+01             0.400E-22
             0.177E+01             0.179E-22
             0.178E+01             0.799E-23
             0.180E+01             0.355E-23
             0.181E+01             0.158E-23
             0.182E+01             0.712E-24
             0.183E+01             0.316E-24
             0.184E+01             0.142E-24
             0.186E+01             0.607E-25
             0.187E+01             0.262E-25
             0.188E+01             0.115E-25
             0.189E+01             0.547E-26
             0.190E+01             0.231E-26
             0.191E+01             0.123E-26
             0.193E+01             0.438E-27
             0.194E+01             0.115E-27
             0.195E+01             0.926E-28
             0.196E+01             0.962E-28
             0.197E+01             0.559E-28
             0.199E+01             0.540E-29
             0.200E+01             0.398E-28
             0.201E+01             0.545E-29
             0.202E+01             0.170E-29
             0.203E+01             0.435E-28
             0.204E+01             0.130E-28
             0.206E+01             0.354E-28
             0.207E+01             0.205E-28
             0.208E+01             0.310E-28
             0.209E+01             0.284E-29
             0.210E+01             0.112E-28
             0.212E+01             0.142E-30
             0.213E+01             0.754E-30
             0.214E+01             0.329E-29
             0.215E+01             0.198E-29
             0.216E+01             0.385E-29
             0.218E+01             0.149E-28
             0.219E+01             0.524E-29
             0.220E+01             0.113E-29
             0.221E+01             0.105E-28
             0.222E+01             0.661E-29
             0.223E+01             0.522E-34
             0.225E+01             0.880E-29
             0.226E+01             0.716E-31
             0.227E+01             0.129E-30
             0.228E+01             0.565E-31
             0.229E+01             0.713E-29
             0.231E+01             0.341E-30
             0.232E+01             0.136E-29
             0.233E+01             0.797E-29
             0.234E+01             0.607E-29
             0.235E+01             0.224E-30
             0.236E+01             0.413E-29
             0.238E+01             0.589E-30
             0.239E+01             0.925E-30
             0.240E+01             0.756E-29
             0.241E+01             0.144E-29
             0.242E+01             0.263E-30
             0.244E+01             0.678E-29
             0.245E+01             0.263E-28
             0.246E+01             0.134E-28
             0.247E+01             0.468E-29
             0.248E+01             0.321E-30
             0.250E+01             0.302E-29
             0.251E+01             0.189E-28
             0.252E+01             0.150E-29
             0.253E+01             0.246E-29
             0.254E+01             0.300E-30
             0.255E+01             0.687E-29
             0.257E+01             0.139E-28
             0.258E+01             0.771E-29
             0.259E+01             0.295E-30
             0.260E+01             0.921E-32
             0.261E+01             0.829E-29
             0.263E+01             0.214E-29
             0.264E+01             0.874E-30
             0.265E+01             0.164E-28
             0.266E+01             0.235E-28
             0.267E+01             0.530E-29
             0.269E+01             0.176E-29
             0.270E+01             0.123E-28
             0.271E+01             0.136E-30
             0.272E+01             0.196E-28
             0.273E+01             0.560E-29
             0.274E+01             0.112E-28
             0.276E+01             0.372E-28
             0.277E+01             0.191E-28
             0.278E+01             0.613E-29
             0.279E+01             0.559E-29
             0.280E+01             0.374E-29
             0.282E+01             0.213E-28
             0.283E+01             0.518E-30
             0.284E+01             0.231E-29
             0.285E+01             0.120E-29
             0.286E+01             0.211E-28
             0.287E+01             0.692E-30
             0.289E+01             0.544E-30
             0.290E+01             0.779E-32
             0.291E+01             0.122E-29
             0.292E+01             0.165E-29
             0.293E+01             0.106E-28
             0.295E+01             0.884E-29
             0.296E+01             0.112E-28
             0.297E+01             0.225E-29
             0.298E+01             0.136E-28
             0.299E+01             0.757E-29
             0.301E+01             0.228E-31
             0.302E+01             0.147E-28
             0.303E+01             0.263E-28
             0.304E+01             0.208E-28
             0.305E+01             0.158E-31
             0.306E+01             0.124E-30
             0.308E+01             0.258E-29
             0.309E+01             0.207E-31
             0.310E+01             0.108E-28
             0.311E+01             0.196E-29
             0.312E+01             0.779E-29
             0.314E+01             0.994E-31
             0.315E+01             0.238E-30
             0.316E+01             0.321E-31
             0.317E+01             0.448E-29
             0.318E+01             0.198E-32
             0.319E+01             0.871E-30
             0.321E+01             0.968E-30
             0.322E+01             0.148E-28
             0.323E+01             0.469E-30
             0.324E+01             0.105E-29
             0.325E+01             0.222E-29
             0.327E+01             0.786E-29
             0.328E+01             0.103E-28
             0.329E+01             0.237E-30
             0.330E+01             0.157E-28
             0.331E+01             0.850E-32
             0.333E+01             0.585E-30
             0.334E+01             0.112E-30
             0.335E+01             0.997E-29
             0.336E+01             0.784E-33
             0.337E+01             0.575E-31
             0.338E+01             0.156E-29
             0.340E+01             0.313E-29
             0.341E+01             0.834E-30
             0.342E+01             0.335E-30
             0.343E+01             0.184E-28
             0.344E+01             0.254E-29
             0.346E+01             0.269E-31
             0.347E+01             0.950E-30
             0.348E+01             0.118E-28
             0.349E+01             0.102E-28
             0.350E+01             0.100E-29
             0.351E+01             0.236E-29
             0.353E+01             0.226E-31
             0.354E+01             0.572E-30
             0.355E+01             0.300E-30
             0.356E+01             0.465E-30
             0.357E+01             0.400E-30
             0.359E+01             0.854E-30
             0.360E+01             0.183E-30
             0.361E+01             0.284E-30
             0.362E+01             0.115E-31
             0.363E+01             0.113E-29
             0.365E+01             0.299E-29
             0.366E+01             0.915E-30
             0.367E+01             0.986E-31
             0.368E+01             0.825E-30
             0.369E+01             0.200E-29
             0.370E+01             0.148E-28
             0.372E+01             0.188E-28
             0.373E+01             0.342E-31
             0.374E+01             0.590E-31
             0.375E+01             0.122E-29
             0.376E+01             0.502E-29
             0.378E+01             0.272E-29
             0.379E+01             0.397E-30
             0.380E+01             0.209E-30
             0.381E+01             0.712E-31
             0.382E+01             0.725E-31
             0.383E+01             0.309E-29
             0.385E+01             0.963E-30
             0.386E+01             0.927E-30
             0.387E+01             0.466E-30
             0.388E+01             0.870E-31
             0.389E+01             0.189E-29
             0.391E+01             0.332E-29
             0.392E+01             0.258E-30
             0.393E+01             0.873E-31
             0.394E+01             0.386E-30
             0.395E+01             0.186E-29
             0.397E+01             0.329E-29
             0.398E+01             0.610E-29
             0.399E+01             0.601E-31
             0.400E+01             0.355E-29
             0.401E+01             0.404E-30
             0.402E+01             0.526E-30
             0.404E+01             0.179E-31
             0.405E+01             0.431E-29
             0.406E+01             0.144E-29
             0.407E+01             0.347E-29
             0.408E+01             0.353E-29
             0.410E+01             0.148E-29
             0.411E+01             0.382E-30
             0.412E+01             0.732E-30
             0.413E+01             0.196E-29
             0.414E+01             0.480E-30
             0.415E+01             0.151E-33
             0.417E+01             0.275E-29
             0.418E+01             0.503E-29
             0.419E+01             0.164E-30
             0.420E+01             0.161E-30
             0.421E+01             0.417E-31
             0.423E+01             0.365E-30
             0.424E+01             0.103E-30
             0.425E+01             0.622E-30
             0.426E+01             0.279E-30
             0.427E+01             0.163E-29
             0.429E+01             0.322E-29
             0.430E+01             0.641E-32
             0.431E+01             0.447E-30
             0.432E+01             0.451E-30
             0.433E+01             0.885E-30
             0.434E+01             0.218E-29
             0.436E+01             0.240E-30
             0.437E+01             0.778E-30
             0.438E+01             0.641E-29
             0.439E+01             0.204E-29
             0.440E+01             0.591E-30
             0.442E+01             0.154E-29
             0.443E+01             0.218E-29
             0.444E+01             0.794E-31
             0.445E+01             0.183E-29
             0.446E+01             0.447E-30
             0.448E+01             0.352E-30
             0.449E+01             0.154E-30
             0.450E+01             0.151E-29
             0.451E+01             0.473E-30
             0.452E+01             0.202E-30
             0.453E+01             0.245E-30
             0.455E+01             0.134E-31
             0.456E+01             0.105E-29
             0.457E+01             0.186E-30
             0.458E+01             0.324E-30
             0.459E+01             0.711E-31
             0.461E+01             0.531E-31
             0.462E+01             0.240E-31
             0.463E+01             0.157E-30
             0.464E+01             0.151E-29
             0.465E+01             0.213E-29
             0.466E+01             0.659E-30
             0.468E+01             0.719E-29
             0.469E+01             0.319E-29
             0.470E+01             0.433E-29
             0.471E+01             0.269E-29
             0.472E+01             0.127E-33
             0.474E+01             0.217E-29
             0.475E+01             0.118E-29
             0.476E+01             0.173E-29
             0.477E+01             0.114E-32
             0.478E+01             0.309E-29
             0.480E+01             0.257E-29
             0.481E+01             0.374E-29
             0.482E+01             0.129E-30
             0.483E+01             0.606E-29
             0.484E+01             0.155E-29
             0.485E+01             0.103E-30
             0.487E+01             0.860E-31
             0.488E+01             0.566E-32
             0.489E+01             0.285E-31
             0.490E+01             0.361E-30
             0.491E+01             0.434E-30
             0.493E+01             0.209E-30
             0.494E+01             0.191E-29
             0.495E+01             0.784E-30
             0.496E+01             0.357E-29
             0.497E+01             0.946E-30
             0.498E+01             0.965E-31
             0.500E+01             0.929E-30
             0.501E+01             0.983E-30
             0.502E+01             0.266E-29
             0.503E+01             0.232E-30
             0.504E+01             0.433E-31
             0.506E+01             0.595E-30
             0.507E+01             0.508E-29
             0.508E+01             0.112E-29
             0.509E+01             0.134E-29
             0.510E+01             0.889E-33
             0.512E+01             0.577E-30
             0.513E+01             0.473E-31
             0.514E+01             0.483E-30
             0.515E+01             0.114E-29
             0.516E+01             0.671E-29
             0.517E+01             0.169E-30
             0.519E+01             0.147E-29
             0.520E+01             0.210E-30
             0.521E+01             0.135E-31
             0.522E+01             0.329E-31
             0.523E+01             0.930E-31
             0.525E+01             0.215E-29
             0.526E+01             0.297E-29
             0.527E+01             0.234E-31
             0.528E+01             0.289E-29
             0.529E+01             0.243E-29
             0.530E+01             0.105E-29
             0.532E+01             0.386E-29
             0.533E+01             0.854E-31
             0.534E+01             0.883E-29
             0.535E+01             0.109E-29
             0.536E+01             0.123E-31
             0.538E+01             0.394E-31
             0.539E+01             0.743E-30
             0.540E+01             0.117E-30
             0.541E+01             0.980E-30
             0.542E+01             0.393E-29
             0.544E+01             0.716E-31
             0.545E+01             0.194E-29
             0.546E+01             0.898E-30
             0.547E+01             0.370E-31
             0.548E+01             0.289E-30
             0.549E+01             0.597E-30
             0.551E+01             0.221E-29
             0.552E+01             0.560E-30
             0.553E+01             0.111E-29
             0.554E+01             0.305E-30
             0.555E+01             0.226E-29
             0.557E+01             0.408E-30
             0.558E+01             0.130E-30
             0.559E+01             0.135E-32
             0.560E+01             0.784E-31
             0.561E+01             0.624E-30
             0.562E+01             0.320E-30
             0.564E+01             0.188E-29
             0.565E+01             0.206E-31
             0.566E+01             0.244E-29
             0.567E+01             0.397E-30
             0.568E+01             0.164E-29
             0.570E+01             0.513E-31
             0.571E+01             0.294E-29
             0.572E+01             0.544E-30
             0.573E+01             0.445E-29
             0.574E+01             0.407E-30
             0.576E+01             0.943E-30
             0.577E+01             0.889E-29
             0.578E+01             0.443E-33
             0.579E+01             0.459E-31
             0.580E+01             0.384E-29
             0.581E+01             0.211E-29
             0.583E+01             0.753E-29
             0.584E+01             0.333E-30
             0.585E+01             0.415E-29
             0.586E+01             0.242E-31
             0.587E+01             0.270E-31
             0.589E+01             0.814E-30
             0.590E+01             0.149E-29
             0.591E+01             0.242E-29
             0.592E+01             0.102E-29
             0.593E+01             0.485E-31
             0.594E+01             0.209E-29
             0.596E+01             0.740E-30
             0.597E+01             0.199E-29
             0.598E+01             0.618E-30
             0.599E+01             0.288E-29
             0.600E+01             0.145E-31
             0.602E+01             0.107E-28
             0.603E+01             0.524E-30
             0.604E+01             0.209E-29
             0.605E+01             0.537E-30
             0.606E+01             0.375E-31
             0.608E+01             0.429E-30
             0.609E+01             0.157E-30
             0.610E+01             0.512E-29
             0.611E+01             0.110E-29
             0.612E+01             0.961E-30
             0.613E+01             0.330E-30
             0.615E+01             0.803E-30
             0.616E+01             0.106E-29
             0.617E+01             0.476E-30
             0.618E+01             0.308E-29
             0.619E+01             0.208E-31
             0.621E+01             0.155E-29
             0.622E+01             0.993E-31
             0.623E+01             0.104E-29
             0.624E+01             0.218E-30
             0.625E+01             0.132E-31
             0.627E+01             0.834E-30
             0.628E+01             0.461E-31
             0.629E+01             0.266E-31
             0.630E+01             0.691E-29
             0.631E+01             0.507E-30
             0.632E+01             0.700E-30
             0.634E+01             0.455E-29
             0.635E+01             0.204E-36
             0.636E+01             0.585E-30
             0.637E+01             0.131E-30
             0.638E+01             0.441E-29
             0.640E+01             0.108E-28
             0.641E+01             0.111E-28
             0.642E+01             0.306E-29
             0.643E+01             0.117E-29
             0.644E+01             0.444E-30
             0.645E+01             0.346E-30
             0.647E+01             0.398E-30
             0.648E+01             0.135E-29
             0.649E+01             0.108E-29
             0.650E+01             0.328E-29
             0.651E+01             0.299E-29
             0.653E+01             0.458E-31
             0.654E+01             0.188E-29
             0.655E+01             0.109E-29
             0.656E+01             0.862E-30
             0.657E+01             0.201E-29
             0.659E+01             0.239E-30
             0.660E+01             0.798E-30
             0.661E+01             0.392E-29
             0.662E+01             0.635E-31
             0.663E+01             0.122E-29
             0.664E+01             0.186E-29
             0.666E+01             0.149E-29
             0.667E+01             0.476E-29
             0.668E+01             0.486E-31
             0.669E+01             0.266E-29
             0.670E+01             0.673E-29
             0.672E+01             0.156E-30
             0.673E+01             0.187E-30
             0.674E+01             0.544E-30
             0.675E+01             0.253E-29
             0.676E+01             0.110E-29
             0.677E+01             0.531E-31
             0.679E+01             0.107E-29
             0.680E+01             0.156E-29
             0.681E+01             0.126E-30
             0.682E+01             0.220E-29
             0.683E+01             0.487E-30
             0.685E+01             0.430E-29
             0.686E+01             0.732E-29
             0.687E+01             0.882E-29
             0.688E+01             0.247E-30
             0.689E+01             0.564E-29
             0.691E+01             0.765E-29
             0.692E+01             0.596E-30
             0.693E+01             0.753E-30
             0.694E+01             0.993E-30
             0.695E+01             0.492E-29
             0.696E+01             0.369E-30
             0.698E+01             0.266E-29
             0.699E+01             0.584E-29
             0.700E+01             0.494E-29
