            -0.299E+01             0.660E-62
            -0.299E+01             0.967E-64
            -0.298E+01             0.459E-61
            -0.297E+01             0.695E-62
            -0.297E+01             0.130E-60
            -0.296E+01             0.563E-63
            -0.295E+01             0.640E-62
            -0.295E+01             0.389E-61
            -0.294E+01             0.474E-62
            -0.293E+01             0.306E-61
            -0.293E+01             0.740E-63
            -0.292E+01             0.420E-62
            -0.291E+01             0.134E-62
            -0.291E+01             0.734E-62
            -0.290E+01             0.232E-64
            -0.289E+01             0.814E-62
            -0.289E+01             0.393E-62
            -0.288E+01             0.413E-63
            -0.287E+01             0.762E-61
            -0.287E+01             0.141E-64
            -0.286E+01             0.288E-61
            -0.285E+01             0.772E-63
            -0.285E+01             0.437E-63
            -0.284E+01             0.182E-61
            -0.283E+01             0.550E-62
            -0.283E+01             0.308E-62
            -0.282E+01             0.579E-62
            -0.281E+01             0.184E-66
            -0.281E+01             0.408E-63
            -0.280E+01             0.688E-63
            -0.279E+01             0.360E-62
            -0.279E+01             0.453E-62
            -0.278E+01             0.840E-62
            -0.277E+01             0.227E-62
            -0.277E+01             0.617E-61
            -0.276E+01             0.172E-60
            -0.275E+01             0.191E-60
            -0.275E+01             0.263E-60
            -0.274E+01             0.628E-60
            -0.273E+01             0.124E-59
            -0.273E+01             0.282E-59
            -0.272E+01             0.510E-59
            -0.271E+01             0.121E-58
            -0.271E+01             0.232E-58
            -0.270E+01             0.517E-58
            -0.269E+01             0.977E-58
            -0.269E+01             0.201E-57
            -0.268E+01             0.395E-57
            -0.267E+01             0.805E-57
            -0.267E+01             0.162E-56
            -0.266E+01             0.326E-56
            -0.265E+01             0.650E-56
            -0.265E+01             0.130E-55
            -0.264E+01             0.260E-55
            -0.263E+01             0.518E-55
            -0.263E+01             0.103E-54
            -0.262E+01             0.205E-54
            -0.261E+01             0.406E-54
            -0.261E+01             0.804E-54
            -0.260E+01             0.159E-53
            -0.259E+01             0.313E-53
            -0.259E+01             0.617E-53
            -0.258E+01             0.121E-52
            -0.257E+01             0.238E-52
            -0.257E+01             0.466E-52
            -0.256E+01             0.911E-52
            -0.255E+01             0.178E-51
            -0.255E+01             0.346E-51
            -0.254E+01             0.673E-51
            -0.253E+01             0.131E-50
            -0.253E+01             0.253E-50
            -0.252E+01             0.490E-50
            -0.251E+01             0.946E-50
            -0.251E+01             0.182E-49
            -0.250E+01             0.351E-49
            -0.249E+01             0.674E-49
            -0.249E+01             0.129E-48
            -0.248E+01             0.247E-48
            -0.247E+01             0.472E-48
            -0.247E+01             0.900E-48
            -0.246E+01             0.171E-47
            -0.245E+01             0.326E-47
            -0.245E+01             0.617E-47
            -0.244E+01             0.117E-46
            -0.243E+01             0.221E-46
            -0.243E+01             0.417E-46
            -0.242E+01             0.785E-46
            -0.241E+01             0.148E-45
            -0.241E+01             0.277E-45
            -0.240E+01             0.519E-45
            -0.239E+01             0.970E-45
            -0.239E+01             0.181E-44
            -0.238E+01             0.337E-44
            -0.237E+01             0.627E-44
            -0.237E+01             0.116E-43
            -0.236E+01             0.216E-43
            -0.235E+01             0.399E-43
            -0.235E+01             0.738E-43
            -0.234E+01             0.136E-42
            -0.233E+01             0.250E-42
            -0.233E+01             0.460E-42
            -0.232E+01             0.843E-42
            -0.231E+01             0.154E-41
            -0.231E+01             0.282E-41
            -0.230E+01             0.514E-41
            -0.229E+01             0.935E-41
            -0.229E+01             0.170E-40
            -0.228E+01             0.308E-40
            -0.227E+01             0.558E-40
            -0.227E+01             0.101E-39
            -0.226E+01             0.182E-39
            -0.225E+01             0.328E-39
            -0.225E+01             0.590E-39
            -0.224E+01             0.106E-38
            -0.223E+01             0.190E-38
            -0.223E+01             0.339E-38
            -0.222E+01             0.605E-38
            -0.221E+01             0.108E-37
            -0.221E+01             0.192E-37
            -0.220E+01             0.340E-37
            -0.219E+01             0.603E-37
            -0.219E+01             0.107E-36
            -0.218E+01             0.188E-36
            -0.217E+01             0.332E-36
            -0.217E+01             0.584E-36
            -0.216E+01             0.103E-35
            -0.215E+01             0.180E-35
            -0.215E+01             0.315E-35
            -0.214E+01             0.550E-35
            -0.213E+01             0.959E-35
            -0.213E+01             0.167E-34
            -0.212E+01             0.290E-34
            -0.211E+01             0.503E-34
            -0.211E+01             0.871E-34
            -0.210E+01             0.151E-33
            -0.209E+01             0.260E-33
            -0.209E+01             0.447E-33
            -0.208E+01             0.769E-33
            -0.207E+01             0.132E-32
            -0.207E+01             0.226E-32
            -0.206E+01             0.386E-32
            -0.205E+01             0.659E-32
            -0.205E+01             0.112E-31
            -0.204E+01             0.191E-31
            -0.203E+01             0.324E-31
            -0.203E+01             0.549E-31
            -0.202E+01             0.929E-31
            -0.201E+01             0.157E-30
            -0.201E+01             0.264E-30
            -0.200E+01             0.445E-30
            -0.199E+01             0.747E-30
            -0.199E+01             0.125E-29
            -0.198E+01             0.209E-29
            -0.197E+01             0.350E-29
            -0.197E+01             0.583E-29
            -0.196E+01             0.970E-29
            -0.195E+01             0.161E-28
            -0.195E+01             0.267E-28
            -0.194E+01             0.442E-28
            -0.193E+01             0.731E-28
            -0.193E+01             0.120E-27
            -0.192E+01             0.198E-27
            -0.191E+01             0.326E-27
            -0.191E+01             0.534E-27
            -0.190E+01             0.875E-27
            -0.189E+01             0.143E-26
            -0.189E+01             0.233E-26
            -0.188E+01             0.380E-26
            -0.187E+01             0.617E-26
            -0.187E+01             0.100E-25
            -0.186E+01             0.162E-25
            -0.185E+01             0.262E-25
            -0.185E+01             0.423E-25
            -0.184E+01             0.682E-25
            -0.183E+01             0.110E-24
            -0.183E+01             0.176E-24
            -0.182E+01             0.282E-24
            -0.181E+01             0.450E-24
            -0.181E+01             0.719E-24
            -0.180E+01             0.115E-23
            -0.179E+01             0.182E-23
            -0.179E+01             0.289E-23
            -0.178E+01             0.458E-23
            -0.177E+01             0.725E-23
            -0.177E+01             0.114E-22
            -0.176E+01             0.180E-22
            -0.175E+01             0.284E-22
            -0.175E+01             0.446E-22
            -0.174E+01             0.698E-22
            -0.173E+01             0.109E-21
            -0.173E+01             0.171E-21
            -0.172E+01             0.266E-21
            -0.171E+01             0.414E-21
            -0.171E+01             0.643E-21
            -0.170E+01             0.996E-21
            -0.169E+01             0.154E-20
            -0.169E+01             0.238E-20
            -0.168E+01             0.367E-20
            -0.167E+01             0.565E-20
            -0.167E+01             0.868E-20
            -0.166E+01             0.133E-19
            -0.165E+01             0.204E-19
            -0.165E+01             0.311E-19
            -0.164E+01             0.475E-19
            -0.163E+01             0.723E-19
            -0.163E+01             0.110E-18
            -0.162E+01             0.167E-18
            -0.161E+01             0.252E-18
            -0.161E+01             0.381E-18
            -0.160E+01             0.575E-18
            -0.159E+01             0.865E-18
            -0.159E+01             0.130E-17
            -0.158E+01             0.195E-17
            -0.157E+01             0.292E-17
            -0.157E+01             0.436E-17
            -0.156E+01             0.651E-17
            -0.155E+01             0.970E-17
            -0.155E+01             0.144E-16
            -0.154E+01             0.214E-16
            -0.153E+01             0.317E-16
            -0.153E+01             0.468E-16
            -0.152E+01             0.690E-16
            -0.151E+01             0.102E-15
            -0.151E+01             0.149E-15
            -0.150E+01             0.219E-15
            -0.150E+01             0.321E-15
            -0.149E+01             0.470E-15
            -0.148E+01             0.685E-15
            -0.148E+01             0.998E-15
            -0.147E+01             0.145E-14
            -0.146E+01             0.211E-14
            -0.146E+01             0.305E-14
            -0.145E+01             0.441E-14
            -0.144E+01             0.636E-14
            -0.144E+01             0.916E-14
            -0.143E+01             0.132E-13
            -0.142E+01             0.189E-13
            -0.142E+01             0.271E-13
            -0.141E+01             0.387E-13
            -0.140E+01             0.552E-13
            -0.140E+01             0.787E-13
            -0.139E+01             0.112E-12
            -0.138E+01             0.159E-12
            -0.138E+01             0.225E-12
            -0.137E+01             0.318E-12
            -0.136E+01             0.449E-12
            -0.136E+01             0.632E-12
            -0.135E+01             0.888E-12
            -0.134E+01             0.125E-11
            -0.134E+01             0.175E-11
            -0.133E+01             0.244E-11
            -0.132E+01             0.341E-11
            -0.132E+01             0.475E-11
            -0.131E+01             0.660E-11
            -0.130E+01             0.915E-11
            -0.130E+01             0.127E-10
            -0.129E+01             0.175E-10
            -0.128E+01             0.242E-10
            -0.128E+01             0.333E-10
            -0.127E+01             0.458E-10
            -0.126E+01             0.628E-10
            -0.126E+01             0.860E-10
            -0.125E+01             0.118E-09
            -0.124E+01             0.160E-09
            -0.124E+01             0.218E-09
            -0.123E+01             0.297E-09
            -0.122E+01             0.403E-09
            -0.122E+01             0.546E-09
            -0.121E+01             0.737E-09
            -0.120E+01             0.995E-09
            -0.120E+01             0.134E-08
            -0.119E+01             0.180E-08
            -0.118E+01             0.241E-08
            -0.118E+01             0.323E-08
            -0.117E+01             0.432E-08
            -0.116E+01             0.576E-08
            -0.116E+01             0.766E-08
            -0.115E+01             0.102E-07
            -0.114E+01             0.135E-07
            -0.114E+01             0.179E-07
            -0.113E+01             0.236E-07
            -0.112E+01             0.311E-07
            -0.112E+01             0.409E-07
            -0.111E+01             0.538E-07
            -0.110E+01             0.705E-07
            -0.110E+01             0.922E-07
            -0.109E+01             0.120E-06
            -0.108E+01             0.157E-06
            -0.108E+01             0.204E-06
            -0.107E+01             0.265E-06
            -0.106E+01             0.343E-06
            -0.106E+01             0.444E-06
            -0.105E+01             0.573E-06
            -0.104E+01             0.739E-06
            -0.104E+01             0.950E-06
            -0.103E+01             0.122E-05
            -0.102E+01             0.156E-05
            -0.102E+01             0.199E-05
            -0.101E+01             0.254E-05
            -0.100E+01             0.324E-05
            -0.996E+00             0.412E-05
            -0.989E+00             0.522E-05
            -0.982E+00             0.661E-05
            -0.976E+00             0.835E-05
            -0.969E+00             0.105E-04
            -0.962E+00             0.132E-04
            -0.956E+00             0.166E-04
            -0.949E+00             0.209E-04
            -0.942E+00             0.261E-04
            -0.936E+00             0.326E-04
            -0.929E+00             0.406E-04
            -0.922E+00             0.504E-04
            -0.916E+00             0.626E-04
            -0.909E+00             0.775E-04
            -0.902E+00             0.958E-04
            -0.896E+00             0.118E-03
            -0.889E+00             0.145E-03
            -0.882E+00             0.179E-03
            -0.876E+00             0.219E-03
            -0.869E+00             0.268E-03
            -0.862E+00             0.327E-03
            -0.856E+00             0.399E-03
            -0.849E+00             0.485E-03
            -0.842E+00             0.589E-03
            -0.836E+00             0.713E-03
            -0.829E+00             0.862E-03
            -0.822E+00             0.104E-02
            -0.816E+00             0.125E-02
            -0.809E+00             0.150E-02
            -0.802E+00             0.180E-02
            -0.796E+00             0.216E-02
            -0.789E+00             0.257E-02
            -0.782E+00             0.307E-02
            -0.776E+00             0.364E-02
            -0.769E+00             0.432E-02
            -0.762E+00             0.512E-02
            -0.756E+00             0.605E-02
            -0.749E+00             0.713E-02
            -0.743E+00             0.838E-02
            -0.736E+00             0.984E-02
            -0.729E+00             0.115E-01
            -0.723E+00             0.135E-01
            -0.716E+00             0.157E-01
            -0.709E+00             0.183E-01
            -0.703E+00             0.212E-01
            -0.696E+00             0.246E-01
            -0.689E+00             0.284E-01
            -0.683E+00             0.328E-01
            -0.676E+00             0.377E-01
            -0.669E+00             0.433E-01
            -0.663E+00             0.497E-01
            -0.656E+00             0.568E-01
            -0.649E+00             0.648E-01
            -0.643E+00             0.737E-01
            -0.636E+00             0.837E-01
            -0.629E+00             0.948E-01
            -0.623E+00             0.107E+00
            -0.616E+00             0.121E+00
            -0.609E+00             0.136E+00
            -0.603E+00             0.153E+00
            -0.596E+00             0.171E+00
            -0.589E+00             0.191E+00
            -0.583E+00             0.213E+00
            -0.576E+00             0.236E+00
            -0.569E+00             0.262E+00
            -0.563E+00             0.290E+00
            -0.556E+00             0.320E+00
            -0.549E+00             0.352E+00
            -0.543E+00             0.387E+00
            -0.536E+00             0.424E+00
            -0.529E+00             0.463E+00
            -0.523E+00             0.504E+00
            -0.516E+00             0.548E+00
            -0.509E+00             0.594E+00
            -0.503E+00             0.642E+00
            -0.496E+00             0.692E+00
            -0.489E+00             0.744E+00
            -0.483E+00             0.798E+00
            -0.476E+00             0.853E+00
            -0.469E+00             0.910E+00
            -0.463E+00             0.967E+00
            -0.456E+00             0.102E+01
            -0.450E+00             0.108E+01
            -0.443E+00             0.114E+01
            -0.436E+00             0.120E+01
            -0.430E+00             0.125E+01
            -0.423E+00             0.131E+01
            -0.416E+00             0.136E+01
            -0.410E+00             0.141E+01
            -0.403E+00             0.146E+01
            -0.396E+00             0.150E+01
            -0.390E+00             0.154E+01
            -0.383E+00             0.158E+01
            -0.376E+00             0.160E+01
            -0.370E+00             0.163E+01
            -0.363E+00             0.164E+01
            -0.356E+00             0.165E+01
            -0.350E+00             0.166E+01
            -0.343E+00             0.165E+01
            -0.336E+00             0.164E+01
            -0.330E+00             0.162E+01
            -0.323E+00             0.159E+01
            -0.316E+00             0.156E+01
            -0.310E+00             0.152E+01
            -0.303E+00             0.146E+01
            -0.296E+00             0.141E+01
            -0.290E+00             0.134E+01
            -0.283E+00             0.127E+01
            -0.276E+00             0.120E+01
            -0.270E+00             0.112E+01
            -0.263E+00             0.103E+01
            -0.256E+00             0.944E+00
            -0.250E+00             0.855E+00
            -0.243E+00             0.765E+00
            -0.236E+00             0.675E+00
            -0.230E+00             0.586E+00
            -0.223E+00             0.500E+00
            -0.216E+00             0.417E+00
            -0.210E+00             0.339E+00
            -0.203E+00             0.267E+00
            -0.196E+00             0.202E+00
            -0.190E+00             0.145E+00
            -0.183E+00             0.962E-01
            -0.176E+00             0.569E-01
            -0.170E+00             0.275E-01
            -0.163E+00             0.859E-02
            -0.156E+00             0.365E-03
            -0.150E+00             0.298E-02
            -0.143E+00             0.164E-01
            -0.137E+00             0.404E-01
            -0.130E+00             0.746E-01
            -0.123E+00             0.118E+00
            -0.117E+00             0.171E+00
            -0.110E+00             0.232E+00
            -0.103E+00             0.300E+00
            -0.966E-01             0.373E+00
            -0.899E-01             0.451E+00
            -0.832E-01             0.533E+00
            -0.766E-01             0.616E+00
            -0.699E-01             0.699E+00
            -0.633E-01             0.781E+00
            -0.566E-01             0.861E+00
            -0.499E-01             0.937E+00
            -0.433E-01             0.101E+01
            -0.366E-01             0.107E+01
            -0.300E-01             0.113E+01
            -0.233E-01             0.117E+01
            -0.166E-01             0.121E+01
            -0.999E-02             0.124E+01
            -0.333E-02             0.126E+01
             0.333E-02             0.126E+01
             0.999E-02             0.126E+01
             0.166E-01             0.124E+01
             0.233E-01             0.121E+01
             0.300E-01             0.117E+01
             0.366E-01             0.113E+01
             0.433E-01             0.107E+01
             0.499E-01             0.101E+01
             0.566E-01             0.937E+00
             0.633E-01             0.861E+00
             0.699E-01             0.781E+00
             0.766E-01             0.699E+00
             0.832E-01             0.616E+00
             0.899E-01             0.533E+00
             0.966E-01             0.451E+00
             0.103E+00             0.373E+00
             0.110E+00             0.300E+00
             0.117E+00             0.232E+00
             0.123E+00             0.171E+00
             0.130E+00             0.118E+00
             0.137E+00             0.746E-01
             0.143E+00             0.404E-01
             0.150E+00             0.164E-01
             0.156E+00             0.298E-02
             0.163E+00             0.365E-03
             0.170E+00             0.859E-02
             0.176E+00             0.275E-01
             0.183E+00             0.569E-01
             0.190E+00             0.962E-01
             0.196E+00             0.145E+00
             0.203E+00             0.202E+00
             0.210E+00             0.267E+00
             0.216E+00             0.339E+00
             0.223E+00             0.417E+00
             0.230E+00             0.500E+00
             0.236E+00             0.586E+00
             0.243E+00             0.675E+00
             0.250E+00             0.765E+00
             0.256E+00             0.855E+00
             0.263E+00             0.944E+00
             0.270E+00             0.103E+01
             0.276E+00             0.112E+01
             0.283E+00             0.120E+01
             0.290E+00             0.127E+01
             0.296E+00             0.134E+01
             0.303E+00             0.141E+01
             0.310E+00             0.146E+01
             0.316E+00             0.152E+01
             0.323E+00             0.156E+01
             0.330E+00             0.159E+01
             0.336E+00             0.162E+01
             0.343E+00             0.164E+01
             0.350E+00             0.165E+01
             0.356E+00             0.166E+01
             0.363E+00             0.165E+01
             0.370E+00             0.164E+01
             0.376E+00             0.163E+01
             0.383E+00             0.160E+01
             0.390E+00             0.158E+01
             0.396E+00             0.154E+01
             0.403E+00             0.150E+01
             0.410E+00             0.146E+01
             0.416E+00             0.141E+01
             0.423E+00             0.136E+01
             0.430E+00             0.131E+01
             0.436E+00             0.125E+01
             0.443E+00             0.120E+01
             0.450E+00             0.114E+01
             0.456E+00             0.108E+01
             0.463E+00             0.102E+01
             0.469E+00             0.967E+00
             0.476E+00             0.910E+00
             0.483E+00             0.853E+00
             0.489E+00             0.798E+00
             0.496E+00             0.744E+00
             0.503E+00             0.692E+00
             0.509E+00             0.642E+00
             0.516E+00             0.594E+00
             0.523E+00             0.548E+00
             0.529E+00             0.504E+00
             0.536E+00             0.463E+00
             0.543E+00             0.424E+00
             0.549E+00             0.387E+00
             0.556E+00             0.352E+00
             0.563E+00             0.320E+00
             0.569E+00             0.290E+00
             0.576E+00             0.262E+00
             0.583E+00             0.236E+00
             0.589E+00             0.213E+00
             0.596E+00             0.191E+00
             0.603E+00             0.171E+00
             0.609E+00             0.153E+00
             0.616E+00             0.136E+00
             0.623E+00             0.121E+00
             0.629E+00             0.107E+00
             0.636E+00             0.948E-01
             0.643E+00             0.837E-01
             0.649E+00             0.737E-01
             0.656E+00             0.648E-01
             0.663E+00             0.568E-01
             0.669E+00             0.497E-01
             0.676E+00             0.433E-01
             0.683E+00             0.377E-01
             0.689E+00             0.328E-01
             0.696E+00             0.284E-01
             0.703E+00             0.246E-01
             0.709E+00             0.212E-01
             0.716E+00             0.183E-01
             0.723E+00             0.157E-01
             0.729E+00             0.135E-01
             0.736E+00             0.115E-01
             0.743E+00             0.984E-02
             0.749E+00             0.838E-02
             0.756E+00             0.713E-02
             0.762E+00             0.605E-02
             0.769E+00             0.512E-02
             0.776E+00             0.432E-02
             0.782E+00             0.364E-02
             0.789E+00             0.307E-02
             0.796E+00             0.257E-02
             0.802E+00             0.216E-02
             0.809E+00             0.180E-02
             0.816E+00             0.150E-02
             0.822E+00             0.125E-02
             0.829E+00             0.104E-02
             0.836E+00             0.862E-03
             0.842E+00             0.713E-03
             0.849E+00             0.589E-03
             0.856E+00             0.485E-03
             0.862E+00             0.399E-03
             0.869E+00             0.327E-03
             0.876E+00             0.268E-03
             0.882E+00             0.219E-03
             0.889E+00             0.179E-03
             0.896E+00             0.145E-03
             0.902E+00             0.118E-03
             0.909E+00             0.958E-04
             0.916E+00             0.775E-04
             0.922E+00             0.626E-04
             0.929E+00             0.504E-04
             0.936E+00             0.406E-04
             0.942E+00             0.326E-04
             0.949E+00             0.261E-04
             0.956E+00             0.209E-04
             0.962E+00             0.166E-04
             0.969E+00             0.132E-04
             0.976E+00             0.105E-04
             0.982E+00             0.835E-05
             0.989E+00             0.661E-05
             0.996E+00             0.522E-05
             0.100E+01             0.412E-05
             0.101E+01             0.324E-05
             0.102E+01             0.254E-05
             0.102E+01             0.199E-05
             0.103E+01             0.156E-05
             0.104E+01             0.122E-05
             0.104E+01             0.950E-06
             0.105E+01             0.739E-06
             0.106E+01             0.573E-06
             0.106E+01             0.444E-06
             0.107E+01             0.343E-06
             0.108E+01             0.265E-06
             0.108E+01             0.204E-06
             0.109E+01             0.157E-06
             0.110E+01             0.120E-06
             0.110E+01             0.922E-07
             0.111E+01             0.705E-07
             0.112E+01             0.538E-07
             0.112E+01             0.409E-07
             0.113E+01             0.311E-07
             0.114E+01             0.236E-07
             0.114E+01             0.179E-07
             0.115E+01             0.135E-07
             0.116E+01             0.102E-07
             0.116E+01             0.766E-08
             0.117E+01             0.576E-08
             0.118E+01             0.432E-08
             0.118E+01             0.323E-08
             0.119E+01             0.241E-08
             0.120E+01             0.180E-08
             0.120E+01             0.134E-08
             0.121E+01             0.995E-09
             0.122E+01             0.737E-09
             0.122E+01             0.546E-09
             0.123E+01             0.403E-09
             0.124E+01             0.297E-09
             0.124E+01             0.218E-09
             0.125E+01             0.160E-09
             0.126E+01             0.118E-09
             0.126E+01             0.860E-10
             0.127E+01             0.628E-10
             0.128E+01             0.458E-10
             0.128E+01             0.333E-10
             0.129E+01             0.242E-10
             0.130E+01             0.175E-10
             0.130E+01             0.127E-10
             0.131E+01             0.915E-11
             0.132E+01             0.660E-11
             0.132E+01             0.475E-11
             0.133E+01             0.341E-11
             0.134E+01             0.244E-11
             0.134E+01             0.175E-11
             0.135E+01             0.125E-11
             0.136E+01             0.888E-12
             0.136E+01             0.632E-12
             0.137E+01             0.449E-12
             0.138E+01             0.318E-12
             0.138E+01             0.225E-12
             0.139E+01             0.159E-12
             0.140E+01             0.112E-12
             0.140E+01             0.787E-13
             0.141E+01             0.552E-13
             0.142E+01             0.387E-13
             0.142E+01             0.271E-13
             0.143E+01             0.189E-13
             0.144E+01             0.132E-13
             0.144E+01             0.916E-14
             0.145E+01             0.636E-14
             0.146E+01             0.441E-14
             0.146E+01             0.305E-14
             0.147E+01             0.211E-14
             0.148E+01             0.145E-14
             0.148E+01             0.998E-15
             0.149E+01             0.685E-15
             0.150E+01             0.470E-15
             0.150E+01             0.321E-15
             0.151E+01             0.219E-15
             0.151E+01             0.149E-15
             0.152E+01             0.102E-15
             0.153E+01             0.690E-16
             0.153E+01             0.468E-16
             0.154E+01             0.317E-16
             0.155E+01             0.214E-16
             0.155E+01             0.144E-16
             0.156E+01             0.970E-17
             0.157E+01             0.651E-17
             0.157E+01             0.436E-17
             0.158E+01             0.292E-17
             0.159E+01             0.195E-17
             0.159E+01             0.130E-17
             0.160E+01             0.865E-18
             0.161E+01             0.575E-18
             0.161E+01             0.381E-18
             0.162E+01             0.252E-18
             0.163E+01             0.167E-18
             0.163E+01             0.110E-18
             0.164E+01             0.723E-19
             0.165E+01             0.475E-19
             0.165E+01             0.311E-19
             0.166E+01             0.204E-19
             0.167E+01             0.133E-19
             0.167E+01             0.868E-20
             0.168E+01             0.565E-20
             0.169E+01             0.367E-20
             0.169E+01             0.238E-20
             0.170E+01             0.154E-20
             0.171E+01             0.997E-21
             0.171E+01             0.643E-21
             0.172E+01             0.414E-21
             0.173E+01             0.266E-21
             0.173E+01             0.171E-21
             0.174E+01             0.109E-21
             0.175E+01             0.698E-22
             0.175E+01             0.445E-22
             0.176E+01             0.284E-22
             0.177E+01             0.180E-22
             0.177E+01             0.115E-22
             0.178E+01             0.726E-23
             0.179E+01             0.459E-23
             0.179E+01             0.290E-23
             0.180E+01             0.181E-23
             0.181E+01             0.114E-23
             0.181E+01             0.710E-24
             0.182E+01             0.444E-24
             0.183E+01             0.280E-24
             0.183E+01             0.177E-24
             0.184E+01             0.109E-24
             0.185E+01             0.685E-25
             0.185E+01             0.425E-25
             0.186E+01             0.262E-25
             0.187E+01             0.172E-25
             0.187E+01             0.999E-26
             0.188E+01             0.612E-26
             0.189E+01             0.391E-26
             0.189E+01             0.238E-26
             0.190E+01             0.150E-26
             0.191E+01             0.841E-27
             0.191E+01             0.420E-27
             0.192E+01             0.291E-27
             0.193E+01             0.256E-27
             0.193E+01             0.115E-27
             0.194E+01             0.918E-28
             0.195E+01             0.413E-28
             0.195E+01             0.411E-28
             0.196E+01             0.602E-29
             0.197E+01             0.291E-29
             0.197E+01             0.966E-30
             0.198E+01             0.127E-32
             0.199E+01             0.103E-30
             0.199E+01             0.348E-31
             0.200E+01             0.188E-28
             0.201E+01             0.220E-28
             0.201E+01             0.170E-28
             0.202E+01             0.102E-29
             0.203E+01             0.206E-28
             0.203E+01             0.105E-28
             0.204E+01             0.608E-32
             0.205E+01             0.631E-32
             0.205E+01             0.145E-29
             0.206E+01             0.202E-29
             0.207E+01             0.144E-28
             0.207E+01             0.364E-29
             0.208E+01             0.796E-29
             0.209E+01             0.367E-29
             0.209E+01             0.233E-28
             0.210E+01             0.648E-30
             0.211E+01             0.394E-29
             0.211E+01             0.228E-30
             0.212E+01             0.138E-29
             0.213E+01             0.334E-29
             0.213E+01             0.854E-29
             0.214E+01             0.274E-29
             0.215E+01             0.120E-28
             0.215E+01             0.706E-29
             0.216E+01             0.176E-29
             0.217E+01             0.677E-30
             0.217E+01             0.152E-28
             0.218E+01             0.114E-29
             0.219E+01             0.263E-30
             0.219E+01             0.448E-30
             0.220E+01             0.125E-29
             0.221E+01             0.128E-31
             0.221E+01             0.235E-30
             0.222E+01             0.313E-30
             0.223E+01             0.372E-30
             0.223E+01             0.193E-30
             0.224E+01             0.931E-29
             0.225E+01             0.571E-29
             0.225E+01             0.587E-29
             0.226E+01             0.345E-28
             0.227E+01             0.275E-28
             0.227E+01             0.895E-30
             0.228E+01             0.180E-30
             0.229E+01             0.436E-29
             0.229E+01             0.787E-30
             0.230E+01             0.107E-28
             0.231E+01             0.156E-30
             0.231E+01             0.265E-31
             0.232E+01             0.239E-28
             0.233E+01             0.500E-29
             0.233E+01             0.132E-30
             0.234E+01             0.540E-30
             0.235E+01             0.472E-29
             0.235E+01             0.460E-29
             0.236E+01             0.694E-30
             0.237E+01             0.116E-30
             0.237E+01             0.374E-29
             0.238E+01             0.766E-29
             0.239E+01             0.473E-29
             0.239E+01             0.245E-30
             0.240E+01             0.105E-30
             0.241E+01             0.335E-31
             0.241E+01             0.841E-29
             0.242E+01             0.155E-29
             0.243E+01             0.911E-29
             0.243E+01             0.414E-30
             0.244E+01             0.280E-29
             0.245E+01             0.166E-29
             0.245E+01             0.118E-29
             0.246E+01             0.173E-29
             0.247E+01             0.644E-30
             0.247E+01             0.134E-29
             0.248E+01             0.721E-31
             0.249E+01             0.474E-29
             0.249E+01             0.157E-29
             0.250E+01             0.560E-31
             0.251E+01             0.242E-29
             0.251E+01             0.312E-30
             0.252E+01             0.807E-30
             0.253E+01             0.363E-30
             0.253E+01             0.713E-31
             0.254E+01             0.234E-29
             0.255E+01             0.483E-29
             0.255E+01             0.521E-29
             0.256E+01             0.156E-30
             0.257E+01             0.624E-29
             0.257E+01             0.672E-30
             0.258E+01             0.667E-29
             0.259E+01             0.407E-30
             0.259E+01             0.773E-29
             0.260E+01             0.243E-29
             0.261E+01             0.216E-31
             0.261E+01             0.783E-31
             0.262E+01             0.192E-29
             0.263E+01             0.675E-30
             0.263E+01             0.621E-30
             0.264E+01             0.198E-30
             0.265E+01             0.290E-29
             0.265E+01             0.826E-29
             0.266E+01             0.552E-31
             0.267E+01             0.352E-29
             0.267E+01             0.130E-28
             0.268E+01             0.262E-30
             0.269E+01             0.162E-29
             0.269E+01             0.519E-29
             0.270E+01             0.148E-28
             0.271E+01             0.546E-29
             0.271E+01             0.155E-29
             0.272E+01             0.152E-30
             0.273E+01             0.266E-30
             0.273E+01             0.592E-29
             0.274E+01             0.505E-32
             0.275E+01             0.106E-29
             0.275E+01             0.175E-30
             0.276E+01             0.260E-29
             0.277E+01             0.614E-29
             0.277E+01             0.129E-30
             0.278E+01             0.605E-31
             0.279E+01             0.326E-29
             0.279E+01             0.277E-29
             0.280E+01             0.642E-29
             0.281E+01             0.500E-32
             0.281E+01             0.124E-29
             0.282E+01             0.291E-30
             0.283E+01             0.127E-29
             0.283E+01             0.944E-31
             0.284E+01             0.789E-30
             0.285E+01             0.558E-30
             0.285E+01             0.201E-30
             0.286E+01             0.125E-29
             0.287E+01             0.102E-28
             0.287E+01             0.469E-29
             0.288E+01             0.528E-29
             0.289E+01             0.410E-30
             0.289E+01             0.690E-29
             0.290E+01             0.134E-29
             0.291E+01             0.934E-30
             0.291E+01             0.106E-28
             0.292E+01             0.421E-29
             0.293E+01             0.160E-31
             0.293E+01             0.144E-29
             0.294E+01             0.101E-29
             0.295E+01             0.978E-29
             0.295E+01             0.925E-31
             0.296E+01             0.714E-29
             0.297E+01             0.395E-29
             0.297E+01             0.785E-29
             0.298E+01             0.193E-28
             0.299E+01             0.203E-29
             0.299E+01             0.425E-30
             0.300E+01             0.891E-30
