            -0.499E+01             0.276E-49
            -0.498E+01             0.577E-47
            -0.497E+01             0.536E-47
            -0.496E+01             0.105E-46
            -0.494E+01             0.407E-47
            -0.493E+01             0.192E-46
            -0.492E+01             0.525E-47
            -0.491E+01             0.203E-46
            -0.490E+01             0.387E-46
            -0.489E+01             0.638E-47
            -0.488E+01             0.436E-47
            -0.487E+01             0.118E-46
            -0.486E+01             0.352E-48
            -0.484E+01             0.558E-47
            -0.483E+01             0.377E-48
            -0.482E+01             0.386E-47
            -0.481E+01             0.441E-48
            -0.480E+01             0.251E-50
            -0.479E+01             0.442E-48
            -0.478E+01             0.660E-48
            -0.477E+01             0.497E-49
            -0.476E+01             0.411E-48
            -0.474E+01             0.138E-49
            -0.473E+01             0.144E-49
            -0.472E+01             0.165E-49
            -0.471E+01             0.652E-49
            -0.470E+01             0.212E-50
            -0.469E+01             0.111E-50
            -0.468E+01             0.481E-50
            -0.467E+01             0.213E-52
            -0.466E+01             0.298E-50
            -0.464E+01             0.642E-51
            -0.463E+01             0.809E-51
            -0.462E+01             0.486E-51
            -0.461E+01             0.411E-52
            -0.460E+01             0.108E-51
            -0.459E+01             0.315E-53
            -0.458E+01             0.195E-52
            -0.457E+01             0.127E-52
            -0.456E+01             0.128E-54
            -0.454E+01             0.845E-55
            -0.453E+01             0.456E-54
            -0.452E+01             0.183E-54
            -0.451E+01             0.184E-54
            -0.450E+01             0.273E-58
            -0.449E+01             0.748E-56
            -0.448E+01             0.149E-55
            -0.447E+01             0.312E-56
            -0.446E+01             0.372E-57
            -0.445E+01             0.101E-56
            -0.443E+01             0.899E-57
            -0.442E+01             0.244E-57
            -0.441E+01             0.324E-58
            -0.440E+01             0.351E-58
            -0.439E+01             0.926E-59
            -0.438E+01             0.217E-59
            -0.437E+01             0.111E-59
            -0.436E+01             0.211E-60
            -0.435E+01             0.271E-61
            -0.433E+01             0.994E-60
            -0.432E+01             0.436E-60
            -0.431E+01             0.159E-60
            -0.430E+01             0.125E-60
            -0.429E+01             0.190E-60
            -0.428E+01             0.263E-60
            -0.427E+01             0.374E-61
            -0.426E+01             0.358E-61
            -0.425E+01             0.670E-61
            -0.423E+01             0.117E-60
            -0.422E+01             0.115E-60
            -0.421E+01             0.353E-61
            -0.420E+01             0.672E-61
            -0.419E+01             0.610E-63
            -0.418E+01             0.199E-60
            -0.417E+01             0.153E-60
            -0.416E+01             0.780E-62
            -0.415E+01             0.117E-60
            -0.413E+01             0.938E-61
            -0.412E+01             0.679E-61
            -0.411E+01             0.261E-60
            -0.410E+01             0.479E-61
            -0.409E+01             0.127E-59
            -0.408E+01             0.486E-60
            -0.407E+01             0.457E-61
            -0.406E+01             0.147E-60
            -0.405E+01             0.294E-62
            -0.403E+01             0.477E-61
            -0.402E+01             0.228E-60
            -0.401E+01             0.202E-61
            -0.400E+01             0.294E-60
            -0.399E+01             0.694E-62
            -0.398E+01             0.128E-63
            -0.397E+01             0.661E-61
            -0.396E+01             0.266E-60
            -0.395E+01             0.160E-60
            -0.393E+01             0.140E-60
            -0.392E+01             0.109E-61
            -0.391E+01             0.112E-59
            -0.390E+01             0.789E-61
            -0.389E+01             0.311E-60
            -0.388E+01             0.236E-61
            -0.387E+01             0.280E-62
            -0.386E+01             0.913E-61
            -0.385E+01             0.924E-61
            -0.383E+01             0.811E-61
            -0.382E+01             0.381E-63
            -0.381E+01             0.439E-61
            -0.380E+01             0.439E-61
            -0.379E+01             0.253E-62
            -0.378E+01             0.858E-61
            -0.377E+01             0.355E-61
            -0.376E+01             0.585E-60
            -0.375E+01             0.285E-60
            -0.373E+01             0.133E-60
            -0.372E+01             0.126E-60
            -0.371E+01             0.235E-61
            -0.370E+01             0.134E-62
            -0.369E+01             0.133E-60
            -0.368E+01             0.502E-60
            -0.367E+01             0.680E-62
            -0.366E+01             0.233E-60
            -0.365E+01             0.279E-61
            -0.363E+01             0.113E-60
            -0.362E+01             0.236E-60
            -0.361E+01             0.243E-61
            -0.360E+01             0.243E-61
            -0.359E+01             0.137E-60
            -0.358E+01             0.991E-61
            -0.357E+01             0.260E-60
            -0.356E+01             0.335E-62
            -0.355E+01             0.492E-60
            -0.353E+01             0.701E-61
            -0.352E+01             0.482E-60
            -0.351E+01             0.594E-62
            -0.350E+01             0.158E-60
            -0.349E+01             0.137E-60
            -0.348E+01             0.124E-60
            -0.347E+01             0.167E-60
            -0.346E+01             0.245E-60
            -0.345E+01             0.101E-60
            -0.344E+01             0.178E-61
            -0.342E+01             0.178E-60
            -0.341E+01             0.557E-60
            -0.340E+01             0.870E-61
            -0.339E+01             0.149E-60
            -0.338E+01             0.460E-60
            -0.337E+01             0.499E-60
            -0.336E+01             0.115E-60
            -0.335E+01             0.626E-60
            -0.334E+01             0.937E-62
            -0.332E+01             0.173E-60
            -0.331E+01             0.502E-60
            -0.330E+01             0.470E-60
            -0.329E+01             0.144E-60
            -0.328E+01             0.161E-60
            -0.327E+01             0.610E-60
            -0.326E+01             0.503E-60
            -0.325E+01             0.807E-62
            -0.324E+01             0.152E-59
            -0.322E+01             0.256E-60
            -0.321E+01             0.216E-60
            -0.320E+01             0.482E-60
            -0.319E+01             0.311E-60
            -0.318E+01             0.466E-62
            -0.317E+01             0.425E-61
            -0.316E+01             0.382E-62
            -0.315E+01             0.667E-61
            -0.314E+01             0.730E-60
            -0.312E+01             0.826E-61
            -0.311E+01             0.380E-60
            -0.310E+01             0.168E-60
            -0.309E+01             0.977E-60
            -0.308E+01             0.225E-60
            -0.307E+01             0.847E-61
            -0.306E+01             0.147E-59
            -0.305E+01             0.194E-60
            -0.304E+01             0.106E-59
            -0.302E+01             0.699E-61
            -0.301E+01             0.989E-63
            -0.300E+01             0.107E-61
            -0.299E+01             0.156E-61
            -0.298E+01             0.402E-61
            -0.297E+01             0.848E-61
            -0.296E+01             0.316E-60
            -0.295E+01             0.495E-61
            -0.294E+01             0.489E-60
            -0.292E+01             0.547E-60
            -0.291E+01             0.129E-60
            -0.290E+01             0.452E-60
            -0.289E+01             0.110E-59
            -0.288E+01             0.480E-59
            -0.287E+01             0.887E-60
            -0.286E+01             0.519E-61
            -0.285E+01             0.931E-60
            -0.284E+01             0.106E-61
            -0.282E+01             0.357E-60
            -0.281E+01             0.261E-59
            -0.280E+01             0.203E-60
            -0.279E+01             0.751E-60
            -0.278E+01             0.391E-60
            -0.277E+01             0.122E-60
            -0.276E+01             0.187E-61
            -0.275E+01             0.156E-59
            -0.274E+01             0.243E-59
            -0.272E+01             0.486E-59
            -0.271E+01             0.187E-58
            -0.270E+01             0.545E-58
            -0.269E+01             0.173E-57
            -0.268E+01             0.521E-57
            -0.267E+01             0.187E-56
            -0.266E+01             0.565E-56
            -0.265E+01             0.175E-55
            -0.264E+01             0.555E-55
            -0.262E+01             0.173E-54
            -0.261E+01             0.536E-54
            -0.260E+01             0.166E-53
            -0.259E+01             0.512E-53
            -0.258E+01             0.157E-52
            -0.257E+01             0.478E-52
            -0.256E+01             0.145E-51
            -0.255E+01             0.437E-51
            -0.254E+01             0.131E-50
            -0.252E+01             0.393E-50
            -0.251E+01             0.117E-49
            -0.250E+01             0.346E-49
            -0.249E+01             0.102E-48
            -0.248E+01             0.299E-48
            -0.247E+01             0.872E-48
            -0.246E+01             0.253E-47
            -0.245E+01             0.732E-47
            -0.244E+01             0.211E-46
            -0.243E+01             0.603E-46
            -0.241E+01             0.172E-45
            -0.240E+01             0.486E-45
            -0.239E+01             0.137E-44
            -0.238E+01             0.385E-44
            -0.237E+01             0.108E-43
            -0.236E+01             0.299E-43
            -0.235E+01             0.828E-43
            -0.234E+01             0.228E-42
            -0.233E+01             0.624E-42
            -0.231E+01             0.170E-41
            -0.230E+01             0.462E-41
            -0.229E+01             0.125E-40
            -0.228E+01             0.335E-40
            -0.227E+01             0.896E-40
            -0.226E+01             0.238E-39
            -0.225E+01             0.631E-39
            -0.224E+01             0.166E-38
            -0.223E+01             0.436E-38
            -0.221E+01             0.114E-37
            -0.220E+01             0.296E-37
            -0.219E+01             0.764E-37
            -0.218E+01             0.196E-36
            -0.217E+01             0.502E-36
            -0.216E+01             0.128E-35
            -0.215E+01             0.324E-35
            -0.214E+01             0.817E-35
            -0.213E+01             0.205E-34
            -0.211E+01             0.512E-34
            -0.210E+01             0.127E-33
            -0.209E+01             0.315E-33
            -0.208E+01             0.774E-33
            -0.207E+01             0.189E-32
            -0.206E+01             0.462E-32
            -0.205E+01             0.112E-31
            -0.204E+01             0.270E-31
            -0.203E+01             0.648E-31
            -0.201E+01             0.155E-30
            -0.200E+01             0.368E-30
            -0.199E+01             0.870E-30
            -0.198E+01             0.205E-29
            -0.197E+01             0.479E-29
            -0.196E+01             0.112E-28
            -0.195E+01             0.259E-28
            -0.194E+01             0.598E-28
            -0.193E+01             0.137E-27
            -0.191E+01             0.314E-27
            -0.190E+01             0.713E-27
            -0.189E+01             0.161E-26
            -0.188E+01             0.363E-26
            -0.187E+01             0.813E-26
            -0.186E+01             0.181E-25
            -0.185E+01             0.402E-25
            -0.184E+01             0.886E-25
            -0.183E+01             0.195E-24
            -0.181E+01             0.425E-24
            -0.180E+01             0.924E-24
            -0.179E+01             0.200E-23
            -0.178E+01             0.430E-23
            -0.177E+01             0.921E-23
            -0.176E+01             0.196E-22
            -0.175E+01             0.416E-22
            -0.174E+01             0.878E-22
            -0.173E+01             0.184E-21
            -0.171E+01             0.385E-21
            -0.170E+01             0.800E-21
            -0.169E+01             0.165E-20
            -0.168E+01             0.340E-20
            -0.167E+01             0.696E-20
            -0.166E+01             0.142E-19
            -0.165E+01             0.287E-19
            -0.164E+01             0.580E-19
            -0.163E+01             0.116E-18
            -0.161E+01             0.232E-18
            -0.160E+01             0.461E-18
            -0.159E+01             0.911E-18
            -0.158E+01             0.179E-17
            -0.157E+01             0.350E-17
            -0.156E+01             0.682E-17
            -0.155E+01             0.132E-16
            -0.154E+01             0.254E-16
            -0.153E+01             0.488E-16
            -0.151E+01             0.930E-16
            -0.150E+01             0.176E-15
            -0.149E+01             0.333E-15
            -0.148E+01             0.626E-15
            -0.147E+01             0.117E-14
            -0.146E+01             0.217E-14
            -0.145E+01             0.402E-14
            -0.144E+01             0.740E-14
            -0.143E+01             0.135E-13
            -0.142E+01             0.247E-13
            -0.140E+01             0.447E-13
            -0.139E+01             0.806E-13
            -0.138E+01             0.145E-12
            -0.137E+01             0.258E-12
            -0.136E+01             0.458E-12
            -0.135E+01             0.809E-12
            -0.134E+01             0.142E-11
            -0.133E+01             0.249E-11
            -0.132E+01             0.432E-11
            -0.130E+01             0.748E-11
            -0.129E+01             0.129E-10
            -0.128E+01             0.220E-10
            -0.127E+01             0.376E-10
            -0.126E+01             0.636E-10
            -0.125E+01             0.107E-09
            -0.124E+01             0.180E-09
            -0.123E+01             0.300E-09
            -0.122E+01             0.498E-09
            -0.120E+01             0.822E-09
            -0.119E+01             0.135E-08
            -0.118E+01             0.221E-08
            -0.117E+01             0.359E-08
            -0.116E+01             0.580E-08
            -0.115E+01             0.932E-08
            -0.114E+01             0.149E-07
            -0.113E+01             0.237E-07
            -0.112E+01             0.376E-07
            -0.110E+01             0.591E-07
            -0.109E+01             0.926E-07
            -0.108E+01             0.144E-06
            -0.107E+01             0.223E-06
            -0.106E+01             0.344E-06
            -0.105E+01             0.528E-06
            -0.104E+01             0.805E-06
            -0.103E+01             0.122E-05
            -0.102E+01             0.184E-05
            -0.100E+01             0.276E-05
            -0.993E+00             0.412E-05
            -0.982E+00             0.611E-05
            -0.971E+00             0.902E-05
            -0.960E+00             0.132E-04
            -0.949E+00             0.193E-04
            -0.938E+00             0.281E-04
            -0.927E+00             0.405E-04
            -0.916E+00             0.582E-04
            -0.905E+00             0.831E-04
            -0.893E+00             0.118E-03
            -0.882E+00             0.167E-03
            -0.871E+00             0.234E-03
            -0.860E+00             0.327E-03
            -0.849E+00             0.454E-03
            -0.838E+00             0.627E-03
            -0.827E+00             0.860E-03
            -0.816E+00             0.117E-02
            -0.805E+00             0.159E-02
            -0.794E+00             0.215E-02
            -0.782E+00             0.289E-02
            -0.771E+00             0.385E-02
            -0.760E+00             0.511E-02
            -0.749E+00             0.673E-02
            -0.738E+00             0.883E-02
            -0.727E+00             0.115E-01
            -0.716E+00             0.149E-01
            -0.705E+00             0.192E-01
            -0.694E+00             0.245E-01
            -0.683E+00             0.312E-01
            -0.671E+00             0.394E-01
            -0.660E+00             0.496E-01
            -0.649E+00             0.619E-01
            -0.638E+00             0.768E-01
            -0.627E+00             0.946E-01
            -0.616E+00             0.116E+00
            -0.605E+00             0.141E+00
            -0.594E+00             0.171E+00
            -0.583E+00             0.205E+00
            -0.572E+00             0.244E+00
            -0.560E+00             0.290E+00
            -0.549E+00             0.341E+00
            -0.538E+00             0.398E+00
            -0.527E+00             0.462E+00
            -0.516E+00             0.533E+00
            -0.505E+00             0.609E+00
            -0.494E+00             0.692E+00
            -0.483E+00             0.779E+00
            -0.472E+00             0.871E+00
            -0.461E+00             0.966E+00
            -0.450E+00             0.106E+01
            -0.438E+00             0.116E+01
            -0.427E+00             0.125E+01
            -0.416E+00             0.134E+01
            -0.405E+00             0.143E+01
            -0.394E+00             0.150E+01
            -0.383E+00             0.156E+01
            -0.372E+00             0.161E+01
            -0.361E+00             0.164E+01
            -0.350E+00             0.166E+01
            -0.339E+00             0.165E+01
            -0.327E+00             0.162E+01
            -0.316E+00             0.157E+01
            -0.305E+00             0.150E+01
            -0.294E+00             0.141E+01
            -0.283E+00             0.130E+01
            -0.272E+00             0.117E+01
            -0.261E+00             0.103E+01
            -0.250E+00             0.886E+00
            -0.239E+00             0.736E+00
            -0.228E+00             0.587E+00
            -0.216E+00             0.445E+00
            -0.205E+00             0.315E+00
            -0.194E+00             0.203E+00
            -0.183E+00             0.112E+00
            -0.172E+00             0.462E-01
            -0.161E+00             0.867E-02
            -0.150E+00             0.882E-03
            -0.139E+00             0.231E-01
            -0.128E+00             0.745E-01
            -0.117E+00             0.152E+00
            -0.105E+00             0.254E+00
            -0.943E-01             0.373E+00
            -0.832E-01             0.505E+00
            -0.721E-01             0.644E+00
            -0.610E-01             0.782E+00
            -0.499E-01             0.913E+00
            -0.388E-01             0.103E+01
            -0.277E-01             0.113E+01
            -0.166E-01             0.120E+01
            -0.555E-02             0.125E+01
             0.555E-02             0.126E+01
             0.166E-01             0.125E+01
             0.277E-01             0.120E+01
             0.388E-01             0.113E+01
             0.499E-01             0.103E+01
             0.610E-01             0.913E+00
             0.721E-01             0.782E+00
             0.832E-01             0.644E+00
             0.943E-01             0.505E+00
             0.105E+00             0.373E+00
             0.117E+00             0.254E+00
             0.128E+00             0.152E+00
             0.139E+00             0.745E-01
             0.150E+00             0.231E-01
             0.161E+00             0.882E-03
             0.172E+00             0.867E-02
             0.183E+00             0.462E-01
             0.194E+00             0.112E+00
             0.205E+00             0.203E+00
             0.216E+00             0.315E+00
             0.228E+00             0.445E+00
             0.239E+00             0.587E+00
             0.250E+00             0.736E+00
             0.261E+00             0.886E+00
             0.272E+00             0.103E+01
             0.283E+00             0.117E+01
             0.294E+00             0.130E+01
             0.305E+00             0.141E+01
             0.316E+00             0.150E+01
             0.327E+00             0.157E+01
             0.339E+00             0.162E+01
             0.350E+00             0.165E+01
             0.361E+00             0.166E+01
             0.372E+00             0.164E+01
             0.383E+00             0.161E+01
             0.394E+00             0.156E+01
             0.405E+00             0.150E+01
             0.416E+00             0.143E+01
             0.427E+00             0.134E+01
             0.438E+00             0.125E+01
             0.450E+00             0.116E+01
             0.461E+00             0.106E+01
             0.472E+00             0.966E+00
             0.483E+00             0.871E+00
             0.494E+00             0.779E+00
             0.505E+00             0.692E+00
             0.516E+00             0.609E+00
             0.527E+00             0.533E+00
             0.538E+00             0.462E+00
             0.549E+00             0.398E+00
             0.560E+00             0.341E+00
             0.572E+00             0.290E+00
             0.583E+00             0.244E+00
             0.594E+00             0.205E+00
             0.605E+00             0.171E+00
             0.616E+00             0.141E+00
             0.627E+00             0.116E+00
             0.638E+00             0.946E-01
             0.649E+00             0.768E-01
             0.660E+00             0.619E-01
             0.671E+00             0.496E-01
             0.683E+00             0.394E-01
             0.694E+00             0.312E-01
             0.705E+00             0.245E-01
             0.716E+00             0.192E-01
             0.727E+00             0.149E-01
             0.738E+00             0.115E-01
             0.749E+00             0.883E-02
             0.760E+00             0.673E-02
             0.771E+00             0.511E-02
             0.782E+00             0.385E-02
             0.794E+00             0.289E-02
             0.805E+00             0.215E-02
             0.816E+00             0.159E-02
             0.827E+00             0.117E-02
             0.838E+00             0.860E-03
             0.849E+00             0.627E-03
             0.860E+00             0.454E-03
             0.871E+00             0.327E-03
             0.882E+00             0.234E-03
             0.893E+00             0.167E-03
             0.905E+00             0.118E-03
             0.916E+00             0.831E-04
             0.927E+00             0.582E-04
             0.938E+00             0.405E-04
             0.949E+00             0.281E-04
             0.960E+00             0.193E-04
             0.971E+00             0.132E-04
             0.982E+00             0.902E-05
             0.993E+00             0.611E-05
             0.100E+01             0.412E-05
             0.102E+01             0.276E-05
             0.103E+01             0.184E-05
             0.104E+01             0.122E-05
             0.105E+01             0.805E-06
             0.106E+01             0.528E-06
             0.107E+01             0.344E-06
             0.108E+01             0.223E-06
             0.109E+01             0.144E-06
             0.110E+01             0.926E-07
             0.112E+01             0.591E-07
             0.113E+01             0.376E-07
             0.114E+01             0.237E-07
             0.115E+01             0.149E-07
             0.116E+01             0.932E-08
             0.117E+01             0.580E-08
             0.118E+01             0.359E-08
             0.119E+01             0.221E-08
             0.120E+01             0.135E-08
             0.122E+01             0.822E-09
             0.123E+01             0.498E-09
             0.124E+01             0.300E-09
             0.125E+01             0.180E-09
             0.126E+01             0.107E-09
             0.127E+01             0.636E-10
             0.128E+01             0.376E-10
             0.129E+01             0.220E-10
             0.130E+01             0.129E-10
             0.132E+01             0.748E-11
             0.133E+01             0.432E-11
             0.134E+01             0.249E-11
             0.135E+01             0.142E-11
             0.136E+01             0.809E-12
             0.137E+01             0.458E-12
             0.138E+01             0.258E-12
             0.139E+01             0.145E-12
             0.140E+01             0.806E-13
             0.142E+01             0.447E-13
             0.143E+01             0.247E-13
             0.144E+01             0.135E-13
             0.145E+01             0.740E-14
             0.146E+01             0.402E-14
             0.147E+01             0.217E-14
             0.148E+01             0.117E-14
             0.149E+01             0.626E-15
             0.150E+01             0.333E-15
             0.151E+01             0.176E-15
             0.153E+01             0.930E-16
             0.154E+01             0.488E-16
             0.155E+01             0.254E-16
             0.156E+01             0.132E-16
             0.157E+01             0.682E-17
             0.158E+01             0.350E-17
             0.159E+01             0.179E-17
             0.160E+01             0.911E-18
             0.161E+01             0.461E-18
             0.163E+01             0.232E-18
             0.164E+01             0.116E-18
             0.165E+01             0.580E-19
             0.166E+01             0.287E-19
             0.167E+01             0.142E-19
             0.168E+01             0.696E-20
             0.169E+01             0.340E-20
             0.170E+01             0.165E-20
             0.171E+01             0.800E-21
             0.173E+01             0.385E-21
             0.174E+01             0.184E-21
             0.175E+01             0.879E-22
             0.176E+01             0.417E-22
             0.177E+01             0.196E-22
             0.178E+01             0.919E-23
             0.179E+01             0.428E-23
             0.180E+01             0.200E-23
             0.181E+01             0.934E-24
             0.183E+01             0.431E-24
             0.184E+01             0.199E-24
             0.185E+01             0.907E-25
             0.186E+01             0.410E-25
             0.187E+01             0.170E-25
             0.188E+01             0.700E-26
             0.189E+01             0.243E-26
             0.190E+01             0.142E-26
             0.191E+01             0.832E-27
             0.193E+01             0.354E-27
             0.194E+01             0.156E-27
             0.195E+01             0.899E-28
             0.196E+01             0.517E-28
             0.197E+01             0.744E-28
             0.198E+01             0.127E-28
             0.199E+01             0.485E-29
             0.200E+01             0.768E-30
             0.201E+01             0.349E-30
             0.203E+01             0.178E-29
             0.204E+01             0.200E-29
             0.205E+01             0.874E-29
             0.206E+01             0.435E-29
             0.207E+01             0.161E-30
             0.208E+01             0.392E-29
             0.209E+01             0.556E-29
             0.210E+01             0.114E-28
             0.211E+01             0.874E-33
             0.213E+01             0.247E-30
             0.214E+01             0.230E-29
             0.215E+01             0.208E-29
             0.216E+01             0.965E-29
             0.217E+01             0.637E-30
             0.218E+01             0.375E-29
             0.219E+01             0.146E-29
             0.220E+01             0.242E-29
             0.221E+01             0.110E-30
             0.223E+01             0.377E-29
             0.224E+01             0.955E-29
             0.225E+01             0.825E-30
             0.226E+01             0.652E-30
             0.227E+01             0.594E-30
             0.228E+01             0.130E-28
             0.229E+01             0.113E-28
             0.230E+01             0.799E-29
             0.231E+01             0.734E-30
             0.233E+01             0.421E-29
             0.234E+01             0.275E-29
             0.235E+01             0.617E-31
             0.236E+01             0.946E-30
             0.237E+01             0.551E-30
             0.238E+01             0.373E-30
             0.239E+01             0.435E-29
             0.240E+01             0.124E-30
             0.241E+01             0.419E-31
             0.243E+01             0.765E-29
             0.244E+01             0.330E-30
             0.245E+01             0.550E-29
             0.246E+01             0.746E-29
             0.247E+01             0.806E-29
             0.248E+01             0.817E-29
             0.249E+01             0.124E-28
             0.250E+01             0.466E-30
             0.251E+01             0.442E-31
             0.252E+01             0.192E-30
             0.254E+01             0.962E-30
             0.255E+01             0.607E-30
             0.256E+01             0.537E-29
             0.257E+01             0.335E-29
             0.258E+01             0.358E-29
             0.259E+01             0.320E-29
             0.260E+01             0.425E-30
             0.261E+01             0.882E-30
             0.262E+01             0.675E-30
             0.264E+01             0.362E-30
             0.265E+01             0.760E-29
             0.266E+01             0.319E-29
             0.267E+01             0.242E-29
             0.268E+01             0.173E-29
             0.269E+01             0.422E-29
             0.270E+01             0.365E-29
             0.271E+01             0.149E-30
             0.272E+01             0.532E-30
             0.274E+01             0.203E-29
             0.275E+01             0.285E-30
             0.276E+01             0.680E-33
             0.277E+01             0.785E-29
             0.278E+01             0.442E-29
             0.279E+01             0.237E-29
             0.280E+01             0.199E-29
             0.281E+01             0.143E-29
             0.282E+01             0.113E-28
             0.284E+01             0.924E-29
             0.285E+01             0.269E-29
             0.286E+01             0.111E-29
             0.287E+01             0.833E-31
             0.288E+01             0.319E-29
             0.289E+01             0.149E-28
             0.290E+01             0.103E-28
             0.291E+01             0.111E-30
             0.292E+01             0.742E-32
             0.294E+01             0.133E-29
             0.295E+01             0.881E-33
             0.296E+01             0.739E-31
             0.297E+01             0.440E-30
             0.298E+01             0.156E-29
             0.299E+01             0.274E-30
             0.300E+01             0.152E-30
             0.301E+01             0.325E-29
             0.302E+01             0.138E-31
             0.304E+01             0.125E-29
             0.305E+01             0.250E-31
             0.306E+01             0.647E-29
             0.307E+01             0.331E-29
             0.308E+01             0.206E-29
             0.309E+01             0.145E-28
             0.310E+01             0.884E-30
             0.311E+01             0.222E-29
             0.312E+01             0.173E-29
             0.314E+01             0.326E-31
             0.315E+01             0.108E-31
             0.316E+01             0.108E-32
             0.317E+01             0.749E-31
             0.318E+01             0.948E-30
             0.319E+01             0.326E-31
             0.320E+01             0.315E-29
             0.321E+01             0.572E-30
             0.322E+01             0.166E-30
             0.324E+01             0.362E-30
             0.325E+01             0.192E-29
             0.326E+01             0.487E-29
             0.327E+01             0.176E-29
             0.328E+01             0.757E-29
             0.329E+01             0.604E-29
             0.330E+01             0.775E-30
             0.331E+01             0.518E-29
             0.332E+01             0.602E-30
             0.334E+01             0.115E-30
             0.335E+01             0.574E-30
             0.336E+01             0.281E-29
             0.337E+01             0.262E-30
             0.338E+01             0.103E-29
             0.339E+01             0.892E-29
             0.340E+01             0.551E-30
             0.341E+01             0.612E-29
             0.342E+01             0.872E-30
             0.344E+01             0.166E-28
             0.345E+01             0.353E-29
             0.346E+01             0.115E-29
             0.347E+01             0.346E-29
             0.348E+01             0.381E-29
             0.349E+01             0.264E-29
             0.350E+01             0.301E-29
             0.351E+01             0.514E-30
             0.352E+01             0.289E-29
             0.353E+01             0.106E-28
             0.355E+01             0.111E-29
             0.356E+01             0.356E-31
             0.357E+01             0.310E-30
             0.358E+01             0.267E-31
             0.359E+01             0.488E-30
             0.360E+01             0.713E-31
             0.361E+01             0.899E-30
             0.362E+01             0.216E-33
             0.363E+01             0.136E-28
             0.365E+01             0.168E-38
             0.366E+01             0.172E-29
             0.367E+01             0.129E-28
             0.368E+01             0.363E-31
             0.369E+01             0.457E-31
             0.370E+01             0.446E-29
             0.371E+01             0.343E-30
             0.372E+01             0.593E-31
             0.373E+01             0.111E-29
             0.375E+01             0.579E-29
             0.376E+01             0.431E-29
             0.377E+01             0.533E-29
             0.378E+01             0.840E-30
             0.379E+01             0.128E-31
             0.380E+01             0.465E-30
             0.381E+01             0.437E-31
             0.382E+01             0.459E-29
             0.383E+01             0.982E-30
             0.385E+01             0.615E-31
             0.386E+01             0.900E-30
             0.387E+01             0.718E-30
             0.388E+01             0.560E-29
             0.389E+01             0.262E-29
             0.390E+01             0.116E-30
             0.391E+01             0.411E-30
             0.392E+01             0.684E-30
             0.393E+01             0.179E-29
             0.395E+01             0.240E-32
             0.396E+01             0.792E-29
             0.397E+01             0.113E-30
             0.398E+01             0.948E-31
             0.399E+01             0.387E-30
             0.400E+01             0.104E-29
             0.401E+01             0.658E-31
             0.402E+01             0.240E-29
             0.403E+01             0.237E-29
             0.405E+01             0.280E-31
             0.406E+01             0.265E-29
             0.407E+01             0.227E-29
             0.408E+01             0.642E-29
             0.409E+01             0.553E-29
             0.410E+01             0.327E-30
             0.411E+01             0.318E-29
             0.412E+01             0.231E-29
             0.413E+01             0.167E-30
             0.415E+01             0.147E-29
             0.416E+01             0.214E-29
             0.417E+01             0.466E-30
             0.418E+01             0.545E-29
             0.419E+01             0.845E-30
             0.420E+01             0.156E-30
             0.421E+01             0.894E-30
             0.422E+01             0.390E-30
             0.423E+01             0.110E-29
             0.425E+01             0.252E-33
             0.426E+01             0.240E-29
             0.427E+01             0.128E-29
             0.428E+01             0.142E-29
             0.429E+01             0.106E-29
             0.430E+01             0.402E-30
             0.431E+01             0.267E-29
             0.432E+01             0.700E-29
             0.433E+01             0.222E-30
             0.435E+01             0.343E-29
             0.436E+01             0.303E-29
             0.437E+01             0.815E-30
             0.438E+01             0.147E-29
             0.439E+01             0.792E-30
             0.440E+01             0.333E-30
             0.441E+01             0.212E-29
             0.442E+01             0.269E-29
             0.443E+01             0.108E-29
             0.445E+01             0.705E-31
             0.446E+01             0.624E-30
             0.447E+01             0.356E-29
             0.448E+01             0.130E-29
             0.449E+01             0.452E-29
             0.450E+01             0.241E-29
             0.451E+01             0.859E-31
             0.452E+01             0.637E-30
             0.453E+01             0.806E-30
             0.454E+01             0.421E-30
             0.456E+01             0.392E-30
             0.457E+01             0.293E-29
             0.458E+01             0.351E-30
             0.459E+01             0.179E-29
             0.460E+01             0.488E-30
             0.461E+01             0.328E-29
             0.462E+01             0.404E-29
             0.463E+01             0.966E-30
             0.464E+01             0.905E-31
             0.466E+01             0.407E-29
             0.467E+01             0.100E-29
             0.468E+01             0.220E-29
             0.469E+01             0.145E-30
             0.470E+01             0.719E-32
             0.471E+01             0.382E-30
             0.472E+01             0.129E-30
             0.473E+01             0.146E-29
             0.474E+01             0.746E-29
             0.476E+01             0.106E-29
             0.477E+01             0.144E-30
             0.478E+01             0.840E-29
             0.479E+01             0.311E-34
             0.480E+01             0.142E-29
             0.481E+01             0.402E-31
             0.482E+01             0.956E-30
             0.483E+01             0.281E-30
             0.484E+01             0.332E-33
             0.486E+01             0.512E-30
             0.487E+01             0.189E-29
             0.488E+01             0.876E-29
             0.489E+01             0.352E-30
             0.490E+01             0.158E-29
             0.491E+01             0.169E-30
             0.492E+01             0.290E-30
             0.493E+01             0.612E-30
             0.494E+01             0.113E-29
             0.496E+01             0.797E-29
             0.497E+01             0.360E-30
             0.498E+01             0.621E-30
             0.499E+01             0.539E-29
             0.500E+01             0.207E-30
