            -0.499E+01             0.401E-60
            -0.499E+01             0.636E-60
            -0.498E+01             0.556E-60
            -0.497E+01             0.218E-60
            -0.497E+01             0.129E-60
            -0.496E+01             0.945E-61
            -0.495E+01             0.769E-61
            -0.495E+01             0.172E-60
            -0.494E+01             0.731E-61
            -0.493E+01             0.835E-62
            -0.492E+01             0.418E-61
            -0.492E+01             0.113E-60
            -0.491E+01             0.953E-60
            -0.490E+01             0.373E-62
            -0.490E+01             0.229E-62
            -0.489E+01             0.667E-60
            -0.488E+01             0.255E-60
            -0.488E+01             0.174E-61
            -0.487E+01             0.173E-60
            -0.486E+01             0.921E-60
            -0.486E+01             0.198E-60
            -0.485E+01             0.364E-62
            -0.484E+01             0.110E-60
            -0.484E+01             0.827E-62
            -0.483E+01             0.168E-60
            -0.482E+01             0.633E-61
            -0.482E+01             0.776E-64
            -0.481E+01             0.384E-61
            -0.480E+01             0.688E-60
            -0.479E+01             0.601E-62
            -0.479E+01             0.279E-60
            -0.478E+01             0.376E-62
            -0.477E+01             0.454E-60
            -0.477E+01             0.104E-59
            -0.476E+01             0.428E-60
            -0.475E+01             0.864E-60
            -0.475E+01             0.796E-61
            -0.474E+01             0.181E-59
            -0.473E+01             0.115E-59
            -0.473E+01             0.912E-60
            -0.472E+01             0.161E-61
            -0.471E+01             0.149E-60
            -0.471E+01             0.155E-60
            -0.470E+01             0.127E-60
            -0.469E+01             0.647E-60
            -0.469E+01             0.668E-61
            -0.468E+01             0.116E-61
            -0.467E+01             0.506E-60
            -0.466E+01             0.428E-60
            -0.466E+01             0.368E-60
            -0.465E+01             0.104E-61
            -0.464E+01             0.249E-62
            -0.464E+01             0.323E-60
            -0.463E+01             0.628E-61
            -0.462E+01             0.404E-60
            -0.462E+01             0.122E-59
            -0.461E+01             0.857E-60
            -0.460E+01             0.177E-60
            -0.460E+01             0.935E-60
            -0.459E+01             0.846E-61
            -0.458E+01             0.140E-59
            -0.458E+01             0.181E-60
            -0.457E+01             0.175E-59
            -0.456E+01             0.359E-61
            -0.456E+01             0.645E-60
            -0.455E+01             0.185E-60
            -0.454E+01             0.744E-60
            -0.453E+01             0.209E-59
            -0.453E+01             0.217E-60
            -0.452E+01             0.184E-60
            -0.451E+01             0.164E-59
            -0.451E+01             0.159E-60
            -0.450E+01             0.636E-61
            -0.449E+01             0.325E-60
            -0.449E+01             0.622E-61
            -0.448E+01             0.844E-61
            -0.447E+01             0.201E-60
            -0.447E+01             0.166E-62
            -0.446E+01             0.172E-60
            -0.445E+01             0.150E-60
            -0.445E+01             0.389E-60
            -0.444E+01             0.127E-60
            -0.443E+01             0.335E-60
            -0.443E+01             0.775E-61
            -0.442E+01             0.866E-61
            -0.441E+01             0.267E-59
            -0.440E+01             0.659E-60
            -0.440E+01             0.651E-61
            -0.439E+01             0.733E-62
            -0.438E+01             0.978E-62
            -0.438E+01             0.145E-60
            -0.437E+01             0.367E-61
            -0.436E+01             0.104E-59
            -0.436E+01             0.147E-60
            -0.435E+01             0.147E-60
            -0.434E+01             0.100E-59
            -0.434E+01             0.514E-61
            -0.433E+01             0.118E-60
            -0.432E+01             0.339E-62
            -0.432E+01             0.865E-62
            -0.431E+01             0.139E-60
            -0.430E+01             0.110E-60
            -0.430E+01             0.308E-60
            -0.429E+01             0.451E-60
            -0.428E+01             0.279E-60
            -0.427E+01             0.512E-61
            -0.427E+01             0.234E-60
            -0.426E+01             0.871E-60
            -0.425E+01             0.269E-60
            -0.425E+01             0.536E-61
            -0.424E+01             0.156E-59
            -0.423E+01             0.116E-59
            -0.423E+01             0.552E-61
            -0.422E+01             0.228E-61
            -0.421E+01             0.790E-60
            -0.421E+01             0.943E-60
            -0.420E+01             0.337E-62
            -0.419E+01             0.817E-60
            -0.419E+01             0.116E-60
            -0.418E+01             0.188E-61
            -0.417E+01             0.235E-60
            -0.416E+01             0.116E-59
            -0.416E+01             0.125E-59
            -0.415E+01             0.909E-64
            -0.414E+01             0.403E-61
            -0.414E+01             0.150E-62
            -0.413E+01             0.204E-61
            -0.412E+01             0.288E-60
            -0.412E+01             0.510E-61
            -0.411E+01             0.315E-60
            -0.410E+01             0.702E-62
            -0.410E+01             0.120E-60
            -0.409E+01             0.205E-63
            -0.408E+01             0.290E-60
            -0.408E+01             0.306E-61
            -0.407E+01             0.729E-61
            -0.406E+01             0.278E-61
            -0.406E+01             0.707E-60
            -0.405E+01             0.553E-61
            -0.404E+01             0.705E-62
            -0.403E+01             0.556E-60
            -0.403E+01             0.148E-60
            -0.402E+01             0.137E-62
            -0.401E+01             0.373E-61
            -0.401E+01             0.100E-60
            -0.400E+01             0.105E-60
            -0.399E+01             0.138E-61
            -0.399E+01             0.479E-60
            -0.398E+01             0.279E-60
            -0.397E+01             0.275E-60
            -0.397E+01             0.258E-59
            -0.396E+01             0.364E-60
            -0.395E+01             0.106E-60
            -0.395E+01             0.144E-60
            -0.394E+01             0.499E-60
            -0.393E+01             0.645E-61
            -0.393E+01             0.133E-61
            -0.392E+01             0.426E-61
            -0.391E+01             0.137E-60
            -0.390E+01             0.599E-60
            -0.390E+01             0.137E-59
            -0.389E+01             0.296E-60
            -0.388E+01             0.139E-60
            -0.388E+01             0.104E-59
            -0.387E+01             0.858E-62
            -0.386E+01             0.865E-64
            -0.386E+01             0.716E-62
            -0.385E+01             0.120E-60
            -0.384E+01             0.779E-60
            -0.384E+01             0.135E-59
            -0.383E+01             0.564E-62
            -0.382E+01             0.794E-62
            -0.382E+01             0.246E-62
            -0.381E+01             0.697E-60
            -0.380E+01             0.698E-60
            -0.380E+01             0.208E-60
            -0.379E+01             0.222E-67
            -0.378E+01             0.111E-59
            -0.377E+01             0.599E-60
            -0.377E+01             0.415E-60
            -0.376E+01             0.710E-61
            -0.375E+01             0.485E-63
            -0.375E+01             0.107E-60
            -0.374E+01             0.108E-60
            -0.373E+01             0.562E-61
            -0.373E+01             0.292E-61
            -0.372E+01             0.237E-60
            -0.371E+01             0.243E-60
            -0.371E+01             0.242E-61
            -0.370E+01             0.539E-60
            -0.369E+01             0.131E-60
            -0.369E+01             0.211E-59
            -0.368E+01             0.568E-61
            -0.367E+01             0.228E-60
            -0.367E+01             0.133E-59
            -0.366E+01             0.253E-60
            -0.365E+01             0.591E-64
            -0.364E+01             0.457E-61
            -0.364E+01             0.715E-60
            -0.363E+01             0.876E-61
            -0.362E+01             0.139E-59
            -0.362E+01             0.118E-59
            -0.361E+01             0.253E-60
            -0.360E+01             0.962E-60
            -0.360E+01             0.575E-61
            -0.359E+01             0.234E-60
            -0.358E+01             0.180E-60
            -0.358E+01             0.215E-60
            -0.357E+01             0.322E-60
            -0.356E+01             0.393E-60
            -0.356E+01             0.560E-60
            -0.355E+01             0.308E-61
            -0.354E+01             0.178E-61
            -0.354E+01             0.519E-61
            -0.353E+01             0.280E-60
            -0.352E+01             0.350E-61
            -0.351E+01             0.571E-60
            -0.351E+01             0.193E-62
            -0.350E+01             0.425E-60
            -0.349E+01             0.264E-60
            -0.349E+01             0.727E-61
            -0.348E+01             0.523E-62
            -0.347E+01             0.108E-59
            -0.347E+01             0.814E-61
            -0.346E+01             0.313E-60
            -0.345E+01             0.565E-61
            -0.345E+01             0.612E-60
            -0.344E+01             0.185E-60
            -0.343E+01             0.384E-60
            -0.343E+01             0.175E-60
            -0.342E+01             0.276E-61
            -0.341E+01             0.255E-60
            -0.341E+01             0.253E-61
            -0.340E+01             0.357E-61
            -0.339E+01             0.561E-60
            -0.338E+01             0.406E-61
            -0.338E+01             0.649E-61
            -0.337E+01             0.764E-60
            -0.336E+01             0.498E-62
            -0.336E+01             0.368E-60
            -0.335E+01             0.667E-61
            -0.334E+01             0.331E-61
            -0.334E+01             0.221E-60
            -0.333E+01             0.222E-61
            -0.332E+01             0.112E-60
            -0.332E+01             0.167E-60
            -0.331E+01             0.446E-61
            -0.330E+01             0.909E-61
            -0.330E+01             0.166E-61
            -0.329E+01             0.360E-61
            -0.328E+01             0.164E-60
            -0.328E+01             0.322E-60
            -0.327E+01             0.817E-61
            -0.326E+01             0.411E-61
            -0.325E+01             0.338E-61
            -0.325E+01             0.103E-60
            -0.324E+01             0.156E-60
            -0.323E+01             0.164E-61
            -0.323E+01             0.118E-60
            -0.322E+01             0.562E-61
            -0.321E+01             0.387E-60
            -0.321E+01             0.106E-59
            -0.320E+01             0.176E-60
            -0.319E+01             0.529E-61
            -0.319E+01             0.217E-61
            -0.318E+01             0.462E-61
            -0.317E+01             0.457E-60
            -0.317E+01             0.203E-60
            -0.316E+01             0.236E-60
            -0.315E+01             0.717E-61
            -0.315E+01             0.169E-61
            -0.314E+01             0.498E-61
            -0.313E+01             0.130E-60
            -0.312E+01             0.425E-60
            -0.312E+01             0.838E-60
            -0.311E+01             0.131E-60
            -0.310E+01             0.196E-61
            -0.310E+01             0.190E-61
            -0.309E+01             0.135E-60
            -0.308E+01             0.103E-59
            -0.308E+01             0.110E-59
            -0.307E+01             0.891E-60
            -0.306E+01             0.107E-61
            -0.306E+01             0.569E-65
            -0.305E+01             0.193E-60
            -0.304E+01             0.812E-61
            -0.304E+01             0.103E-61
            -0.303E+01             0.309E-62
            -0.302E+01             0.264E-61
            -0.302E+01             0.557E-61
            -0.301E+01             0.918E-61
            -0.300E+01             0.124E-60
            -0.299E+01             0.189E-60
            -0.299E+01             0.221E-60
            -0.298E+01             0.144E-60
            -0.297E+01             0.594E-60
            -0.297E+01             0.252E-61
            -0.296E+01             0.310E-60
            -0.295E+01             0.184E-60
            -0.295E+01             0.160E-60
            -0.294E+01             0.466E-61
            -0.293E+01             0.160E-60
            -0.293E+01             0.105E-61
            -0.292E+01             0.148E-60
            -0.291E+01             0.373E-61
            -0.291E+01             0.911E-61
            -0.290E+01             0.222E-60
            -0.289E+01             0.264E-61
            -0.289E+01             0.143E-60
            -0.288E+01             0.249E-61
            -0.287E+01             0.546E-64
            -0.286E+01             0.356E-60
            -0.286E+01             0.573E-61
            -0.285E+01             0.670E-60
            -0.284E+01             0.667E-61
            -0.284E+01             0.735E-61
            -0.283E+01             0.681E-64
            -0.282E+01             0.477E-61
            -0.282E+01             0.239E-60
            -0.281E+01             0.963E-60
            -0.280E+01             0.162E-60
            -0.280E+01             0.107E-60
            -0.279E+01             0.339E-60
            -0.278E+01             0.103E-59
            -0.278E+01             0.438E-60
            -0.277E+01             0.260E-60
            -0.276E+01             0.857E-60
            -0.275E+01             0.592E-60
            -0.275E+01             0.280E-62
            -0.274E+01             0.213E-60
            -0.273E+01             0.500E-60
            -0.273E+01             0.172E-60
            -0.272E+01             0.149E-59
            -0.271E+01             0.870E-61
            -0.271E+01             0.647E-60
            -0.270E+01             0.254E-61
            -0.269E+01             0.223E-61
            -0.269E+01             0.145E-60
            -0.268E+01             0.843E-61
            -0.267E+01             0.891E-61
            -0.267E+01             0.110E-60
            -0.266E+01             0.480E-60
            -0.265E+01             0.840E-60
            -0.265E+01             0.763E-61
            -0.264E+01             0.493E-60
            -0.263E+01             0.101E-59
            -0.262E+01             0.509E-59
            -0.262E+01             0.444E-59
            -0.261E+01             0.128E-58
            -0.260E+01             0.310E-58
            -0.260E+01             0.578E-58
            -0.259E+01             0.124E-57
            -0.258E+01             0.250E-57
            -0.258E+01             0.516E-57
            -0.257E+01             0.102E-56
            -0.256E+01             0.203E-56
            -0.256E+01             0.424E-56
            -0.255E+01             0.850E-56
            -0.254E+01             0.167E-55
            -0.254E+01             0.331E-55
            -0.253E+01             0.661E-55
            -0.252E+01             0.133E-54
            -0.252E+01             0.265E-54
            -0.251E+01             0.524E-54
            -0.250E+01             0.103E-53
            -0.249E+01             0.205E-53
            -0.249E+01             0.404E-53
            -0.248E+01             0.796E-53
            -0.247E+01             0.156E-52
            -0.247E+01             0.307E-52
            -0.246E+01             0.602E-52
            -0.245E+01             0.118E-51
            -0.245E+01             0.230E-51
            -0.244E+01             0.447E-51
            -0.243E+01             0.870E-51
            -0.243E+01             0.169E-50
            -0.242E+01             0.327E-50
            -0.241E+01             0.633E-50
            -0.241E+01             0.122E-49
            -0.240E+01             0.235E-49
            -0.239E+01             0.453E-49
            -0.239E+01             0.869E-49
            -0.238E+01             0.167E-48
            -0.237E+01             0.319E-48
            -0.236E+01             0.608E-48
            -0.236E+01             0.116E-47
            -0.235E+01             0.220E-47
            -0.234E+01             0.418E-47
            -0.234E+01             0.793E-47
            -0.233E+01             0.150E-46
            -0.232E+01             0.283E-46
            -0.232E+01             0.534E-46
            -0.231E+01             0.100E-45
            -0.230E+01             0.188E-45
            -0.230E+01             0.353E-45
            -0.229E+01             0.661E-45
            -0.228E+01             0.123E-44
            -0.228E+01             0.230E-44
            -0.227E+01             0.428E-44
            -0.226E+01             0.794E-44
            -0.226E+01             0.147E-43
            -0.225E+01             0.272E-43
            -0.224E+01             0.503E-43
            -0.223E+01             0.927E-43
            -0.223E+01             0.170E-42
            -0.222E+01             0.313E-42
            -0.221E+01             0.574E-42
            -0.221E+01             0.105E-41
            -0.220E+01             0.192E-41
            -0.219E+01             0.349E-41
            -0.219E+01             0.636E-41
            -0.218E+01             0.115E-40
            -0.217E+01             0.209E-40
            -0.217E+01             0.379E-40
            -0.216E+01             0.684E-40
            -0.215E+01             0.123E-39
            -0.215E+01             0.222E-39
            -0.214E+01             0.398E-39
            -0.213E+01             0.714E-39
            -0.213E+01             0.128E-38
            -0.212E+01             0.228E-38
            -0.211E+01             0.407E-38
            -0.210E+01             0.723E-38
            -0.210E+01             0.128E-37
            -0.209E+01             0.228E-37
            -0.208E+01             0.403E-37
            -0.208E+01             0.712E-37
            -0.207E+01             0.125E-36
            -0.206E+01             0.221E-36
            -0.206E+01             0.388E-36
            -0.205E+01             0.680E-36
            -0.204E+01             0.119E-35
            -0.204E+01             0.208E-35
            -0.203E+01             0.362E-35
            -0.202E+01             0.630E-35
            -0.202E+01             0.109E-34
            -0.201E+01             0.190E-34
            -0.200E+01             0.328E-34
            -0.200E+01             0.567E-34
            -0.199E+01             0.978E-34
            -0.198E+01             0.168E-33
            -0.197E+01             0.289E-33
            -0.197E+01             0.496E-33
            -0.196E+01             0.848E-33
            -0.195E+01             0.145E-32
            -0.195E+01             0.247E-32
            -0.194E+01             0.420E-32
            -0.193E+01             0.714E-32
            -0.193E+01             0.121E-31
            -0.192E+01             0.205E-31
            -0.191E+01             0.346E-31
            -0.191E+01             0.583E-31
            -0.190E+01             0.982E-31
            -0.189E+01             0.165E-30
            -0.189E+01             0.276E-30
            -0.188E+01             0.463E-30
            -0.187E+01             0.773E-30
            -0.187E+01             0.129E-29
            -0.186E+01             0.214E-29
            -0.185E+01             0.356E-29
            -0.184E+01             0.591E-29
            -0.184E+01             0.978E-29
            -0.183E+01             0.161E-28
            -0.182E+01             0.266E-28
            -0.182E+01             0.438E-28
            -0.181E+01             0.720E-28
            -0.180E+01             0.118E-27
            -0.180E+01             0.193E-27
            -0.179E+01             0.316E-27
            -0.178E+01             0.515E-27
            -0.178E+01             0.837E-27
            -0.177E+01             0.136E-26
            -0.176E+01             0.221E-26
            -0.176E+01             0.357E-26
            -0.175E+01             0.577E-26
            -0.174E+01             0.930E-26
            -0.174E+01             0.150E-25
            -0.173E+01             0.240E-25
            -0.172E+01             0.385E-25
            -0.171E+01             0.617E-25
            -0.171E+01             0.986E-25
            -0.170E+01             0.157E-24
            -0.169E+01             0.250E-24
            -0.169E+01             0.397E-24
            -0.168E+01             0.630E-24
            -0.167E+01             0.997E-24
            -0.167E+01             0.158E-23
            -0.166E+01             0.248E-23
            -0.165E+01             0.391E-23
            -0.165E+01             0.614E-23
            -0.164E+01             0.963E-23
            -0.163E+01             0.151E-22
            -0.163E+01             0.235E-22
            -0.162E+01             0.367E-22
            -0.161E+01             0.571E-22
            -0.161E+01             0.888E-22
            -0.160E+01             0.138E-21
            -0.159E+01             0.213E-21
            -0.158E+01             0.329E-21
            -0.158E+01             0.507E-21
            -0.157E+01             0.781E-21
            -0.156E+01             0.120E-20
            -0.156E+01             0.184E-20
            -0.155E+01             0.282E-20
            -0.154E+01             0.430E-20
            -0.154E+01             0.656E-20
            -0.153E+01             0.998E-20
            -0.152E+01             0.152E-19
            -0.152E+01             0.230E-19
            -0.151E+01             0.348E-19
            -0.150E+01             0.526E-19
            -0.150E+01             0.793E-19
            -0.149E+01             0.119E-18
            -0.148E+01             0.179E-18
            -0.148E+01             0.269E-18
            -0.147E+01             0.402E-18
            -0.146E+01             0.601E-18
            -0.145E+01             0.896E-18
            -0.145E+01             0.133E-17
            -0.144E+01             0.198E-17
            -0.143E+01             0.294E-17
            -0.143E+01             0.435E-17
            -0.142E+01             0.642E-17
            -0.141E+01             0.947E-17
            -0.141E+01             0.139E-16
            -0.140E+01             0.205E-16
            -0.139E+01             0.300E-16
            -0.139E+01             0.439E-16
            -0.138E+01             0.642E-16
            -0.137E+01             0.936E-16
            -0.137E+01             0.136E-15
            -0.136E+01             0.198E-15
            -0.135E+01             0.287E-15
            -0.134E+01             0.415E-15
            -0.134E+01             0.599E-15
            -0.133E+01             0.864E-15
            -0.132E+01             0.124E-14
            -0.132E+01             0.179E-14
            -0.131E+01             0.256E-14
            -0.130E+01             0.367E-14
            -0.130E+01             0.524E-14
            -0.129E+01             0.747E-14
            -0.128E+01             0.106E-13
            -0.128E+01             0.151E-13
            -0.127E+01             0.214E-13
            -0.126E+01             0.303E-13
            -0.126E+01             0.428E-13
            -0.125E+01             0.603E-13
            -0.124E+01             0.849E-13
            -0.124E+01             0.119E-12
            -0.123E+01             0.167E-12
            -0.122E+01             0.234E-12
            -0.121E+01             0.327E-12
            -0.121E+01             0.456E-12
            -0.120E+01             0.634E-12
            -0.119E+01             0.880E-12
            -0.119E+01             0.122E-11
            -0.118E+01             0.169E-11
            -0.117E+01             0.233E-11
            -0.117E+01             0.322E-11
            -0.116E+01             0.443E-11
            -0.115E+01             0.608E-11
            -0.115E+01             0.833E-11
            -0.114E+01             0.114E-10
            -0.113E+01             0.156E-10
            -0.113E+01             0.212E-10
            -0.112E+01             0.289E-10
            -0.111E+01             0.392E-10
            -0.111E+01             0.532E-10
            -0.110E+01             0.720E-10
            -0.109E+01             0.972E-10
            -0.108E+01             0.131E-09
            -0.108E+01             0.176E-09
            -0.107E+01             0.237E-09
            -0.106E+01             0.317E-09
            -0.106E+01             0.425E-09
            -0.105E+01             0.567E-09
            -0.104E+01             0.756E-09
            -0.104E+01             0.101E-08
            -0.103E+01             0.134E-08
            -0.102E+01             0.177E-08
            -0.102E+01             0.234E-08
            -0.101E+01             0.310E-08
            -0.100E+01             0.408E-08
            -0.996E+00             0.537E-08
            -0.989E+00             0.705E-08
            -0.982E+00             0.924E-08
            -0.975E+00             0.121E-07
            -0.969E+00             0.158E-07
            -0.962E+00             0.206E-07
            -0.955E+00             0.268E-07
            -0.948E+00             0.348E-07
            -0.941E+00             0.451E-07
            -0.934E+00             0.583E-07
            -0.927E+00             0.753E-07
            -0.921E+00             0.970E-07
            -0.914E+00             0.125E-06
            -0.907E+00             0.160E-06
            -0.900E+00             0.205E-06
            -0.893E+00             0.263E-06
            -0.886E+00             0.336E-06
            -0.880E+00             0.428E-06
            -0.873E+00             0.544E-06
            -0.866E+00             0.691E-06
            -0.859E+00             0.876E-06
            -0.852E+00             0.111E-05
            -0.845E+00             0.140E-05
            -0.838E+00             0.176E-05
            -0.832E+00             0.222E-05
            -0.825E+00             0.278E-05
            -0.818E+00             0.349E-05
            -0.811E+00             0.437E-05
            -0.804E+00             0.545E-05
            -0.797E+00             0.679E-05
            -0.791E+00             0.845E-05
            -0.784E+00             0.105E-04
            -0.777E+00             0.130E-04
            -0.770E+00             0.161E-04
            -0.763E+00             0.199E-04
            -0.756E+00             0.245E-04
            -0.749E+00             0.301E-04
            -0.743E+00             0.369E-04
            -0.736E+00             0.453E-04
            -0.729E+00             0.554E-04
            -0.722E+00             0.676E-04
            -0.715E+00             0.824E-04
            -0.708E+00             0.100E-03
            -0.702E+00             0.122E-03
            -0.695E+00             0.147E-03
            -0.688E+00             0.178E-03
            -0.681E+00             0.215E-03
            -0.674E+00             0.259E-03
            -0.667E+00             0.312E-03
            -0.661E+00             0.374E-03
            -0.654E+00             0.448E-03
            -0.647E+00             0.536E-03
            -0.640E+00             0.640E-03
            -0.633E+00             0.763E-03
            -0.626E+00             0.907E-03
            -0.619E+00             0.108E-02
            -0.613E+00             0.128E-02
            -0.606E+00             0.151E-02
            -0.599E+00             0.178E-02
            -0.592E+00             0.210E-02
            -0.585E+00             0.247E-02
            -0.578E+00             0.290E-02
            -0.572E+00             0.339E-02
            -0.565E+00             0.397E-02
            -0.558E+00             0.463E-02
            -0.551E+00             0.539E-02
            -0.544E+00             0.627E-02
            -0.537E+00             0.728E-02
            -0.530E+00             0.843E-02
            -0.524E+00             0.975E-02
            -0.517E+00             0.113E-01
            -0.510E+00             0.130E-01
            -0.503E+00             0.149E-01
            -0.496E+00             0.171E-01
            -0.489E+00             0.196E-01
            -0.483E+00             0.224E-01
            -0.476E+00             0.256E-01
            -0.469E+00             0.291E-01
            -0.462E+00             0.331E-01
            -0.455E+00             0.376E-01
            -0.448E+00             0.426E-01
            -0.441E+00             0.481E-01
            -0.435E+00             0.543E-01
            -0.428E+00             0.612E-01
            -0.421E+00             0.688E-01
            -0.414E+00             0.772E-01
            -0.407E+00             0.865E-01
            -0.400E+00             0.967E-01
            -0.394E+00             0.108E+00
            -0.387E+00             0.120E+00
            -0.380E+00             0.134E+00
            -0.373E+00             0.148E+00
            -0.366E+00             0.164E+00
            -0.359E+00             0.181E+00
            -0.352E+00             0.200E+00
            -0.346E+00             0.221E+00
            -0.339E+00             0.242E+00
            -0.332E+00             0.266E+00
            -0.325E+00             0.291E+00
            -0.318E+00             0.318E+00
            -0.311E+00             0.347E+00
            -0.305E+00             0.378E+00
            -0.298E+00             0.411E+00
            -0.291E+00             0.446E+00
            -0.284E+00             0.483E+00
            -0.277E+00             0.522E+00
            -0.270E+00             0.563E+00
            -0.264E+00             0.607E+00
            -0.257E+00             0.652E+00
            -0.250E+00             0.700E+00
            -0.243E+00             0.749E+00
            -0.236E+00             0.801E+00
            -0.229E+00             0.854E+00
            -0.222E+00             0.909E+00
            -0.216E+00             0.967E+00
            -0.209E+00             0.103E+01
            -0.202E+00             0.109E+01
            -0.195E+00             0.115E+01
            -0.188E+00             0.121E+01
            -0.181E+00             0.127E+01
            -0.175E+00             0.134E+01
            -0.168E+00             0.140E+01
            -0.161E+00             0.147E+01
            -0.154E+00             0.154E+01
            -0.147E+00             0.160E+01
            -0.140E+00             0.167E+01
            -0.133E+00             0.173E+01
            -0.127E+00             0.180E+01
            -0.120E+00             0.186E+01
            -0.113E+00             0.192E+01
            -0.106E+00             0.199E+01
            -0.992E-01             0.204E+01
            -0.924E-01             0.210E+01
            -0.856E-01             0.215E+01
            -0.787E-01             0.220E+01
            -0.719E-01             0.225E+01
            -0.650E-01             0.230E+01
            -0.582E-01             0.234E+01
            -0.513E-01             0.238E+01
            -0.445E-01             0.241E+01
            -0.376E-01             0.244E+01
            -0.308E-01             0.246E+01
            -0.240E-01             0.249E+01
            -0.171E-01             0.250E+01
            -0.103E-01             0.251E+01
            -0.342E-02             0.252E+01
             0.342E-02             0.252E+01
             0.103E-01             0.252E+01
             0.171E-01             0.251E+01
             0.240E-01             0.250E+01
             0.308E-01             0.249E+01
             0.376E-01             0.246E+01
             0.445E-01             0.244E+01
             0.513E-01             0.241E+01
             0.582E-01             0.238E+01
             0.650E-01             0.234E+01
             0.719E-01             0.230E+01
             0.787E-01             0.225E+01
             0.856E-01             0.220E+01
             0.924E-01             0.215E+01
             0.992E-01             0.210E+01
             0.106E+00             0.204E+01
             0.113E+00             0.199E+01
             0.120E+00             0.192E+01
             0.127E+00             0.186E+01
             0.133E+00             0.180E+01
             0.140E+00             0.173E+01
             0.147E+00             0.167E+01
             0.154E+00             0.160E+01
             0.161E+00             0.154E+01
             0.168E+00             0.147E+01
             0.175E+00             0.140E+01
             0.181E+00             0.134E+01
             0.188E+00             0.127E+01
             0.195E+00             0.121E+01
             0.202E+00             0.115E+01
             0.209E+00             0.109E+01
             0.216E+00             0.103E+01
             0.222E+00             0.967E+00
             0.229E+00             0.909E+00
             0.236E+00             0.854E+00
             0.243E+00             0.801E+00
             0.250E+00             0.749E+00
             0.257E+00             0.700E+00
             0.264E+00             0.652E+00
             0.270E+00             0.607E+00
             0.277E+00             0.563E+00
             0.284E+00             0.522E+00
             0.291E+00             0.483E+00
             0.298E+00             0.446E+00
             0.305E+00             0.411E+00
             0.311E+00             0.378E+00
             0.318E+00             0.347E+00
             0.325E+00             0.318E+00
             0.332E+00             0.291E+00
             0.339E+00             0.266E+00
             0.346E+00             0.242E+00
             0.352E+00             0.221E+00
             0.359E+00             0.200E+00
             0.366E+00             0.181E+00
             0.373E+00             0.164E+00
             0.380E+00             0.148E+00
             0.387E+00             0.134E+00
             0.394E+00             0.120E+00
             0.400E+00             0.108E+00
             0.407E+00             0.967E-01
             0.414E+00             0.865E-01
             0.421E+00             0.772E-01
             0.428E+00             0.688E-01
             0.435E+00             0.612E-01
             0.441E+00             0.543E-01
             0.448E+00             0.481E-01
             0.455E+00             0.426E-01
             0.462E+00             0.376E-01
             0.469E+00             0.331E-01
             0.476E+00             0.291E-01
             0.483E+00             0.256E-01
             0.489E+00             0.224E-01
             0.496E+00             0.196E-01
             0.503E+00             0.171E-01
             0.510E+00             0.149E-01
             0.517E+00             0.130E-01
             0.524E+00             0.113E-01
             0.530E+00             0.975E-02
             0.537E+00             0.843E-02
             0.544E+00             0.728E-02
             0.551E+00             0.627E-02
             0.558E+00             0.539E-02
             0.565E+00             0.463E-02
             0.572E+00             0.397E-02
             0.578E+00             0.339E-02
             0.585E+00             0.290E-02
             0.592E+00             0.247E-02
             0.599E+00             0.210E-02
             0.606E+00             0.178E-02
             0.613E+00             0.151E-02
             0.619E+00             0.128E-02
             0.626E+00             0.108E-02
             0.633E+00             0.907E-03
             0.640E+00             0.763E-03
             0.647E+00             0.640E-03
             0.654E+00             0.536E-03
             0.661E+00             0.448E-03
             0.667E+00             0.374E-03
             0.674E+00             0.312E-03
             0.681E+00             0.259E-03
             0.688E+00             0.215E-03
             0.695E+00             0.178E-03
             0.702E+00             0.147E-03
             0.708E+00             0.122E-03
             0.715E+00             0.100E-03
             0.722E+00             0.824E-04
             0.729E+00             0.676E-04
             0.736E+00             0.554E-04
             0.743E+00             0.453E-04
             0.749E+00             0.369E-04
             0.756E+00             0.301E-04
             0.763E+00             0.245E-04
             0.770E+00             0.199E-04
             0.777E+00             0.161E-04
             0.784E+00             0.130E-04
             0.791E+00             0.105E-04
             0.797E+00             0.845E-05
             0.804E+00             0.679E-05
             0.811E+00             0.545E-05
             0.818E+00             0.437E-05
             0.825E+00             0.349E-05
             0.832E+00             0.278E-05
             0.838E+00             0.222E-05
             0.845E+00             0.176E-05
             0.852E+00             0.140E-05
             0.859E+00             0.111E-05
             0.866E+00             0.876E-06
             0.873E+00             0.691E-06
             0.880E+00             0.544E-06
             0.886E+00             0.428E-06
             0.893E+00             0.336E-06
             0.900E+00             0.263E-06
             0.907E+00             0.205E-06
             0.914E+00             0.160E-06
             0.921E+00             0.125E-06
             0.927E+00             0.970E-07
             0.934E+00             0.753E-07
             0.941E+00             0.583E-07
             0.948E+00             0.451E-07
             0.955E+00             0.348E-07
             0.962E+00             0.268E-07
             0.969E+00             0.206E-07
             0.975E+00             0.158E-07
             0.982E+00             0.121E-07
             0.989E+00             0.924E-08
             0.996E+00             0.705E-08
             0.100E+01             0.537E-08
             0.101E+01             0.408E-08
             0.102E+01             0.310E-08
             0.102E+01             0.234E-08
             0.103E+01             0.177E-08
             0.104E+01             0.134E-08
             0.104E+01             0.101E-08
             0.105E+01             0.756E-09
             0.106E+01             0.567E-09
             0.106E+01             0.425E-09
             0.107E+01             0.317E-09
             0.108E+01             0.237E-09
             0.108E+01             0.176E-09
             0.109E+01             0.131E-09
             0.110E+01             0.972E-10
             0.111E+01             0.720E-10
             0.111E+01             0.532E-10
             0.112E+01             0.392E-10
             0.113E+01             0.289E-10
             0.113E+01             0.212E-10
             0.114E+01             0.156E-10
             0.115E+01             0.114E-10
             0.115E+01             0.833E-11
             0.116E+01             0.608E-11
             0.117E+01             0.443E-11
             0.117E+01             0.322E-11
             0.118E+01             0.233E-11
             0.119E+01             0.169E-11
             0.119E+01             0.122E-11
             0.120E+01             0.880E-12
             0.121E+01             0.634E-12
             0.121E+01             0.456E-12
             0.122E+01             0.327E-12
             0.123E+01             0.234E-12
             0.124E+01             0.167E-12
             0.124E+01             0.119E-12
             0.125E+01             0.849E-13
             0.126E+01             0.603E-13
             0.126E+01             0.428E-13
             0.127E+01             0.303E-13
             0.128E+01             0.214E-13
             0.128E+01             0.151E-13
             0.129E+01             0.106E-13
             0.130E+01             0.747E-14
             0.130E+01             0.524E-14
             0.131E+01             0.367E-14
             0.132E+01             0.256E-14
             0.132E+01             0.179E-14
             0.133E+01             0.124E-14
             0.134E+01             0.864E-15
             0.134E+01             0.599E-15
             0.135E+01             0.415E-15
             0.136E+01             0.287E-15
             0.137E+01             0.198E-15
             0.137E+01             0.136E-15
             0.138E+01             0.936E-16
             0.139E+01             0.642E-16
             0.139E+01             0.439E-16
             0.140E+01             0.300E-16
             0.141E+01             0.205E-16
             0.141E+01             0.139E-16
             0.142E+01             0.947E-17
             0.143E+01             0.642E-17
             0.143E+01             0.435E-17
             0.144E+01             0.294E-17
             0.145E+01             0.198E-17
             0.145E+01             0.133E-17
             0.146E+01             0.896E-18
             0.147E+01             0.601E-18
             0.148E+01             0.402E-18
             0.148E+01             0.269E-18
             0.149E+01             0.179E-18
             0.150E+01             0.119E-18
             0.150E+01             0.793E-19
             0.151E+01             0.526E-19
             0.152E+01             0.348E-19
             0.152E+01             0.230E-19
             0.153E+01             0.152E-19
             0.154E+01             0.998E-20
             0.154E+01             0.656E-20
             0.155E+01             0.430E-20
             0.156E+01             0.282E-20
             0.156E+01             0.184E-20
             0.157E+01             0.120E-20
             0.158E+01             0.781E-21
             0.158E+01             0.508E-21
             0.159E+01             0.329E-21
             0.160E+01             0.213E-21
             0.161E+01             0.138E-21
             0.161E+01             0.887E-22
             0.162E+01             0.571E-22
             0.163E+01             0.367E-22
             0.163E+01             0.236E-22
             0.164E+01             0.150E-22
             0.165E+01             0.957E-23
             0.165E+01             0.613E-23
             0.166E+01             0.391E-23
             0.167E+01             0.248E-23
             0.167E+01             0.156E-23
             0.168E+01             0.988E-24
             0.169E+01             0.628E-24
             0.169E+01             0.390E-24
             0.170E+01             0.244E-24
             0.171E+01             0.155E-24
             0.171E+01             0.102E-24
             0.172E+01             0.634E-25
             0.173E+01             0.394E-25
             0.174E+01             0.253E-25
             0.174E+01             0.158E-25
             0.175E+01             0.103E-25
             0.176E+01             0.594E-26
             0.176E+01             0.482E-26
             0.177E+01             0.300E-26
             0.178E+01             0.189E-26
             0.178E+01             0.106E-26
             0.179E+01             0.347E-27
             0.180E+01             0.137E-27
             0.180E+01             0.489E-28
             0.181E+01             0.502E-30
             0.182E+01             0.193E-28
             0.182E+01             0.280E-29
             0.183E+01             0.437E-30
             0.184E+01             0.628E-29
             0.184E+01             0.185E-29
             0.185E+01             0.727E-29
             0.186E+01             0.509E-30
             0.187E+01             0.614E-28
             0.187E+01             0.140E-28
             0.188E+01             0.301E-28
             0.189E+01             0.412E-31
             0.189E+01             0.148E-28
             0.190E+01             0.366E-28
             0.191E+01             0.118E-28
             0.191E+01             0.137E-28
             0.192E+01             0.350E-28
             0.193E+01             0.165E-28
             0.193E+01             0.771E-30
             0.194E+01             0.562E-29
             0.195E+01             0.982E-29
             0.195E+01             0.445E-29
             0.196E+01             0.774E-28
             0.197E+01             0.562E-28
             0.197E+01             0.688E-28
             0.198E+01             0.189E-28
             0.199E+01             0.855E-31
             0.200E+01             0.382E-30
             0.200E+01             0.344E-31
             0.201E+01             0.897E-29
             0.202E+01             0.198E-29
             0.202E+01             0.204E-28
             0.203E+01             0.241E-29
             0.204E+01             0.347E-28
             0.204E+01             0.740E-29
             0.205E+01             0.516E-30
             0.206E+01             0.212E-29
             0.206E+01             0.567E-29
             0.207E+01             0.177E-29
             0.208E+01             0.568E-29
             0.208E+01             0.217E-28
             0.209E+01             0.652E-28
             0.210E+01             0.786E-29
             0.210E+01             0.362E-28
             0.211E+01             0.373E-29
             0.212E+01             0.516E-31
             0.213E+01             0.281E-30
             0.213E+01             0.474E-28
             0.214E+01             0.500E-28
             0.215E+01             0.955E-31
             0.215E+01             0.209E-28
             0.216E+01             0.395E-29
             0.217E+01             0.407E-28
             0.217E+01             0.174E-29
             0.218E+01             0.200E-28
             0.219E+01             0.194E-29
             0.219E+01             0.123E-28
             0.220E+01             0.399E-30
             0.221E+01             0.271E-29
             0.221E+01             0.333E-28
             0.222E+01             0.478E-29
             0.223E+01             0.115E-28
             0.223E+01             0.454E-30
             0.224E+01             0.283E-29
             0.225E+01             0.147E-29
             0.226E+01             0.701E-32
             0.226E+01             0.306E-28
             0.227E+01             0.516E-28
             0.228E+01             0.350E-29
             0.228E+01             0.426E-31
             0.229E+01             0.500E-29
             0.230E+01             0.232E-29
             0.230E+01             0.360E-28
             0.231E+01             0.391E-29
             0.232E+01             0.842E-30
             0.232E+01             0.110E-29
             0.233E+01             0.340E-31
             0.234E+01             0.215E-28
             0.234E+01             0.402E-28
             0.235E+01             0.656E-29
             0.236E+01             0.434E-32
             0.236E+01             0.113E-28
             0.237E+01             0.220E-30
             0.238E+01             0.156E-28
             0.239E+01             0.269E-29
             0.239E+01             0.309E-30
             0.240E+01             0.666E-30
             0.241E+01             0.833E-29
             0.241E+01             0.136E-28
             0.242E+01             0.147E-31
             0.243E+01             0.324E-29
             0.243E+01             0.615E-30
             0.244E+01             0.160E-29
             0.245E+01             0.864E-31
             0.245E+01             0.390E-30
             0.246E+01             0.354E-29
             0.247E+01             0.379E-29
             0.247E+01             0.310E-30
             0.248E+01             0.231E-28
             0.249E+01             0.374E-29
             0.249E+01             0.433E-29
             0.250E+01             0.320E-29
             0.251E+01             0.781E-29
             0.252E+01             0.158E-28
             0.252E+01             0.201E-28
             0.253E+01             0.715E-29
             0.254E+01             0.340E-29
             0.254E+01             0.578E-29
             0.255E+01             0.156E-30
             0.256E+01             0.321E-30
             0.256E+01             0.101E-28
             0.257E+01             0.738E-30
             0.258E+01             0.133E-28
             0.258E+01             0.714E-29
             0.259E+01             0.323E-30
             0.260E+01             0.211E-28
             0.260E+01             0.180E-28
             0.261E+01             0.660E-30
             0.262E+01             0.460E-31
             0.262E+01             0.108E-30
             0.263E+01             0.139E-29
             0.264E+01             0.447E-29
             0.265E+01             0.133E-29
             0.265E+01             0.707E-29
             0.266E+01             0.193E-29
             0.267E+01             0.399E-30
             0.267E+01             0.660E-29
             0.268E+01             0.928E-29
             0.269E+01             0.417E-28
             0.269E+01             0.128E-30
             0.270E+01             0.306E-29
             0.271E+01             0.254E-29
             0.271E+01             0.108E-28
             0.272E+01             0.384E-29
             0.273E+01             0.415E-29
             0.273E+01             0.642E-29
             0.274E+01             0.976E-30
             0.275E+01             0.821E-31
             0.275E+01             0.477E-30
             0.276E+01             0.693E-32
             0.277E+01             0.712E-29
             0.278E+01             0.296E-29
             0.278E+01             0.211E-29
             0.279E+01             0.122E-28
             0.280E+01             0.572E-29
             0.280E+01             0.384E-29
             0.281E+01             0.706E-30
             0.282E+01             0.333E-31
             0.282E+01             0.548E-31
             0.283E+01             0.177E-28
             0.284E+01             0.121E-28
             0.284E+01             0.112E-28
             0.285E+01             0.584E-30
             0.286E+01             0.241E-31
             0.286E+01             0.482E-29
             0.287E+01             0.467E-29
             0.288E+01             0.579E-29
             0.289E+01             0.136E-28
             0.289E+01             0.310E-29
             0.290E+01             0.105E-29
             0.291E+01             0.583E-29
             0.291E+01             0.113E-28
             0.292E+01             0.317E-29
             0.293E+01             0.965E-29
             0.293E+01             0.216E-29
             0.294E+01             0.140E-30
             0.295E+01             0.752E-30
             0.295E+01             0.600E-29
             0.296E+01             0.365E-29
             0.297E+01             0.115E-29
             0.297E+01             0.352E-29
             0.298E+01             0.209E-29
             0.299E+01             0.821E-30
             0.299E+01             0.108E-28
             0.300E+01             0.103E-29
             0.301E+01             0.881E-30
             0.302E+01             0.252E-29
             0.302E+01             0.208E-29
             0.303E+01             0.106E-29
             0.304E+01             0.239E-31
             0.304E+01             0.334E-30
             0.305E+01             0.969E-29
             0.306E+01             0.388E-30
             0.306E+01             0.300E-29
             0.307E+01             0.254E-29
             0.308E+01             0.760E-29
             0.308E+01             0.347E-30
             0.309E+01             0.535E-29
             0.310E+01             0.812E-29
             0.310E+01             0.512E-29
             0.311E+01             0.142E-28
             0.312E+01             0.123E-31
             0.312E+01             0.357E-30
             0.313E+01             0.143E-30
             0.314E+01             0.434E-30
             0.315E+01             0.525E-29
             0.315E+01             0.259E-28
             0.316E+01             0.155E-29
             0.317E+01             0.366E-30
             0.317E+01             0.115E-29
             0.318E+01             0.127E-29
             0.319E+01             0.286E-29
             0.319E+01             0.366E-28
             0.320E+01             0.191E-31
             0.321E+01             0.437E-29
             0.321E+01             0.223E-29
             0.322E+01             0.945E-30
             0.323E+01             0.523E-29
             0.323E+01             0.160E-30
             0.324E+01             0.426E-29
             0.325E+01             0.512E-29
             0.325E+01             0.798E-30
             0.326E+01             0.438E-30
             0.327E+01             0.168E-30
             0.328E+01             0.225E-30
             0.328E+01             0.147E-29
             0.329E+01             0.456E-33
             0.330E+01             0.656E-29
             0.330E+01             0.494E-29
             0.331E+01             0.181E-29
             0.332E+01             0.219E-29
             0.332E+01             0.383E-31
             0.333E+01             0.901E-31
             0.334E+01             0.355E-30
             0.334E+01             0.215E-30
             0.335E+01             0.176E-30
             0.336E+01             0.370E-29
             0.336E+01             0.591E-29
             0.337E+01             0.765E-33
             0.338E+01             0.132E-29
             0.338E+01             0.239E-29
             0.339E+01             0.141E-31
             0.340E+01             0.691E-29
             0.341E+01             0.837E-29
             0.341E+01             0.470E-29
             0.342E+01             0.231E-28
             0.343E+01             0.257E-30
             0.343E+01             0.502E-32
             0.344E+01             0.431E-29
             0.345E+01             0.435E-29
             0.345E+01             0.183E-28
             0.346E+01             0.236E-28
             0.347E+01             0.717E-29
             0.347E+01             0.254E-29
             0.348E+01             0.472E-29
             0.349E+01             0.704E-30
             0.349E+01             0.614E-30
             0.350E+01             0.348E-29
             0.351E+01             0.241E-29
             0.351E+01             0.252E-30
             0.352E+01             0.426E-30
             0.353E+01             0.365E-32
             0.354E+01             0.130E-29
             0.354E+01             0.546E-29
             0.355E+01             0.349E-30
             0.356E+01             0.763E-30
             0.356E+01             0.332E-30
             0.357E+01             0.176E-28
             0.358E+01             0.920E-30
             0.358E+01             0.184E-29
             0.359E+01             0.154E-28
             0.360E+01             0.504E-29
             0.360E+01             0.126E-28
             0.361E+01             0.121E-30
             0.362E+01             0.673E-29
             0.362E+01             0.622E-30
             0.363E+01             0.709E-31
             0.364E+01             0.201E-29
             0.364E+01             0.156E-28
             0.365E+01             0.976E-29
             0.366E+01             0.388E-29
             0.367E+01             0.131E-28
             0.367E+01             0.682E-29
             0.368E+01             0.137E-28
             0.369E+01             0.823E-29
             0.369E+01             0.919E-29
             0.370E+01             0.379E-31
             0.371E+01             0.172E-30
             0.371E+01             0.225E-30
             0.372E+01             0.554E-29
             0.373E+01             0.317E-29
             0.373E+01             0.179E-29
             0.374E+01             0.153E-28
             0.375E+01             0.381E-28
             0.375E+01             0.473E-31
             0.376E+01             0.459E-30
             0.377E+01             0.134E-29
             0.377E+01             0.403E-32
             0.378E+01             0.651E-30
             0.379E+01             0.613E-30
             0.380E+01             0.808E-30
             0.380E+01             0.711E-32
             0.381E+01             0.190E-28
             0.382E+01             0.236E-31
             0.382E+01             0.303E-30
             0.383E+01             0.222E-30
             0.384E+01             0.399E-29
             0.384E+01             0.612E-29
             0.385E+01             0.452E-29
             0.386E+01             0.374E-36
             0.386E+01             0.153E-28
             0.387E+01             0.659E-30
             0.388E+01             0.764E-29
             0.388E+01             0.168E-28
             0.389E+01             0.715E-29
             0.390E+01             0.781E-29
             0.390E+01             0.125E-28
             0.391E+01             0.363E-29
             0.392E+01             0.385E-29
             0.393E+01             0.445E-32
             0.393E+01             0.223E-31
             0.394E+01             0.102E-29
             0.395E+01             0.723E-29
             0.395E+01             0.765E-31
             0.396E+01             0.295E-29
             0.397E+01             0.353E-29
             0.397E+01             0.950E-30
             0.398E+01             0.136E-28
             0.399E+01             0.337E-31
             0.399E+01             0.509E-30
             0.400E+01             0.132E-28
             0.401E+01             0.113E-29
             0.401E+01             0.502E-29
             0.402E+01             0.910E-30
             0.403E+01             0.344E-30
             0.403E+01             0.156E-28
             0.404E+01             0.239E-30
             0.405E+01             0.515E-29
             0.406E+01             0.145E-29
             0.406E+01             0.588E-29
             0.407E+01             0.181E-29
             0.408E+01             0.395E-29
             0.408E+01             0.296E-29
             0.409E+01             0.143E-29
             0.410E+01             0.244E-30
             0.410E+01             0.604E-29
             0.411E+01             0.407E-29
             0.412E+01             0.468E-30
             0.412E+01             0.170E-29
             0.413E+01             0.100E-29
             0.414E+01             0.114E-28
             0.414E+01             0.252E-29
             0.415E+01             0.333E-30
             0.416E+01             0.467E-30
             0.416E+01             0.180E-28
             0.417E+01             0.128E-29
             0.418E+01             0.148E-28
             0.419E+01             0.140E-28
             0.419E+01             0.520E-29
             0.420E+01             0.203E-29
             0.421E+01             0.196E-29
             0.421E+01             0.101E-28
             0.422E+01             0.167E-29
             0.423E+01             0.814E-30
             0.423E+01             0.370E-30
             0.424E+01             0.233E-29
             0.425E+01             0.492E-29
             0.425E+01             0.109E-29
             0.426E+01             0.316E-30
             0.427E+01             0.485E-30
             0.427E+01             0.840E-29
             0.428E+01             0.320E-30
             0.429E+01             0.258E-32
             0.430E+01             0.628E-31
             0.430E+01             0.764E-29
             0.431E+01             0.389E-29
             0.432E+01             0.131E-31
             0.432E+01             0.839E-32
             0.433E+01             0.137E-29
             0.434E+01             0.133E-28
             0.434E+01             0.268E-30
             0.435E+01             0.688E-30
             0.436E+01             0.815E-29
             0.436E+01             0.519E-29
             0.437E+01             0.182E-31
             0.438E+01             0.429E-29
             0.438E+01             0.848E-30
             0.439E+01             0.334E-31
             0.440E+01             0.222E-29
             0.440E+01             0.102E-28
             0.441E+01             0.509E-29
             0.442E+01             0.407E-30
             0.443E+01             0.112E-28
             0.443E+01             0.303E-31
             0.444E+01             0.180E-29
             0.445E+01             0.271E-29
             0.445E+01             0.449E-29
             0.446E+01             0.127E-31
             0.447E+01             0.302E-29
             0.447E+01             0.494E-29
             0.448E+01             0.214E-30
             0.449E+01             0.734E-31
             0.449E+01             0.187E-29
             0.450E+01             0.904E-29
             0.451E+01             0.144E-30
             0.451E+01             0.121E-29
             0.452E+01             0.126E-31
             0.453E+01             0.310E-29
             0.453E+01             0.351E-29
             0.454E+01             0.175E-30
             0.455E+01             0.192E-30
             0.456E+01             0.365E-29
             0.456E+01             0.304E-31
             0.457E+01             0.536E-32
             0.458E+01             0.378E-30
             0.458E+01             0.142E-29
             0.459E+01             0.894E-30
             0.460E+01             0.293E-30
             0.460E+01             0.700E-30
             0.461E+01             0.622E-30
             0.462E+01             0.161E-28
             0.462E+01             0.456E-31
             0.463E+01             0.403E-29
             0.464E+01             0.462E-31
             0.464E+01             0.629E-32
             0.465E+01             0.791E-29
             0.466E+01             0.334E-29
             0.466E+01             0.379E-30
             0.467E+01             0.941E-30
             0.468E+01             0.126E-29
             0.469E+01             0.199E-29
             0.469E+01             0.590E-29
             0.470E+01             0.216E-29
             0.471E+01             0.759E-29
             0.471E+01             0.242E-30
             0.472E+01             0.224E-30
             0.473E+01             0.173E-30
             0.473E+01             0.269E-29
             0.474E+01             0.440E-29
             0.475E+01             0.268E-29
             0.475E+01             0.115E-28
             0.476E+01             0.674E-29
             0.477E+01             0.128E-29
             0.477E+01             0.276E-29
             0.478E+01             0.268E-30
             0.479E+01             0.233E-32
             0.479E+01             0.335E-29
             0.480E+01             0.159E-28
             0.481E+01             0.123E-28
             0.482E+01             0.594E-30
             0.482E+01             0.270E-29
             0.483E+01             0.399E-31
             0.484E+01             0.112E-30
             0.484E+01             0.173E-29
             0.485E+01             0.800E-30
             0.486E+01             0.163E-28
             0.486E+01             0.305E-29
             0.487E+01             0.203E-31
             0.488E+01             0.298E-32
             0.488E+01             0.125E-31
             0.489E+01             0.203E-29
             0.490E+01             0.502E-30
             0.490E+01             0.705E-30
             0.491E+01             0.122E-28
             0.492E+01             0.285E-29
             0.492E+01             0.209E-29
             0.493E+01             0.439E-31
             0.494E+01             0.542E-32
             0.495E+01             0.818E-29
             0.495E+01             0.600E-29
             0.496E+01             0.140E-30
             0.497E+01             0.467E-29
             0.497E+01             0.193E-30
             0.498E+01             0.391E-29
             0.499E+01             0.120E-29
             0.499E+01             0.251E-30
             0.500E+01             0.384E-30
