            -0.997E+01             0.000E+00
            -0.995E+01             0.000E+00
            -0.992E+01             0.000E+00
            -0.989E+01             0.000E+00
            -0.987E+01             0.000E+00
            -0.984E+01             0.000E+00
            -0.982E+01             0.000E+00
            -0.979E+01             0.000E+00
            -0.976E+01             0.000E+00
            -0.974E+01             0.000E+00
            -0.971E+01             0.000E+00
            -0.968E+01             0.000E+00
            -0.966E+01             0.000E+00
            -0.963E+01             0.000E+00
            -0.961E+01             0.000E+00
            -0.958E+01             0.000E+00
            -0.955E+01             0.000E+00
            -0.953E+01             0.000E+00
            -0.950E+01             0.000E+00
            -0.947E+01             0.000E+00
            -0.945E+01             0.000E+00
            -0.942E+01             0.000E+00
            -0.940E+01             0.000E+00
            -0.937E+01             0.000E+00
            -0.934E+01             0.000E+00
            -0.932E+01             0.000E+00
            -0.929E+01             0.000E+00
            -0.926E+01             0.000E+00
            -0.924E+01             0.000E+00
            -0.921E+01             0.000E+00
            -0.919E+01             0.000E+00
            -0.916E+01             0.000E+00
            -0.913E+01             0.000E+00
            -0.911E+01             0.000E+00
            -0.908E+01             0.000E+00
            -0.905E+01             0.000E+00
            -0.903E+01             0.000E+00
            -0.900E+01             0.000E+00
            -0.898E+01             0.000E+00
            -0.895E+01             0.000E+00
            -0.892E+01             0.000E+00
            -0.890E+01             0.000E+00
            -0.887E+01             0.000E+00
            -0.884E+01             0.000E+00
            -0.882E+01             0.000E+00
            -0.879E+01             0.000E+00
            -0.876E+01             0.000E+00
            -0.874E+01             0.000E+00
            -0.871E+01             0.000E+00
            -0.869E+01             0.000E+00
            -0.866E+01             0.000E+00
            -0.863E+01             0.000E+00
            -0.861E+01             0.000E+00
            -0.858E+01             0.000E+00
            -0.855E+01             0.000E+00
            -0.853E+01             0.000E+00
            -0.850E+01             0.000E+00
            -0.848E+01             0.000E+00
            -0.845E+01             0.000E+00
            -0.842E+01             0.000E+00
            -0.840E+01             0.000E+00
            -0.837E+01             0.000E+00
            -0.834E+01             0.000E+00
            -0.832E+01             0.000E+00
            -0.829E+01             0.000E+00
            -0.827E+01             0.000E+00
            -0.824E+01             0.000E+00
            -0.821E+01             0.000E+00
            -0.819E+01             0.000E+00
            -0.816E+01             0.000E+00
            -0.813E+01             0.000E+00
            -0.811E+01             0.000E+00
            -0.808E+01             0.000E+00
            -0.806E+01             0.000E+00
            -0.803E+01             0.000E+00
            -0.800E+01             0.000E+00
            -0.798E+01             0.000E+00
            -0.795E+01             0.000E+00
            -0.792E+01             0.000E+00
            -0.790E+01             0.000E+00
            -0.787E+01             0.000E+00
            -0.784E+01             0.000E+00
            -0.782E+01             0.000E+00
            -0.779E+01             0.000E+00
            -0.777E+01             0.000E+00
            -0.774E+01             0.000E+00
            -0.771E+01             0.000E+00
            -0.769E+01             0.000E+00
            -0.766E+01             0.000E+00
            -0.763E+01             0.000E+00
            -0.761E+01             0.000E+00
            -0.758E+01             0.000E+00
            -0.756E+01             0.000E+00
            -0.753E+01             0.000E+00
            -0.750E+01             0.000E+00
            -0.748E+01             0.000E+00
            -0.745E+01             0.000E+00
            -0.742E+01             0.000E+00
            -0.740E+01             0.000E+00
            -0.737E+01             0.000E+00
            -0.735E+01             0.000E+00
            -0.732E+01             0.000E+00
            -0.729E+01             0.000E+00
            -0.727E+01             0.190-319
            -0.724E+01             0.114-318
            -0.721E+01             0.108-315
            -0.719E+01             0.269-314
            -0.716E+01             0.245-310
            -0.714E+01             0.478-310
            -0.711E+01             0.228-305
            -0.708E+01             0.214-304
            -0.706E+01             0.528-304
            -0.703E+01             0.263-299
            -0.700E+01             0.873-296
            -0.698E+01             0.169-294
            -0.695E+01             0.193-292
            -0.693E+01             0.951-291
            -0.690E+01             0.123-288
            -0.687E+01             0.560-286
            -0.685E+01             0.659-285
            -0.682E+01             0.240-281
            -0.679E+01             0.209-280
            -0.677E+01             0.366-276
            -0.674E+01             0.168-273
            -0.671E+01             0.816-272
            -0.669E+01             0.206-271
            -0.666E+01             0.113-267
            -0.664E+01             0.153-265
            -0.661E+01             0.141-266
            -0.658E+01             0.122-263
            -0.656E+01             0.251-259
            -0.653E+01             0.618-260
            -0.650E+01             0.585-256
            -0.648E+01             0.151-255
            -0.645E+01             0.178-251
            -0.643E+01             0.314-251
            -0.640E+01             0.572-248
            -0.637E+01             0.153-244
            -0.635E+01             0.826-243
            -0.632E+01             0.281-241
            -0.629E+01             0.879-240
            -0.627E+01             0.574-240
            -0.624E+01             0.408-236
            -0.622E+01             0.238-233
            -0.619E+01             0.110-231
            -0.616E+01             0.300-227
            -0.614E+01             0.620-227
            -0.611E+01             0.605-226
            -0.608E+01             0.193-223
            -0.606E+01             0.504-222
            -0.603E+01             0.207-218
            -0.601E+01             0.702-217
            -0.598E+01             0.479-214
            -0.595E+01             0.630-212
            -0.593E+01             0.877-212
            -0.590E+01             0.297-209
            -0.587E+01             0.923-207
            -0.585E+01             0.199-205
            -0.582E+01             0.443-204
            -0.580E+01             0.352-206
            -0.577E+01             0.177-203
            -0.574E+01             0.173-197
            -0.572E+01             0.345-196
            -0.569E+01             0.112-196
            -0.566E+01             0.174-191
            -0.564E+01             0.299-191
            -0.561E+01             0.101-189
            -0.558E+01             0.292-186
            -0.556E+01             0.454-185
            -0.553E+01             0.597-182
            -0.551E+01             0.138-181
            -0.548E+01             0.332-181
            -0.545E+01             0.846-180
            -0.543E+01             0.762-175
            -0.540E+01             0.272-174
            -0.537E+01             0.623-172
            -0.535E+01             0.447-172
            -0.532E+01             0.754-169
            -0.530E+01             0.119-166
            -0.527E+01             0.195-165
            -0.524E+01             0.615-163
            -0.522E+01             0.157-161
            -0.519E+01             0.123-162
            -0.516E+01             0.679-159
            -0.514E+01             0.380-158
            -0.511E+01             0.325-155
            -0.509E+01             0.294-153
            -0.506E+01             0.702-151
            -0.503E+01             0.388-149
            -0.501E+01             0.379-148
            -0.498E+01             0.624-148
            -0.495E+01             0.303-145
            -0.493E+01             0.173-149
            -0.490E+01             0.275-142
            -0.488E+01             0.848-140
            -0.485E+01             0.428-138
            -0.482E+01             0.281-137
            -0.480E+01             0.136-135
            -0.477E+01             0.272-132
            -0.474E+01             0.271-132
            -0.472E+01             0.110-131
            -0.469E+01             0.878-131
            -0.466E+01             0.395-129
            -0.464E+01             0.603-126
            -0.461E+01             0.656-126
            -0.459E+01             0.881-123
            -0.456E+01             0.411-122
            -0.453E+01             0.696-120
            -0.451E+01             0.124-119
            -0.448E+01             0.109-118
            -0.445E+01             0.480-115
            -0.443E+01             0.248-114
            -0.440E+01             0.109-112
            -0.438E+01             0.309-112
            -0.435E+01             0.139-111
            -0.432E+01             0.642-110
            -0.430E+01             0.126-107
            -0.427E+01             0.609-109
            -0.424E+01             0.291-105
            -0.422E+01             0.283-102
            -0.419E+01             0.120-101
            -0.417E+01             0.156-102
            -0.414E+01             0.630-100
            -0.411E+01             0.153-100
            -0.409E+01             0.264E-96
            -0.406E+01             0.624E-97
            -0.403E+01             0.329E-94
            -0.401E+01             0.134E-94
            -0.398E+01             0.263E-92
            -0.396E+01             0.211E-90
            -0.393E+01             0.116E-90
            -0.390E+01             0.295E-89
            -0.388E+01             0.103E-88
            -0.385E+01             0.708E-88
            -0.382E+01             0.275E-86
            -0.380E+01             0.188E-83
            -0.377E+01             0.346E-84
            -0.375E+01             0.534E-84
            -0.372E+01             0.334E-81
            -0.369E+01             0.187E-81
            -0.367E+01             0.220E-78
            -0.364E+01             0.148E-78
            -0.361E+01             0.552E-78
            -0.359E+01             0.156E-75
            -0.356E+01             0.212E-75
            -0.353E+01             0.178E-74
            -0.351E+01             0.324E-73
            -0.348E+01             0.588E-72
            -0.346E+01             0.646E-75
            -0.343E+01             0.196E-71
            -0.340E+01             0.410E-70
            -0.338E+01             0.320E-71
            -0.335E+01             0.926E-70
            -0.332E+01             0.381E-69
            -0.330E+01             0.444E-67
            -0.327E+01             0.351E-69
            -0.325E+01             0.134E-65
            -0.322E+01             0.201E-67
            -0.319E+01             0.249E-67
            -0.317E+01             0.199E-64
            -0.314E+01             0.730E-64
            -0.311E+01             0.191E-63
            -0.309E+01             0.760E-63
            -0.306E+01             0.795E-64
            -0.304E+01             0.271E-63
            -0.301E+01             0.318E-61
            -0.298E+01             0.280E-61
            -0.296E+01             0.110E-63
            -0.293E+01             0.770E-64
            -0.290E+01             0.409E-62
            -0.288E+01             0.612E-61
            -0.285E+01             0.320E-62
            -0.283E+01             0.332E-60
            -0.280E+01             0.538E-59
            -0.277E+01             0.773E-58
            -0.275E+01             0.103E-56
            -0.272E+01             0.148E-55
            -0.269E+01             0.202E-54
            -0.267E+01             0.271E-53
            -0.264E+01             0.354E-52
            -0.261E+01             0.453E-51
            -0.259E+01             0.565E-50
            -0.256E+01             0.688E-49
            -0.254E+01             0.819E-48
            -0.251E+01             0.952E-47
            -0.248E+01             0.108E-45
            -0.246E+01             0.120E-44
            -0.243E+01             0.130E-43
            -0.240E+01             0.137E-42
            -0.238E+01             0.141E-41
            -0.235E+01             0.142E-40
            -0.233E+01             0.139E-39
            -0.230E+01             0.134E-38
            -0.227E+01             0.125E-37
            -0.225E+01             0.114E-36
            -0.222E+01             0.102E-35
            -0.219E+01             0.883E-35
            -0.217E+01             0.748E-34
            -0.214E+01             0.618E-33
            -0.212E+01             0.498E-32
            -0.209E+01             0.391E-31
            -0.206E+01             0.300E-30
            -0.204E+01             0.224E-29
            -0.201E+01             0.163E-28
            -0.198E+01             0.116E-27
            -0.196E+01             0.802E-27
            -0.193E+01             0.541E-26
            -0.191E+01             0.355E-25
            -0.188E+01             0.227E-24
            -0.185E+01             0.142E-23
            -0.183E+01             0.862E-23
            -0.180E+01             0.511E-22
            -0.177E+01             0.294E-21
            -0.175E+01             0.165E-20
            -0.172E+01             0.904E-20
            -0.170E+01             0.481E-19
            -0.167E+01             0.249E-18
            -0.164E+01             0.126E-17
            -0.162E+01             0.617E-17
            -0.159E+01             0.295E-16
            -0.156E+01             0.137E-15
            -0.154E+01             0.620E-15
            -0.151E+01             0.273E-14
            -0.148E+01             0.117E-13
            -0.146E+01             0.486E-13
            -0.143E+01             0.197E-12
            -0.141E+01             0.774E-12
            -0.138E+01             0.296E-11
            -0.135E+01             0.110E-10
            -0.133E+01             0.398E-10
            -0.130E+01             0.140E-09
            -0.127E+01             0.477E-09
            -0.125E+01             0.158E-08
            -0.122E+01             0.509E-08
            -0.120E+01             0.159E-07
            -0.117E+01             0.482E-07
            -0.114E+01             0.142E-06
            -0.112E+01             0.406E-06
            -0.109E+01             0.112E-05
            -0.106E+01             0.302E-05
            -0.104E+01             0.788E-05
            -0.101E+01             0.199E-04
            -0.986E+00             0.487E-04
            -0.959E+00             0.116E-03
            -0.933E+00             0.265E-03
            -0.907E+00             0.590E-03
            -0.880E+00             0.127E-02
            -0.854E+00             0.264E-02
            -0.828E+00             0.531E-02
            -0.802E+00             0.103E-01
            -0.775E+00             0.194E-01
            -0.749E+00             0.350E-01
            -0.723E+00             0.611E-01
            -0.696E+00             0.103E+00
            -0.670E+00             0.166E+00
            -0.644E+00             0.257E+00
            -0.618E+00             0.383E+00
            -0.591E+00             0.546E+00
            -0.565E+00             0.744E+00
            -0.539E+00             0.965E+00
            -0.512E+00             0.119E+01
            -0.486E+00             0.138E+01
            -0.460E+00             0.151E+01
            -0.434E+00             0.154E+01
            -0.407E+00             0.144E+01
            -0.381E+00             0.122E+01
            -0.355E+00             0.899E+00
            -0.329E+00             0.541E+00
            -0.302E+00             0.227E+00
            -0.276E+00             0.340E-01
            -0.250E+00             0.147E-01
            -0.223E+00             0.174E+00
            -0.197E+00             0.463E+00
            -0.171E+00             0.784E+00
            -0.145E+00             0.103E+01
            -0.118E+00             0.110E+01
            -0.920E-01             0.984E+00
            -0.657E-01             0.707E+00
            -0.394E-01             0.372E+00
            -0.131E-01             0.103E+00
             0.131E-01             0.825E-25
             0.394E-01             0.103E+00
             0.657E-01             0.372E+00
             0.920E-01             0.707E+00
             0.118E+00             0.984E+00
             0.145E+00             0.110E+01
             0.171E+00             0.103E+01
             0.197E+00             0.784E+00
             0.223E+00             0.463E+00
             0.250E+00             0.174E+00
             0.276E+00             0.147E-01
             0.302E+00             0.340E-01
             0.329E+00             0.227E+00
             0.355E+00             0.541E+00
             0.381E+00             0.899E+00
             0.407E+00             0.122E+01
             0.434E+00             0.144E+01
             0.460E+00             0.154E+01
             0.486E+00             0.151E+01
             0.512E+00             0.138E+01
             0.539E+00             0.119E+01
             0.565E+00             0.965E+00
             0.591E+00             0.744E+00
             0.618E+00             0.546E+00
             0.644E+00             0.383E+00
             0.670E+00             0.257E+00
             0.696E+00             0.166E+00
             0.723E+00             0.103E+00
             0.749E+00             0.611E-01
             0.775E+00             0.350E-01
             0.802E+00             0.194E-01
             0.828E+00             0.103E-01
             0.854E+00             0.531E-02
             0.880E+00             0.264E-02
             0.907E+00             0.127E-02
             0.933E+00             0.590E-03
             0.959E+00             0.265E-03
             0.986E+00             0.116E-03
             0.101E+01             0.487E-04
             0.104E+01             0.199E-04
             0.106E+01             0.788E-05
             0.109E+01             0.302E-05
             0.112E+01             0.112E-05
             0.114E+01             0.406E-06
             0.117E+01             0.142E-06
             0.120E+01             0.482E-07
             0.122E+01             0.159E-07
             0.125E+01             0.509E-08
             0.127E+01             0.158E-08
             0.130E+01             0.477E-09
             0.133E+01             0.140E-09
             0.135E+01             0.398E-10
             0.138E+01             0.110E-10
             0.141E+01             0.296E-11
             0.143E+01             0.774E-12
             0.146E+01             0.197E-12
             0.148E+01             0.486E-13
             0.151E+01             0.117E-13
             0.154E+01             0.273E-14
             0.156E+01             0.620E-15
             0.159E+01             0.137E-15
             0.162E+01             0.295E-16
             0.164E+01             0.617E-17
             0.167E+01             0.126E-17
             0.170E+01             0.249E-18
             0.172E+01             0.481E-19
             0.175E+01             0.904E-20
             0.177E+01             0.165E-20
             0.180E+01             0.295E-21
             0.183E+01             0.511E-22
             0.185E+01             0.863E-23
             0.188E+01             0.142E-23
             0.191E+01             0.225E-24
             0.193E+01             0.361E-25
             0.196E+01             0.615E-26
             0.198E+01             0.845E-27
             0.201E+01             0.200E-27
             0.204E+01             0.168E-28
             0.206E+01             0.174E-28
             0.209E+01             0.703E-29
             0.212E+01             0.112E-28
             0.214E+01             0.579E-30
             0.217E+01             0.121E-28
             0.219E+01             0.291E-28
             0.222E+01             0.153E-29
             0.225E+01             0.144E-28
             0.227E+01             0.270E-28
             0.230E+01             0.695E-29
             0.233E+01             0.143E-31
             0.235E+01             0.269E-29
             0.238E+01             0.965E-29
             0.240E+01             0.923E-30
             0.243E+01             0.241E-28
             0.246E+01             0.244E-29
             0.248E+01             0.231E-29
             0.251E+01             0.114E-28
             0.254E+01             0.333E-30
             0.256E+01             0.207E-29
             0.259E+01             0.873E-30
             0.261E+01             0.812E-30
             0.264E+01             0.491E-29
             0.267E+01             0.914E-31
             0.269E+01             0.238E-29
             0.272E+01             0.284E-29
             0.275E+01             0.192E-32
             0.277E+01             0.582E-30
             0.280E+01             0.159E-30
             0.283E+01             0.185E-31
             0.285E+01             0.468E-29
             0.288E+01             0.376E-31
             0.290E+01             0.787E-30
             0.293E+01             0.334E-29
             0.296E+01             0.560E-32
             0.298E+01             0.675E-29
             0.301E+01             0.548E-30
             0.304E+01             0.101E-29
             0.306E+01             0.154E-29
             0.309E+01             0.108E-29
             0.311E+01             0.431E-30
             0.314E+01             0.106E-30
             0.317E+01             0.199E-30
             0.319E+01             0.879E-30
             0.322E+01             0.351E-30
             0.325E+01             0.138E-29
             0.327E+01             0.285E-31
             0.330E+01             0.114E-29
             0.332E+01             0.352E-29
             0.335E+01             0.963E-33
             0.338E+01             0.711E-30
             0.340E+01             0.360E-31
             0.343E+01             0.818E-30
             0.346E+01             0.123E-29
             0.348E+01             0.197E-29
             0.351E+01             0.800E-32
             0.353E+01             0.334E-30
             0.356E+01             0.362E-30
             0.359E+01             0.642E-31
             0.361E+01             0.510E-30
             0.364E+01             0.297E-30
             0.367E+01             0.508E-31
             0.369E+01             0.216E-30
             0.372E+01             0.797E-31
             0.375E+01             0.124E-30
             0.377E+01             0.354E-30
             0.380E+01             0.810E-31
             0.382E+01             0.209E-29
             0.385E+01             0.125E-29
             0.388E+01             0.143E-29
             0.390E+01             0.990E-30
             0.393E+01             0.373E-31
             0.396E+01             0.142E-30
             0.398E+01             0.313E-30
             0.401E+01             0.509E-30
             0.403E+01             0.298E-30
             0.406E+01             0.795E-32
             0.409E+01             0.732E-30
             0.411E+01             0.301E-32
             0.414E+01             0.891E-35
             0.417E+01             0.278E-30
             0.419E+01             0.169E-31
             0.422E+01             0.284E-31
             0.424E+01             0.900E-31
             0.427E+01             0.199E-30
             0.430E+01             0.983E-31
             0.432E+01             0.940E-31
             0.435E+01             0.135E-30
             0.438E+01             0.150E-31
             0.440E+01             0.861E-31
             0.443E+01             0.878E-32
             0.445E+01             0.453E-30
             0.448E+01             0.534E-30
             0.451E+01             0.161E-30
             0.453E+01             0.262E-32
             0.456E+01             0.276E-32
             0.459E+01             0.312E-31
             0.461E+01             0.236E-32
             0.464E+01             0.588E-30
             0.466E+01             0.942E-30
             0.469E+01             0.444E-32
             0.472E+01             0.616E-31
             0.474E+01             0.267E-31
             0.477E+01             0.674E-31
             0.480E+01             0.160E-30
             0.482E+01             0.702E-30
             0.485E+01             0.170E-29
             0.488E+01             0.408E-31
             0.490E+01             0.114E-30
             0.493E+01             0.689E-30
             0.495E+01             0.605E-30
             0.498E+01             0.194E-33
             0.501E+01             0.127E-30
             0.503E+01             0.823E-31
             0.506E+01             0.972E-31
             0.509E+01             0.107E-32
             0.511E+01             0.436E-30
             0.514E+01             0.305E-33
             0.516E+01             0.991E-32
             0.519E+01             0.287E-31
             0.522E+01             0.940E-31
             0.524E+01             0.356E-30
             0.527E+01             0.595E-30
             0.530E+01             0.368E-31
             0.532E+01             0.368E-31
             0.535E+01             0.163E-30
             0.537E+01             0.445E-31
             0.540E+01             0.429E-29
             0.543E+01             0.331E-29
             0.545E+01             0.196E-30
             0.548E+01             0.327E-29
             0.551E+01             0.185E-29
             0.553E+01             0.387E-30
             0.556E+01             0.418E-31
             0.558E+01             0.495E-30
             0.561E+01             0.350E-30
             0.564E+01             0.247E-30
             0.566E+01             0.123E-29
             0.569E+01             0.125E-29
             0.572E+01             0.319E-29
             0.574E+01             0.275E-30
             0.577E+01             0.841E-30
             0.580E+01             0.321E-33
             0.582E+01             0.171E-34
             0.585E+01             0.189E-29
             0.587E+01             0.185E-29
             0.590E+01             0.154E-29
             0.593E+01             0.321E-29
             0.595E+01             0.142E-30
             0.598E+01             0.123E-29
             0.601E+01             0.851E-30
             0.603E+01             0.118E-29
             0.606E+01             0.163E-29
             0.608E+01             0.477E-29
             0.611E+01             0.408E-29
             0.614E+01             0.807E-30
             0.616E+01             0.119E-30
             0.619E+01             0.110E-30
             0.622E+01             0.262E-29
             0.624E+01             0.226E-29
             0.627E+01             0.642E-30
             0.629E+01             0.115E-29
             0.632E+01             0.236E-29
             0.635E+01             0.197E-28
             0.637E+01             0.328E-29
             0.640E+01             0.967E-30
             0.643E+01             0.510E-30
             0.645E+01             0.344E-29
             0.648E+01             0.474E-29
             0.650E+01             0.448E-30
             0.653E+01             0.187E-29
             0.656E+01             0.117E-30
             0.658E+01             0.661E-30
             0.661E+01             0.308E-29
             0.664E+01             0.158E-30
             0.666E+01             0.146E-29
             0.669E+01             0.219E-29
             0.671E+01             0.151E-30
             0.674E+01             0.128E-29
             0.677E+01             0.509E-30
             0.679E+01             0.387E-29
             0.682E+01             0.447E-31
             0.685E+01             0.501E-29
             0.687E+01             0.459E-30
             0.690E+01             0.463E-29
             0.693E+01             0.174E-29
             0.695E+01             0.350E-29
             0.698E+01             0.140E-31
             0.700E+01             0.367E-29
             0.703E+01             0.231E-29
             0.706E+01             0.101E-30
             0.708E+01             0.586E-29
             0.711E+01             0.103E-30
             0.714E+01             0.439E-29
             0.716E+01             0.987E-30
             0.719E+01             0.250E-32
             0.721E+01             0.661E-30
             0.724E+01             0.131E-29
             0.727E+01             0.280E-30
             0.729E+01             0.549E-29
             0.732E+01             0.350E-32
             0.735E+01             0.745E-32
             0.737E+01             0.216E-30
             0.740E+01             0.365E-29
             0.742E+01             0.477E-31
             0.745E+01             0.773E-30
             0.748E+01             0.692E-30
             0.750E+01             0.401E-30
             0.753E+01             0.324E-30
             0.756E+01             0.503E-31
             0.758E+01             0.424E-29
             0.761E+01             0.101E-29
             0.763E+01             0.705E-30
             0.766E+01             0.442E-30
             0.769E+01             0.167E-30
             0.771E+01             0.185E-31
             0.774E+01             0.133E-29
             0.777E+01             0.106E-29
             0.779E+01             0.300E-29
             0.782E+01             0.124E-32
             0.784E+01             0.125E-30
             0.787E+01             0.157E-30
             0.790E+01             0.104E-32
             0.792E+01             0.263E-30
             0.795E+01             0.148E-29
             0.798E+01             0.130E-30
             0.800E+01             0.695E-30
             0.803E+01             0.782E-31
             0.806E+01             0.517E-31
             0.808E+01             0.187E-30
             0.811E+01             0.142E-31
             0.813E+01             0.231E-32
             0.816E+01             0.211E-35
             0.819E+01             0.592E-32
             0.821E+01             0.138E-33
             0.824E+01             0.610E-33
             0.827E+01             0.122E-34
             0.829E+01             0.379E-36
             0.832E+01             0.728E-35
             0.834E+01             0.413E-36
             0.837E+01             0.288E-36
             0.840E+01             0.704E-37
             0.842E+01             0.290E-37
             0.845E+01             0.168E-37
             0.848E+01             0.661E-39
             0.850E+01             0.138E-38
             0.853E+01             0.219E-39
             0.855E+01             0.143E-39
             0.858E+01             0.127E-40
             0.861E+01             0.118E-41
             0.863E+01             0.176E-41
             0.866E+01             0.149E-43
             0.869E+01             0.639E-45
             0.871E+01             0.460E-44
             0.874E+01             0.229E-45
             0.876E+01             0.189E-48
             0.879E+01             0.424E-48
             0.882E+01             0.145E-48
             0.884E+01             0.792E-50
             0.887E+01             0.217E-51
             0.890E+01             0.569E-54
             0.892E+01             0.129E-53
             0.895E+01             0.900E-55
             0.898E+01             0.497E-57
             0.900E+01             0.172E-56
             0.903E+01             0.996E-59
             0.905E+01             0.637E-59
             0.908E+01             0.348E-59
             0.911E+01             0.702E-60
             0.913E+01             0.828E-59
             0.916E+01             0.296E-60
             0.919E+01             0.166E-59
             0.921E+01             0.245E-59
             0.924E+01             0.964E-62
             0.926E+01             0.648E-59
             0.929E+01             0.115E-58
             0.932E+01             0.270E-59
             0.934E+01             0.117E-58
             0.937E+01             0.667E-59
             0.940E+01             0.138E-60
             0.942E+01             0.517E-60
             0.945E+01             0.990E-60
             0.947E+01             0.162E-58
             0.950E+01             0.668E-59
             0.953E+01             0.258E-60
             0.955E+01             0.116E-58
             0.958E+01             0.603E-60
             0.961E+01             0.882E-60
             0.963E+01             0.558E-60
             0.966E+01             0.364E-59
             0.968E+01             0.115E-60
             0.971E+01             0.722E-62
             0.974E+01             0.254E-59
             0.976E+01             0.356E-59
             0.979E+01             0.131E-58
             0.982E+01             0.196E-59
             0.984E+01             0.264E-59
             0.987E+01             0.300E-60
             0.989E+01             0.503E-60
             0.992E+01             0.147E-59
             0.995E+01             0.251E-59
             0.997E+01             0.438E-59
             0.100E+02             0.112E-59
