            -0.499E+01             0.470E-61
            -0.499E+01             0.207E-61
            -0.498E+01             0.795E-61
            -0.498E+01             0.469E-61
            -0.497E+01             0.186E-63
            -0.496E+01             0.104E-60
            -0.496E+01             0.244E-60
            -0.495E+01             0.206E-62
            -0.494E+01             0.426E-62
            -0.494E+01             0.118E-61
            -0.493E+01             0.521E-60
            -0.493E+01             0.506E-60
            -0.492E+01             0.178E-60
            -0.491E+01             0.997E-63
            -0.491E+01             0.532E-60
            -0.490E+01             0.100E-60
            -0.489E+01             0.143E-60
            -0.489E+01             0.123E-61
            -0.488E+01             0.750E-61
            -0.488E+01             0.110E-60
            -0.487E+01             0.206E-60
            -0.486E+01             0.115E-60
            -0.486E+01             0.793E-62
            -0.485E+01             0.966E-61
            -0.484E+01             0.123E-59
            -0.484E+01             0.148E-62
            -0.483E+01             0.148E-60
            -0.483E+01             0.284E-60
            -0.482E+01             0.597E-60
            -0.481E+01             0.184E-60
            -0.481E+01             0.538E-60
            -0.480E+01             0.774E-60
            -0.479E+01             0.159E-61
            -0.479E+01             0.251E-60
            -0.478E+01             0.232E-60
            -0.478E+01             0.933E-61
            -0.477E+01             0.763E-60
            -0.476E+01             0.117E-61
            -0.476E+01             0.114E-60
            -0.475E+01             0.523E-60
            -0.474E+01             0.187E-60
            -0.474E+01             0.354E-60
            -0.473E+01             0.250E-61
            -0.473E+01             0.196E-60
            -0.472E+01             0.469E-60
            -0.471E+01             0.638E-60
            -0.471E+01             0.736E-62
            -0.470E+01             0.303E-60
            -0.469E+01             0.585E-60
            -0.469E+01             0.570E-61
            -0.468E+01             0.976E-61
            -0.468E+01             0.135E-60
            -0.467E+01             0.268E-61
            -0.466E+01             0.274E-61
            -0.466E+01             0.491E-61
            -0.465E+01             0.891E-62
            -0.464E+01             0.321E-64
            -0.464E+01             0.767E-61
            -0.463E+01             0.927E-61
            -0.463E+01             0.223E-60
            -0.462E+01             0.143E-60
            -0.461E+01             0.154E-61
            -0.461E+01             0.381E-61
            -0.460E+01             0.369E-63
            -0.459E+01             0.465E-61
            -0.459E+01             0.425E-60
            -0.458E+01             0.518E-62
            -0.458E+01             0.119E-60
            -0.457E+01             0.185E-61
            -0.456E+01             0.991E-61
            -0.456E+01             0.322E-60
            -0.455E+01             0.265E-62
            -0.454E+01             0.153E-60
            -0.454E+01             0.294E-60
            -0.453E+01             0.464E-61
            -0.453E+01             0.310E-62
            -0.452E+01             0.533E-62
            -0.451E+01             0.438E-60
            -0.451E+01             0.976E-60
            -0.450E+01             0.202E-60
            -0.449E+01             0.226E-61
            -0.449E+01             0.158E-61
            -0.448E+01             0.467E-61
            -0.448E+01             0.400E-61
            -0.447E+01             0.160E-61
            -0.446E+01             0.773E-60
            -0.446E+01             0.278E-60
            -0.445E+01             0.319E-62
            -0.444E+01             0.464E-65
            -0.444E+01             0.973E-64
            -0.443E+01             0.206E-60
            -0.443E+01             0.589E-60
            -0.442E+01             0.215E-60
            -0.441E+01             0.200E-61
            -0.441E+01             0.540E-61
            -0.440E+01             0.111E-62
            -0.439E+01             0.491E-61
            -0.439E+01             0.178E-60
            -0.438E+01             0.382E-61
            -0.438E+01             0.615E-61
            -0.437E+01             0.176E-60
            -0.436E+01             0.183E-61
            -0.436E+01             0.731E-62
            -0.435E+01             0.445E-63
            -0.434E+01             0.644E-60
            -0.434E+01             0.174E-60
            -0.433E+01             0.189E-60
            -0.433E+01             0.572E-60
            -0.432E+01             0.134E-60
            -0.431E+01             0.101E-60
            -0.431E+01             0.510E-60
            -0.430E+01             0.362E-60
            -0.429E+01             0.446E-61
            -0.429E+01             0.576E-62
            -0.428E+01             0.418E-60
            -0.428E+01             0.902E-60
            -0.427E+01             0.492E-63
            -0.426E+01             0.793E-60
            -0.426E+01             0.141E-60
            -0.425E+01             0.833E-61
            -0.424E+01             0.180E-60
            -0.424E+01             0.179E-60
            -0.423E+01             0.365E-60
            -0.423E+01             0.169E-59
            -0.422E+01             0.190E-59
            -0.421E+01             0.143E-60
            -0.421E+01             0.271E-61
            -0.420E+01             0.551E-62
            -0.419E+01             0.687E-61
            -0.419E+01             0.140E-60
            -0.418E+01             0.397E-60
            -0.418E+01             0.164E-59
            -0.417E+01             0.149E-62
            -0.416E+01             0.361E-60
            -0.416E+01             0.375E-60
            -0.415E+01             0.518E-62
            -0.414E+01             0.150E-64
            -0.414E+01             0.130E-59
            -0.413E+01             0.115E-59
            -0.413E+01             0.601E-62
            -0.412E+01             0.481E-61
            -0.411E+01             0.873E-61
            -0.411E+01             0.281E-60
            -0.410E+01             0.617E-61
            -0.409E+01             0.118E-64
            -0.409E+01             0.693E-60
            -0.408E+01             0.517E-62
            -0.408E+01             0.149E-60
            -0.407E+01             0.553E-62
            -0.406E+01             0.115E-60
            -0.406E+01             0.169E-62
            -0.405E+01             0.337E-60
            -0.404E+01             0.194E-59
            -0.404E+01             0.115E-60
            -0.403E+01             0.769E-60
            -0.403E+01             0.936E-60
            -0.402E+01             0.113E-60
            -0.401E+01             0.384E-60
            -0.401E+01             0.960E-61
            -0.400E+01             0.708E-60
            -0.399E+01             0.477E-62
            -0.399E+01             0.404E-61
            -0.398E+01             0.110E-64
            -0.398E+01             0.234E-60
            -0.397E+01             0.193E-64
            -0.396E+01             0.282E-62
            -0.396E+01             0.334E-62
            -0.395E+01             0.647E-61
            -0.394E+01             0.495E-62
            -0.394E+01             0.491E-63
            -0.393E+01             0.572E-60
            -0.393E+01             0.386E-60
            -0.392E+01             0.103E-60
            -0.391E+01             0.964E-67
            -0.391E+01             0.186E-61
            -0.390E+01             0.358E-62
            -0.389E+01             0.433E-61
            -0.389E+01             0.204E-60
            -0.388E+01             0.289E-61
            -0.388E+01             0.306E-60
            -0.387E+01             0.169E-60
            -0.386E+01             0.111E-60
            -0.386E+01             0.113E-61
            -0.385E+01             0.285E-60
            -0.384E+01             0.403E-61
            -0.384E+01             0.245E-60
            -0.383E+01             0.703E-60
            -0.383E+01             0.728E-61
            -0.382E+01             0.486E-61
            -0.381E+01             0.589E-62
            -0.381E+01             0.110E-60
            -0.380E+01             0.715E-61
            -0.379E+01             0.160E-60
            -0.379E+01             0.453E-62
            -0.378E+01             0.394E-60
            -0.378E+01             0.671E-60
            -0.377E+01             0.160E-60
            -0.376E+01             0.144E-60
            -0.376E+01             0.954E-64
            -0.375E+01             0.112E-61
            -0.374E+01             0.957E-61
            -0.374E+01             0.946E-61
            -0.373E+01             0.355E-63
            -0.373E+01             0.333E-61
            -0.372E+01             0.558E-60
            -0.371E+01             0.200E-60
            -0.371E+01             0.132E-60
            -0.370E+01             0.279E-60
            -0.369E+01             0.439E-62
            -0.369E+01             0.810E-63
            -0.368E+01             0.128E-60
            -0.368E+01             0.372E-60
            -0.367E+01             0.335E-61
            -0.366E+01             0.270E-60
            -0.366E+01             0.228E-60
            -0.365E+01             0.402E-60
            -0.364E+01             0.835E-60
            -0.364E+01             0.504E-60
            -0.363E+01             0.330E-60
            -0.363E+01             0.102E-61
            -0.362E+01             0.512E-61
            -0.361E+01             0.185E-60
            -0.361E+01             0.972E-61
            -0.360E+01             0.426E-62
            -0.359E+01             0.211E-60
            -0.359E+01             0.252E-60
            -0.358E+01             0.360E-63
            -0.358E+01             0.474E-60
            -0.357E+01             0.573E-62
            -0.356E+01             0.801E-61
            -0.356E+01             0.253E-60
            -0.355E+01             0.725E-60
            -0.354E+01             0.121E-60
            -0.354E+01             0.622E-61
            -0.353E+01             0.255E-61
            -0.353E+01             0.698E-61
            -0.352E+01             0.768E-61
            -0.351E+01             0.251E-61
            -0.351E+01             0.227E-60
            -0.350E+01             0.398E-60
            -0.349E+01             0.220E-61
            -0.349E+01             0.287E-60
            -0.348E+01             0.146E-60
            -0.348E+01             0.780E-61
            -0.347E+01             0.124E-60
            -0.346E+01             0.958E-62
            -0.346E+01             0.159E-60
            -0.345E+01             0.349E-61
            -0.344E+01             0.154E-60
            -0.344E+01             0.359E-60
            -0.343E+01             0.124E-60
            -0.343E+01             0.193E-60
            -0.342E+01             0.132E-63
            -0.341E+01             0.573E-62
            -0.341E+01             0.127E-60
            -0.340E+01             0.108E-60
            -0.339E+01             0.160E-62
            -0.339E+01             0.167E-60
            -0.338E+01             0.139E-60
            -0.338E+01             0.495E-61
            -0.337E+01             0.234E-60
            -0.336E+01             0.118E-62
            -0.336E+01             0.335E-60
            -0.335E+01             0.241E-60
            -0.334E+01             0.318E-60
            -0.334E+01             0.792E-60
            -0.333E+01             0.409E-60
            -0.333E+01             0.191E-60
            -0.332E+01             0.298E-60
            -0.331E+01             0.201E-60
            -0.331E+01             0.475E-61
            -0.330E+01             0.964E-62
            -0.329E+01             0.207E-61
            -0.329E+01             0.509E-63
            -0.328E+01             0.323E-61
            -0.328E+01             0.784E-61
            -0.327E+01             0.134E-60
            -0.326E+01             0.564E-60
            -0.326E+01             0.643E-62
            -0.325E+01             0.159E-60
            -0.324E+01             0.138E-60
            -0.324E+01             0.198E-60
            -0.323E+01             0.142E-60
            -0.323E+01             0.324E-60
            -0.322E+01             0.398E-61
            -0.321E+01             0.215E-61
            -0.321E+01             0.669E-61
            -0.320E+01             0.392E-61
            -0.319E+01             0.150E-61
            -0.319E+01             0.223E-61
            -0.318E+01             0.336E-66
            -0.318E+01             0.785E-60
            -0.317E+01             0.117E-61
            -0.316E+01             0.444E-65
            -0.316E+01             0.102E-59
            -0.315E+01             0.373E-60
            -0.314E+01             0.395E-61
            -0.314E+01             0.575E-60
            -0.313E+01             0.226E-60
            -0.313E+01             0.406E-62
            -0.312E+01             0.178E-63
            -0.311E+01             0.387E-60
            -0.311E+01             0.133E-66
            -0.310E+01             0.168E-61
            -0.309E+01             0.259E-60
            -0.309E+01             0.375E-62
            -0.308E+01             0.174E-62
            -0.308E+01             0.928E-62
            -0.307E+01             0.772E-60
            -0.306E+01             0.273E-61
            -0.306E+01             0.606E-61
            -0.305E+01             0.218E-61
            -0.304E+01             0.518E-61
            -0.304E+01             0.708E-61
            -0.303E+01             0.165E-60
            -0.303E+01             0.509E-61
            -0.302E+01             0.204E-60
            -0.301E+01             0.103E-60
            -0.301E+01             0.156E-60
            -0.300E+01             0.279E-60
            -0.300E+01             0.564E-63
            -0.299E+01             0.238E-60
            -0.298E+01             0.850E-61
            -0.298E+01             0.271E-60
            -0.297E+01             0.334E-62
            -0.296E+01             0.336E-62
            -0.296E+01             0.794E-62
            -0.295E+01             0.207E-61
            -0.295E+01             0.352E-60
            -0.294E+01             0.758E-60
            -0.293E+01             0.306E-60
            -0.293E+01             0.102E-60
            -0.292E+01             0.214E-60
            -0.291E+01             0.315E-60
            -0.291E+01             0.275E-61
            -0.290E+01             0.633E-60
            -0.290E+01             0.106E-59
            -0.289E+01             0.704E-62
            -0.288E+01             0.909E-60
            -0.288E+01             0.576E-61
            -0.287E+01             0.485E-62
            -0.286E+01             0.103E-60
            -0.286E+01             0.639E-60
            -0.285E+01             0.798E-61
            -0.285E+01             0.694E-61
            -0.284E+01             0.114E-61
            -0.283E+01             0.123E-60
            -0.283E+01             0.285E-61
            -0.282E+01             0.347E-60
            -0.281E+01             0.311E-61
            -0.281E+01             0.218E-60
            -0.280E+01             0.372E-61
            -0.280E+01             0.756E-62
            -0.279E+01             0.724E-61
            -0.278E+01             0.340E-61
            -0.278E+01             0.664E-62
            -0.277E+01             0.154E-60
            -0.276E+01             0.877E-62
            -0.276E+01             0.140E-60
            -0.275E+01             0.188E-60
            -0.275E+01             0.397E-61
            -0.274E+01             0.111E-60
            -0.273E+01             0.513E-61
            -0.273E+01             0.773E-61
            -0.272E+01             0.165E-61
            -0.271E+01             0.333E-60
            -0.271E+01             0.911E-61
            -0.270E+01             0.208E-60
            -0.270E+01             0.418E-61
            -0.269E+01             0.834E-62
            -0.268E+01             0.618E-61
            -0.268E+01             0.212E-60
            -0.267E+01             0.192E-61
            -0.266E+01             0.203E-60
            -0.266E+01             0.997E-60
            -0.265E+01             0.297E-60
            -0.265E+01             0.176E-60
            -0.264E+01             0.610E-61
            -0.263E+01             0.253E-59
            -0.263E+01             0.395E-59
            -0.262E+01             0.557E-59
            -0.261E+01             0.841E-59
            -0.261E+01             0.147E-58
            -0.260E+01             0.330E-58
            -0.260E+01             0.764E-58
            -0.259E+01             0.149E-57
            -0.258E+01             0.240E-57
            -0.258E+01             0.483E-57
            -0.257E+01             0.931E-57
            -0.256E+01             0.186E-56
            -0.256E+01             0.347E-56
            -0.255E+01             0.663E-56
            -0.255E+01             0.128E-55
            -0.254E+01             0.239E-55
            -0.253E+01             0.446E-55
            -0.253E+01             0.837E-55
            -0.252E+01             0.158E-54
            -0.251E+01             0.296E-54
            -0.251E+01             0.552E-54
            -0.250E+01             0.103E-53
            -0.250E+01             0.193E-53
            -0.249E+01             0.358E-53
            -0.248E+01             0.665E-53
            -0.248E+01             0.123E-52
            -0.247E+01             0.229E-52
            -0.246E+01             0.423E-52
            -0.246E+01             0.781E-52
            -0.245E+01             0.144E-51
            -0.245E+01             0.265E-51
            -0.244E+01             0.487E-51
            -0.243E+01             0.894E-51
            -0.243E+01             0.164E-50
            -0.242E+01             0.300E-50
            -0.241E+01             0.547E-50
            -0.241E+01             0.998E-50
            -0.240E+01             0.182E-49
            -0.240E+01             0.331E-49
            -0.239E+01             0.600E-49
            -0.238E+01             0.109E-48
            -0.238E+01             0.197E-48
            -0.237E+01             0.356E-48
            -0.236E+01             0.642E-48
            -0.236E+01             0.116E-47
            -0.235E+01             0.208E-47
            -0.235E+01             0.374E-47
            -0.234E+01             0.670E-47
            -0.233E+01             0.120E-46
            -0.233E+01             0.214E-46
            -0.232E+01             0.383E-46
            -0.231E+01             0.682E-46
            -0.231E+01             0.121E-45
            -0.230E+01             0.216E-45
            -0.230E+01             0.383E-45
            -0.229E+01             0.678E-45
            -0.228E+01             0.120E-44
            -0.228E+01             0.212E-44
            -0.227E+01             0.373E-44
            -0.226E+01             0.657E-44
            -0.226E+01             0.115E-43
            -0.225E+01             0.202E-43
            -0.225E+01             0.355E-43
            -0.224E+01             0.621E-43
            -0.223E+01             0.108E-42
            -0.223E+01             0.189E-42
            -0.222E+01             0.329E-42
            -0.221E+01             0.572E-42
            -0.221E+01             0.994E-42
            -0.220E+01             0.172E-41
            -0.220E+01             0.298E-41
            -0.219E+01             0.515E-41
            -0.218E+01             0.888E-41
            -0.218E+01             0.153E-40
            -0.217E+01             0.263E-40
            -0.216E+01             0.452E-40
            -0.216E+01             0.775E-40
            -0.215E+01             0.133E-39
            -0.215E+01             0.227E-39
            -0.214E+01             0.387E-39
            -0.213E+01             0.660E-39
            -0.213E+01             0.112E-38
            -0.212E+01             0.191E-38
            -0.211E+01             0.323E-38
            -0.211E+01             0.548E-38
            -0.210E+01             0.926E-38
            -0.210E+01             0.156E-37
            -0.209E+01             0.263E-37
            -0.208E+01             0.443E-37
            -0.208E+01             0.745E-37
            -0.207E+01             0.125E-36
            -0.206E+01             0.209E-36
            -0.206E+01             0.350E-36
            -0.205E+01             0.585E-36
            -0.205E+01             0.976E-36
            -0.204E+01             0.162E-35
            -0.203E+01             0.270E-35
            -0.203E+01             0.448E-35
            -0.202E+01             0.743E-35
            -0.201E+01             0.123E-34
            -0.201E+01             0.203E-34
            -0.200E+01             0.335E-34
            -0.200E+01             0.552E-34
            -0.199E+01             0.907E-34
            -0.198E+01             0.149E-33
            -0.198E+01             0.244E-33
            -0.197E+01             0.400E-33
            -0.196E+01             0.653E-33
            -0.196E+01             0.107E-32
            -0.195E+01             0.174E-32
            -0.195E+01             0.282E-32
            -0.194E+01             0.459E-32
            -0.193E+01             0.744E-32
            -0.193E+01             0.120E-31
            -0.192E+01             0.195E-31
            -0.191E+01             0.314E-31
            -0.191E+01             0.506E-31
            -0.190E+01             0.815E-31
            -0.190E+01             0.131E-30
            -0.189E+01             0.210E-30
            -0.188E+01             0.336E-30
            -0.188E+01             0.538E-30
            -0.187E+01             0.859E-30
            -0.186E+01             0.137E-29
            -0.186E+01             0.218E-29
            -0.185E+01             0.346E-29
            -0.185E+01             0.550E-29
            -0.184E+01             0.871E-29
            -0.183E+01             0.138E-28
            -0.183E+01             0.218E-28
            -0.182E+01             0.343E-28
            -0.181E+01             0.540E-28
            -0.181E+01             0.850E-28
            -0.180E+01             0.133E-27
            -0.180E+01             0.209E-27
            -0.179E+01             0.327E-27
            -0.178E+01             0.511E-27
            -0.178E+01             0.797E-27
            -0.177E+01             0.124E-26
            -0.176E+01             0.193E-26
            -0.176E+01             0.300E-26
            -0.175E+01             0.465E-26
            -0.175E+01             0.720E-26
            -0.174E+01             0.111E-25
            -0.173E+01             0.172E-25
            -0.173E+01             0.264E-25
            -0.172E+01             0.407E-25
            -0.171E+01             0.625E-25
            -0.171E+01             0.958E-25
            -0.170E+01             0.147E-24
            -0.170E+01             0.224E-24
            -0.169E+01             0.342E-24
            -0.168E+01             0.522E-24
            -0.168E+01             0.794E-24
            -0.167E+01             0.121E-23
            -0.166E+01             0.183E-23
            -0.166E+01             0.277E-23
            -0.165E+01             0.419E-23
            -0.165E+01             0.633E-23
            -0.164E+01             0.955E-23
            -0.163E+01             0.144E-22
            -0.163E+01             0.216E-22
            -0.162E+01             0.324E-22
            -0.161E+01             0.486E-22
            -0.161E+01             0.726E-22
            -0.160E+01             0.109E-21
            -0.160E+01             0.162E-21
            -0.159E+01             0.241E-21
            -0.158E+01             0.358E-21
            -0.158E+01             0.532E-21
            -0.157E+01             0.788E-21
            -0.156E+01             0.117E-20
            -0.156E+01             0.172E-20
            -0.155E+01             0.254E-20
            -0.155E+01             0.374E-20
            -0.154E+01             0.551E-20
            -0.153E+01             0.809E-20
            -0.153E+01             0.119E-19
            -0.152E+01             0.174E-19
            -0.151E+01             0.254E-19
            -0.151E+01             0.370E-19
            -0.150E+01             0.539E-19
            -0.150E+01             0.784E-19
            -0.149E+01             0.114E-18
            -0.148E+01             0.165E-18
            -0.148E+01             0.239E-18
            -0.147E+01             0.346E-18
            -0.146E+01             0.499E-18
            -0.146E+01             0.719E-18
            -0.145E+01             0.104E-17
            -0.145E+01             0.149E-17
            -0.144E+01             0.213E-17
            -0.143E+01             0.306E-17
            -0.143E+01             0.437E-17
            -0.142E+01             0.624E-17
            -0.141E+01             0.890E-17
            -0.141E+01             0.127E-16
            -0.140E+01             0.180E-16
            -0.140E+01             0.255E-16
            -0.139E+01             0.362E-16
            -0.138E+01             0.512E-16
            -0.138E+01             0.723E-16
            -0.137E+01             0.102E-15
            -0.136E+01             0.144E-15
            -0.136E+01             0.202E-15
            -0.135E+01             0.283E-15
            -0.135E+01             0.397E-15
            -0.134E+01             0.555E-15
            -0.133E+01             0.776E-15
            -0.133E+01             0.108E-14
            -0.132E+01             0.151E-14
            -0.131E+01             0.210E-14
            -0.131E+01             0.291E-14
            -0.130E+01             0.404E-14
            -0.130E+01             0.559E-14
            -0.129E+01             0.772E-14
            -0.128E+01             0.107E-13
            -0.128E+01             0.147E-13
            -0.127E+01             0.202E-13
            -0.126E+01             0.277E-13
            -0.126E+01             0.380E-13
            -0.125E+01             0.520E-13
            -0.125E+01             0.711E-13
            -0.124E+01             0.971E-13
            -0.123E+01             0.132E-12
            -0.123E+01             0.180E-12
            -0.122E+01             0.245E-12
            -0.121E+01             0.332E-12
            -0.121E+01             0.449E-12
            -0.120E+01             0.608E-12
            -0.120E+01             0.820E-12
            -0.119E+01             0.111E-11
            -0.118E+01             0.149E-11
            -0.118E+01             0.200E-11
            -0.117E+01             0.268E-11
            -0.116E+01             0.359E-11
            -0.116E+01             0.481E-11
            -0.115E+01             0.642E-11
            -0.115E+01             0.856E-11
            -0.114E+01             0.114E-10
            -0.113E+01             0.151E-10
            -0.113E+01             0.201E-10
            -0.112E+01             0.266E-10
            -0.111E+01             0.352E-10
            -0.111E+01             0.466E-10
            -0.110E+01             0.614E-10
            -0.110E+01             0.809E-10
            -0.109E+01             0.106E-09
            -0.108E+01             0.140E-09
            -0.108E+01             0.183E-09
            -0.107E+01             0.239E-09
            -0.106E+01             0.313E-09
            -0.106E+01             0.408E-09
            -0.105E+01             0.532E-09
            -0.105E+01             0.691E-09
            -0.104E+01             0.898E-09
            -0.103E+01             0.116E-08
            -0.103E+01             0.151E-08
            -0.102E+01             0.195E-08
            -0.101E+01             0.251E-08
            -0.101E+01             0.324E-08
            -0.100E+01             0.417E-08
            -0.996E+00             0.535E-08
            -0.990E+00             0.686E-08
            -0.984E+00             0.879E-08
            -0.978E+00             0.112E-07
            -0.971E+00             0.143E-07
            -0.965E+00             0.183E-07
            -0.959E+00             0.233E-07
            -0.953E+00             0.296E-07
            -0.946E+00             0.375E-07
            -0.940E+00             0.475E-07
            -0.934E+00             0.600E-07
            -0.928E+00             0.758E-07
            -0.921E+00             0.956E-07
            -0.915E+00             0.120E-06
            -0.909E+00             0.151E-06
            -0.903E+00             0.190E-06
            -0.896E+00             0.238E-06
            -0.890E+00             0.297E-06
            -0.884E+00             0.371E-06
            -0.878E+00             0.463E-06
            -0.871E+00             0.577E-06
            -0.865E+00             0.717E-06
            -0.859E+00             0.890E-06
            -0.853E+00             0.110E-05
            -0.846E+00             0.136E-05
            -0.840E+00             0.169E-05
            -0.834E+00             0.208E-05
            -0.828E+00             0.256E-05
            -0.821E+00             0.315E-05
            -0.815E+00             0.386E-05
            -0.809E+00             0.474E-05
            -0.803E+00             0.580E-05
            -0.796E+00             0.708E-05
            -0.790E+00             0.864E-05
            -0.784E+00             0.105E-04
            -0.778E+00             0.128E-04
            -0.771E+00             0.156E-04
            -0.765E+00             0.189E-04
            -0.759E+00             0.228E-04
            -0.753E+00             0.276E-04
            -0.746E+00             0.333E-04
            -0.740E+00             0.401E-04
            -0.734E+00             0.483E-04
            -0.728E+00             0.580E-04
            -0.721E+00             0.695E-04
            -0.715E+00             0.833E-04
            -0.709E+00             0.996E-04
            -0.703E+00             0.119E-03
            -0.696E+00             0.142E-03
            -0.690E+00             0.169E-03
            -0.684E+00             0.200E-03
            -0.678E+00             0.238E-03
            -0.671E+00             0.281E-03
            -0.665E+00             0.333E-03
            -0.659E+00             0.393E-03
            -0.653E+00             0.463E-03
            -0.646E+00             0.545E-03
            -0.640E+00             0.641E-03
            -0.634E+00             0.752E-03
            -0.628E+00             0.881E-03
            -0.621E+00             0.103E-02
            -0.615E+00             0.120E-02
            -0.609E+00             0.140E-02
            -0.603E+00             0.163E-02
            -0.597E+00             0.190E-02
            -0.590E+00             0.221E-02
            -0.584E+00             0.256E-02
            -0.578E+00             0.296E-02
            -0.572E+00             0.342E-02
            -0.565E+00             0.394E-02
            -0.559E+00             0.454E-02
            -0.553E+00             0.522E-02
            -0.547E+00             0.599E-02
            -0.540E+00             0.687E-02
            -0.534E+00             0.786E-02
            -0.528E+00             0.898E-02
            -0.522E+00             0.103E-01
            -0.515E+00             0.117E-01
            -0.509E+00             0.133E-01
            -0.503E+00             0.151E-01
            -0.497E+00             0.171E-01
            -0.490E+00             0.194E-01
            -0.484E+00             0.219E-01
            -0.478E+00             0.247E-01
            -0.472E+00             0.278E-01
            -0.465E+00             0.313E-01
            -0.459E+00             0.352E-01
            -0.453E+00             0.394E-01
            -0.447E+00             0.442E-01
            -0.440E+00             0.494E-01
            -0.434E+00             0.551E-01
            -0.428E+00             0.614E-01
            -0.422E+00             0.684E-01
            -0.415E+00             0.760E-01
            -0.409E+00             0.843E-01
            -0.403E+00             0.933E-01
            -0.397E+00             0.103E+00
            -0.390E+00             0.114E+00
            -0.384E+00             0.126E+00
            -0.378E+00             0.138E+00
            -0.372E+00             0.152E+00
            -0.365E+00             0.167E+00
            -0.359E+00             0.183E+00
            -0.353E+00             0.200E+00
            -0.347E+00             0.218E+00
            -0.340E+00             0.238E+00
            -0.334E+00             0.259E+00
            -0.328E+00             0.282E+00
            -0.322E+00             0.306E+00
            -0.315E+00             0.331E+00
            -0.309E+00             0.359E+00
            -0.303E+00             0.387E+00
            -0.297E+00             0.418E+00
            -0.290E+00             0.450E+00
            -0.284E+00             0.484E+00
            -0.278E+00             0.520E+00
            -0.272E+00             0.557E+00
            -0.265E+00             0.596E+00
            -0.259E+00             0.637E+00
            -0.253E+00             0.680E+00
            -0.247E+00             0.724E+00
            -0.240E+00             0.770E+00
            -0.234E+00             0.818E+00
            -0.228E+00             0.867E+00
            -0.222E+00             0.918E+00
            -0.215E+00             0.970E+00
            -0.209E+00             0.102E+01
            -0.203E+00             0.108E+01
            -0.197E+00             0.113E+01
            -0.191E+00             0.119E+01
            -0.184E+00             0.125E+01
            -0.178E+00             0.131E+01
            -0.172E+00             0.137E+01
            -0.166E+00             0.143E+01
            -0.159E+00             0.149E+01
            -0.153E+00             0.155E+01
            -0.147E+00             0.161E+01
            -0.141E+00             0.167E+01
            -0.134E+00             0.173E+01
            -0.128E+00             0.179E+01
            -0.122E+00             0.185E+01
            -0.116E+00             0.190E+01
            -0.109E+00             0.196E+01
            -0.103E+00             0.201E+01
            -0.968E-01             0.207E+01
            -0.906E-01             0.212E+01
            -0.843E-01             0.217E+01
            -0.781E-01             0.221E+01
            -0.718E-01             0.226E+01
            -0.656E-01             0.230E+01
            -0.593E-01             0.233E+01
            -0.531E-01             0.237E+01
            -0.468E-01             0.240E+01
            -0.406E-01             0.243E+01
            -0.344E-01             0.245E+01
            -0.281E-01             0.247E+01
            -0.219E-01             0.249E+01
            -0.156E-01             0.251E+01
            -0.937E-02             0.252E+01
            -0.312E-02             0.252E+01
             0.312E-02             0.252E+01
             0.937E-02             0.252E+01
             0.156E-01             0.252E+01
             0.219E-01             0.251E+01
             0.281E-01             0.249E+01
             0.344E-01             0.247E+01
             0.406E-01             0.245E+01
             0.468E-01             0.243E+01
             0.531E-01             0.240E+01
             0.593E-01             0.237E+01
             0.656E-01             0.233E+01
             0.718E-01             0.230E+01
             0.781E-01             0.226E+01
             0.843E-01             0.221E+01
             0.906E-01             0.217E+01
             0.968E-01             0.212E+01
             0.103E+00             0.207E+01
             0.109E+00             0.201E+01
             0.116E+00             0.196E+01
             0.122E+00             0.190E+01
             0.128E+00             0.185E+01
             0.134E+00             0.179E+01
             0.141E+00             0.173E+01
             0.147E+00             0.167E+01
             0.153E+00             0.161E+01
             0.159E+00             0.155E+01
             0.166E+00             0.149E+01
             0.172E+00             0.143E+01
             0.178E+00             0.137E+01
             0.184E+00             0.131E+01
             0.191E+00             0.125E+01
             0.197E+00             0.119E+01
             0.203E+00             0.113E+01
             0.209E+00             0.108E+01
             0.215E+00             0.102E+01
             0.222E+00             0.970E+00
             0.228E+00             0.918E+00
             0.234E+00             0.867E+00
             0.240E+00             0.818E+00
             0.247E+00             0.770E+00
             0.253E+00             0.724E+00
             0.259E+00             0.680E+00
             0.265E+00             0.637E+00
             0.272E+00             0.596E+00
             0.278E+00             0.557E+00
             0.284E+00             0.520E+00
             0.290E+00             0.484E+00
             0.297E+00             0.450E+00
             0.303E+00             0.418E+00
             0.309E+00             0.387E+00
             0.315E+00             0.359E+00
             0.322E+00             0.331E+00
             0.328E+00             0.306E+00
             0.334E+00             0.282E+00
             0.340E+00             0.259E+00
             0.347E+00             0.238E+00
             0.353E+00             0.218E+00
             0.359E+00             0.200E+00
             0.365E+00             0.183E+00
             0.372E+00             0.167E+00
             0.378E+00             0.152E+00
             0.384E+00             0.138E+00
             0.390E+00             0.126E+00
             0.397E+00             0.114E+00
             0.403E+00             0.103E+00
             0.409E+00             0.933E-01
             0.415E+00             0.843E-01
             0.422E+00             0.760E-01
             0.428E+00             0.684E-01
             0.434E+00             0.614E-01
             0.440E+00             0.551E-01
             0.447E+00             0.494E-01
             0.453E+00             0.442E-01
             0.459E+00             0.394E-01
             0.465E+00             0.352E-01
             0.472E+00             0.313E-01
             0.478E+00             0.278E-01
             0.484E+00             0.247E-01
             0.490E+00             0.219E-01
             0.497E+00             0.194E-01
             0.503E+00             0.171E-01
             0.509E+00             0.151E-01
             0.515E+00             0.133E-01
             0.522E+00             0.117E-01
             0.528E+00             0.103E-01
             0.534E+00             0.898E-02
             0.540E+00             0.786E-02
             0.547E+00             0.687E-02
             0.553E+00             0.599E-02
             0.559E+00             0.522E-02
             0.565E+00             0.454E-02
             0.572E+00             0.394E-02
             0.578E+00             0.342E-02
             0.584E+00             0.296E-02
             0.590E+00             0.256E-02
             0.597E+00             0.221E-02
             0.603E+00             0.190E-02
             0.609E+00             0.163E-02
             0.615E+00             0.140E-02
             0.621E+00             0.120E-02
             0.628E+00             0.103E-02
             0.634E+00             0.881E-03
             0.640E+00             0.752E-03
             0.646E+00             0.641E-03
             0.653E+00             0.545E-03
             0.659E+00             0.463E-03
             0.665E+00             0.393E-03
             0.671E+00             0.333E-03
             0.678E+00             0.281E-03
             0.684E+00             0.238E-03
             0.690E+00             0.200E-03
             0.696E+00             0.169E-03
             0.703E+00             0.142E-03
             0.709E+00             0.119E-03
             0.715E+00             0.996E-04
             0.721E+00             0.833E-04
             0.728E+00             0.695E-04
             0.734E+00             0.580E-04
             0.740E+00             0.483E-04
             0.746E+00             0.401E-04
             0.753E+00             0.333E-04
             0.759E+00             0.276E-04
             0.765E+00             0.228E-04
             0.771E+00             0.189E-04
             0.778E+00             0.156E-04
             0.784E+00             0.128E-04
             0.790E+00             0.105E-04
             0.796E+00             0.864E-05
             0.803E+00             0.708E-05
             0.809E+00             0.580E-05
             0.815E+00             0.474E-05
             0.821E+00             0.386E-05
             0.828E+00             0.315E-05
             0.834E+00             0.256E-05
             0.840E+00             0.208E-05
             0.846E+00             0.169E-05
             0.853E+00             0.136E-05
             0.859E+00             0.110E-05
             0.865E+00             0.890E-06
             0.871E+00             0.717E-06
             0.878E+00             0.577E-06
             0.884E+00             0.463E-06
             0.890E+00             0.371E-06
             0.896E+00             0.297E-06
             0.903E+00             0.238E-06
             0.909E+00             0.190E-06
             0.915E+00             0.151E-06
             0.921E+00             0.120E-06
             0.928E+00             0.956E-07
             0.934E+00             0.758E-07
             0.940E+00             0.600E-07
             0.946E+00             0.475E-07
             0.953E+00             0.375E-07
             0.959E+00             0.296E-07
             0.965E+00             0.233E-07
             0.971E+00             0.183E-07
             0.978E+00             0.143E-07
             0.984E+00             0.112E-07
             0.990E+00             0.879E-08
             0.996E+00             0.686E-08
             0.100E+01             0.535E-08
             0.101E+01             0.417E-08
             0.101E+01             0.324E-08
             0.102E+01             0.251E-08
             0.103E+01             0.195E-08
             0.103E+01             0.151E-08
             0.104E+01             0.116E-08
             0.105E+01             0.898E-09
             0.105E+01             0.691E-09
             0.106E+01             0.532E-09
             0.106E+01             0.408E-09
             0.107E+01             0.313E-09
             0.108E+01             0.239E-09
             0.108E+01             0.183E-09
             0.109E+01             0.140E-09
             0.110E+01             0.106E-09
             0.110E+01             0.809E-10
             0.111E+01             0.614E-10
             0.111E+01             0.466E-10
             0.112E+01             0.352E-10
             0.113E+01             0.266E-10
             0.113E+01             0.201E-10
             0.114E+01             0.151E-10
             0.115E+01             0.114E-10
             0.115E+01             0.856E-11
             0.116E+01             0.642E-11
             0.116E+01             0.481E-11
             0.117E+01             0.359E-11
             0.118E+01             0.268E-11
             0.118E+01             0.200E-11
             0.119E+01             0.149E-11
             0.120E+01             0.111E-11
             0.120E+01             0.820E-12
             0.121E+01             0.608E-12
             0.121E+01             0.449E-12
             0.122E+01             0.332E-12
             0.123E+01             0.245E-12
             0.123E+01             0.180E-12
             0.124E+01             0.132E-12
             0.125E+01             0.971E-13
             0.125E+01             0.711E-13
             0.126E+01             0.520E-13
             0.126E+01             0.380E-13
             0.127E+01             0.277E-13
             0.128E+01             0.202E-13
             0.128E+01             0.147E-13
             0.129E+01             0.107E-13
             0.130E+01             0.772E-14
             0.130E+01             0.559E-14
             0.131E+01             0.404E-14
             0.131E+01             0.291E-14
             0.132E+01             0.210E-14
             0.133E+01             0.151E-14
             0.133E+01             0.108E-14
             0.134E+01             0.776E-15
             0.135E+01             0.555E-15
             0.135E+01             0.397E-15
             0.136E+01             0.283E-15
             0.136E+01             0.202E-15
             0.137E+01             0.144E-15
             0.138E+01             0.102E-15
             0.138E+01             0.723E-16
             0.139E+01             0.512E-16
             0.140E+01             0.362E-16
             0.140E+01             0.255E-16
             0.141E+01             0.180E-16
             0.141E+01             0.127E-16
             0.142E+01             0.890E-17
             0.143E+01             0.624E-17
             0.143E+01             0.437E-17
             0.144E+01             0.306E-17
             0.145E+01             0.213E-17
             0.145E+01             0.149E-17
             0.146E+01             0.104E-17
             0.146E+01             0.719E-18
             0.147E+01             0.499E-18
             0.148E+01             0.346E-18
             0.148E+01             0.239E-18
             0.149E+01             0.165E-18
             0.150E+01             0.114E-18
             0.150E+01             0.784E-19
             0.151E+01             0.539E-19
             0.151E+01             0.370E-19
             0.152E+01             0.254E-19
             0.153E+01             0.173E-19
             0.153E+01             0.119E-19
             0.154E+01             0.809E-20
             0.155E+01             0.551E-20
             0.155E+01             0.374E-20
             0.156E+01             0.254E-20
             0.156E+01             0.172E-20
             0.157E+01             0.117E-20
             0.158E+01             0.788E-21
             0.158E+01             0.531E-21
             0.159E+01             0.358E-21
             0.160E+01             0.241E-21
             0.160E+01             0.162E-21
             0.161E+01             0.109E-21
             0.161E+01             0.727E-22
             0.162E+01             0.487E-22
             0.163E+01             0.326E-22
             0.163E+01             0.217E-22
             0.164E+01             0.144E-22
             0.165E+01             0.956E-23
             0.165E+01             0.630E-23
             0.166E+01             0.416E-23
             0.166E+01             0.275E-23
             0.167E+01             0.180E-23
             0.168E+01             0.119E-23
             0.168E+01             0.792E-24
             0.169E+01             0.523E-24
             0.170E+01             0.346E-24
             0.170E+01             0.228E-24
             0.171E+01             0.149E-24
             0.171E+01             0.101E-24
             0.172E+01             0.689E-25
             0.173E+01             0.417E-25
             0.173E+01             0.255E-25
             0.174E+01             0.159E-25
             0.175E+01             0.115E-25
             0.175E+01             0.677E-26
             0.176E+01             0.396E-26
             0.176E+01             0.275E-26
             0.177E+01             0.175E-26
             0.178E+01             0.128E-26
             0.178E+01             0.570E-27
             0.179E+01             0.344E-27
             0.180E+01             0.158E-27
             0.180E+01             0.128E-27
             0.181E+01             0.245E-27
             0.181E+01             0.156E-27
             0.182E+01             0.674E-28
             0.183E+01             0.605E-28
             0.183E+01             0.100E-29
             0.184E+01             0.795E-30
             0.185E+01             0.951E-29
             0.185E+01             0.924E-28
             0.186E+01             0.368E-28
             0.186E+01             0.981E-29
             0.187E+01             0.275E-28
             0.188E+01             0.551E-28
             0.188E+01             0.294E-30
             0.189E+01             0.160E-29
             0.190E+01             0.195E-30
             0.190E+01             0.301E-28
             0.191E+01             0.421E-28
             0.191E+01             0.380E-29
             0.192E+01             0.736E-30
             0.193E+01             0.112E-28
             0.193E+01             0.420E-28
             0.194E+01             0.178E-28
             0.195E+01             0.147E-28
             0.195E+01             0.400E-31
             0.196E+01             0.511E-28
             0.196E+01             0.206E-29
             0.197E+01             0.251E-29
             0.198E+01             0.955E-29
             0.198E+01             0.103E-28
             0.199E+01             0.148E-28
             0.200E+01             0.117E-28
             0.200E+01             0.257E-28
             0.201E+01             0.194E-29
             0.201E+01             0.183E-29
             0.202E+01             0.121E-28
             0.203E+01             0.133E-28
             0.203E+01             0.279E-28
             0.204E+01             0.184E-29
             0.205E+01             0.437E-29
             0.205E+01             0.258E-30
             0.206E+01             0.707E-29
             0.206E+01             0.898E-29
             0.207E+01             0.136E-29
             0.208E+01             0.170E-28
             0.208E+01             0.111E-28
             0.209E+01             0.218E-28
             0.210E+01             0.702E-30
             0.210E+01             0.452E-29
             0.211E+01             0.786E-29
             0.211E+01             0.205E-29
             0.212E+01             0.558E-31
             0.213E+01             0.446E-31
             0.213E+01             0.157E-28
             0.214E+01             0.802E-28
             0.215E+01             0.792E-28
             0.215E+01             0.225E-29
             0.216E+01             0.281E-28
             0.216E+01             0.899E-31
             0.217E+01             0.461E-29
             0.218E+01             0.280E-30
             0.218E+01             0.169E-28
             0.219E+01             0.149E-29
             0.220E+01             0.280E-30
             0.220E+01             0.157E-29
             0.221E+01             0.185E-28
             0.221E+01             0.548E-29
             0.222E+01             0.204E-28
             0.223E+01             0.104E-29
             0.223E+01             0.651E-29
             0.224E+01             0.346E-29
             0.225E+01             0.203E-28
             0.225E+01             0.369E-28
             0.226E+01             0.166E-28
             0.226E+01             0.858E-29
             0.227E+01             0.508E-31
             0.228E+01             0.817E-30
             0.228E+01             0.154E-29
             0.229E+01             0.328E-29
             0.230E+01             0.682E-30
             0.230E+01             0.102E-28
             0.231E+01             0.149E-28
             0.231E+01             0.178E-30
             0.232E+01             0.841E-29
             0.233E+01             0.353E-29
             0.233E+01             0.291E-29
             0.234E+01             0.348E-29
             0.235E+01             0.185E-29
             0.235E+01             0.240E-29
             0.236E+01             0.212E-28
             0.236E+01             0.120E-28
             0.237E+01             0.537E-31
             0.238E+01             0.106E-28
             0.238E+01             0.499E-29
             0.239E+01             0.103E-28
             0.240E+01             0.142E-28
             0.240E+01             0.564E-29
             0.241E+01             0.364E-28
             0.241E+01             0.129E-28
             0.242E+01             0.232E-28
             0.243E+01             0.755E-29
             0.243E+01             0.204E-30
             0.244E+01             0.331E-28
             0.245E+01             0.194E-29
             0.245E+01             0.587E-29
             0.246E+01             0.179E-29
             0.246E+01             0.137E-29
             0.247E+01             0.253E-34
             0.248E+01             0.114E-31
             0.248E+01             0.274E-29
             0.249E+01             0.176E-29
             0.250E+01             0.266E-28
             0.250E+01             0.479E-29
             0.251E+01             0.976E-31
             0.251E+01             0.164E-28
             0.252E+01             0.235E-28
             0.253E+01             0.114E-28
             0.253E+01             0.250E-29
             0.254E+01             0.447E-29
             0.255E+01             0.362E-31
             0.255E+01             0.614E-29
             0.256E+01             0.134E-29
             0.256E+01             0.159E-29
             0.257E+01             0.319E-29
             0.258E+01             0.825E-29
             0.258E+01             0.152E-28
             0.259E+01             0.344E-28
             0.260E+01             0.589E-30
             0.260E+01             0.314E-29
             0.261E+01             0.282E-29
             0.261E+01             0.125E-29
             0.262E+01             0.966E-29
             0.263E+01             0.358E-33
             0.263E+01             0.185E-30
             0.264E+01             0.660E-29
             0.265E+01             0.216E-33
             0.265E+01             0.149E-31
             0.266E+01             0.859E-30
             0.266E+01             0.243E-29
             0.267E+01             0.109E-28
             0.268E+01             0.725E-29
             0.268E+01             0.121E-28
             0.269E+01             0.155E-28
             0.270E+01             0.271E-29
             0.270E+01             0.906E-29
             0.271E+01             0.128E-30
             0.271E+01             0.302E-28
             0.272E+01             0.749E-28
             0.273E+01             0.318E-28
             0.273E+01             0.602E-29
             0.274E+01             0.925E-29
             0.275E+01             0.397E-28
             0.275E+01             0.299E-29
             0.276E+01             0.479E-31
             0.276E+01             0.900E-30
             0.277E+01             0.561E-29
             0.278E+01             0.191E-29
             0.278E+01             0.193E-29
             0.279E+01             0.135E-29
             0.280E+01             0.214E-28
             0.280E+01             0.244E-29
             0.281E+01             0.102E-28
             0.281E+01             0.191E-28
             0.282E+01             0.290E-28
             0.283E+01             0.362E-28
             0.283E+01             0.636E-30
             0.284E+01             0.129E-28
             0.285E+01             0.899E-29
             0.285E+01             0.145E-29
             0.286E+01             0.104E-28
             0.286E+01             0.350E-28
             0.287E+01             0.130E-28
             0.288E+01             0.439E-28
             0.288E+01             0.255E-28
             0.289E+01             0.461E-29
             0.290E+01             0.140E-29
             0.290E+01             0.168E-28
             0.291E+01             0.311E-28
             0.291E+01             0.170E-28
             0.292E+01             0.506E-29
             0.293E+01             0.242E-29
             0.293E+01             0.180E-28
             0.294E+01             0.442E-29
             0.295E+01             0.120E-28
             0.295E+01             0.831E-29
             0.296E+01             0.240E-28
             0.296E+01             0.110E-28
             0.297E+01             0.190E-28
             0.298E+01             0.138E-29
             0.298E+01             0.947E-30
             0.299E+01             0.587E-29
             0.300E+01             0.344E-29
             0.300E+01             0.637E-29
             0.301E+01             0.798E-29
             0.301E+01             0.297E-29
             0.302E+01             0.945E-29
             0.303E+01             0.506E-29
             0.303E+01             0.295E-29
             0.304E+01             0.617E-29
             0.304E+01             0.920E-29
             0.305E+01             0.742E-30
             0.306E+01             0.935E-29
             0.306E+01             0.309E-28
             0.307E+01             0.139E-29
             0.308E+01             0.302E-29
             0.308E+01             0.345E-28
             0.309E+01             0.464E-28
             0.309E+01             0.217E-28
             0.310E+01             0.896E-29
             0.311E+01             0.656E-30
             0.311E+01             0.808E-29
             0.312E+01             0.113E-28
             0.313E+01             0.547E-29
             0.313E+01             0.287E-29
             0.314E+01             0.364E-29
             0.314E+01             0.411E-29
             0.315E+01             0.742E-30
             0.316E+01             0.226E-28
             0.316E+01             0.810E-30
             0.317E+01             0.483E-30
             0.318E+01             0.340E-30
             0.318E+01             0.513E-31
             0.319E+01             0.116E-28
             0.319E+01             0.159E-29
             0.320E+01             0.121E-28
             0.321E+01             0.251E-28
             0.321E+01             0.417E-30
             0.322E+01             0.165E-29
             0.323E+01             0.274E-31
             0.323E+01             0.318E-29
             0.324E+01             0.308E-29
             0.324E+01             0.335E-29
             0.325E+01             0.490E-32
             0.326E+01             0.558E-29
             0.326E+01             0.994E-29
             0.327E+01             0.170E-29
             0.328E+01             0.493E-29
             0.328E+01             0.835E-31
             0.329E+01             0.274E-29
             0.329E+01             0.479E-31
             0.330E+01             0.218E-29
             0.331E+01             0.197E-29
             0.331E+01             0.199E-30
             0.332E+01             0.239E-31
             0.333E+01             0.217E-29
             0.333E+01             0.605E-30
             0.334E+01             0.128E-28
             0.334E+01             0.529E-30
             0.335E+01             0.948E-29
             0.336E+01             0.170E-29
             0.336E+01             0.269E-29
             0.337E+01             0.831E-30
             0.338E+01             0.511E-29
             0.338E+01             0.224E-29
             0.339E+01             0.271E-28
             0.339E+01             0.157E-28
             0.340E+01             0.106E-28
             0.341E+01             0.137E-28
             0.341E+01             0.505E-30
             0.342E+01             0.350E-30
             0.343E+01             0.590E-29
             0.343E+01             0.863E-30
             0.344E+01             0.259E-30
             0.344E+01             0.757E-29
             0.345E+01             0.843E-29
             0.346E+01             0.204E-31
             0.346E+01             0.147E-28
             0.347E+01             0.166E-28
             0.348E+01             0.357E-29
             0.348E+01             0.279E-32
             0.349E+01             0.370E-29
             0.349E+01             0.883E-29
             0.350E+01             0.434E-30
             0.351E+01             0.479E-30
             0.351E+01             0.142E-29
             0.352E+01             0.209E-30
             0.353E+01             0.232E-31
             0.353E+01             0.113E-29
             0.354E+01             0.327E-30
             0.354E+01             0.513E-30
             0.355E+01             0.798E-29
             0.356E+01             0.757E-30
             0.356E+01             0.859E-30
             0.357E+01             0.214E-29
             0.358E+01             0.579E-35
             0.358E+01             0.110E-28
             0.359E+01             0.142E-28
             0.359E+01             0.690E-29
             0.360E+01             0.223E-29
             0.361E+01             0.223E-29
             0.361E+01             0.111E-28
             0.362E+01             0.403E-30
             0.363E+01             0.463E-29
             0.363E+01             0.198E-32
             0.364E+01             0.600E-29
             0.364E+01             0.390E-29
             0.365E+01             0.281E-29
             0.366E+01             0.444E-31
             0.366E+01             0.864E-30
             0.367E+01             0.327E-30
             0.368E+01             0.322E-29
             0.368E+01             0.421E-30
             0.369E+01             0.114E-30
             0.369E+01             0.706E-29
             0.370E+01             0.736E-30
             0.371E+01             0.271E-29
             0.371E+01             0.452E-29
             0.372E+01             0.519E-29
             0.373E+01             0.138E-30
             0.373E+01             0.933E-29
             0.374E+01             0.115E-31
             0.374E+01             0.528E-29
             0.375E+01             0.544E-29
             0.376E+01             0.166E-29
             0.376E+01             0.194E-28
             0.377E+01             0.279E-29
             0.378E+01             0.569E-29
             0.378E+01             0.115E-30
             0.379E+01             0.422E-29
             0.379E+01             0.319E-30
             0.380E+01             0.203E-34
             0.381E+01             0.726E-30
             0.381E+01             0.530E-29
             0.382E+01             0.569E-30
             0.383E+01             0.509E-30
             0.383E+01             0.142E-28
             0.384E+01             0.123E-28
             0.384E+01             0.779E-30
             0.385E+01             0.429E-29
             0.386E+01             0.194E-29
             0.386E+01             0.334E-29
             0.387E+01             0.101E-29
             0.388E+01             0.278E-31
             0.388E+01             0.632E-32
             0.389E+01             0.364E-29
             0.389E+01             0.136E-28
             0.390E+01             0.261E-29
             0.391E+01             0.492E-29
             0.391E+01             0.425E-32
             0.392E+01             0.335E-30
             0.393E+01             0.139E-28
             0.393E+01             0.628E-29
             0.394E+01             0.584E-29
             0.394E+01             0.133E-28
             0.395E+01             0.742E-29
             0.396E+01             0.166E-30
             0.396E+01             0.544E-30
             0.397E+01             0.354E-28
             0.398E+01             0.895E-29
             0.398E+01             0.124E-28
             0.399E+01             0.574E-29
             0.399E+01             0.755E-29
             0.400E+01             0.108E-29
             0.401E+01             0.489E-31
             0.401E+01             0.203E-28
             0.402E+01             0.599E-30
             0.403E+01             0.325E-31
             0.403E+01             0.661E-29
             0.404E+01             0.644E-30
             0.404E+01             0.173E-28
             0.405E+01             0.237E-30
             0.406E+01             0.275E-29
             0.406E+01             0.269E-29
             0.407E+01             0.262E-29
             0.408E+01             0.733E-30
             0.408E+01             0.676E-31
             0.409E+01             0.133E-30
             0.409E+01             0.119E-28
             0.410E+01             0.888E-30
             0.411E+01             0.640E-29
             0.411E+01             0.105E-30
             0.412E+01             0.114E-30
             0.413E+01             0.936E-29
             0.413E+01             0.355E-29
             0.414E+01             0.112E-28
             0.414E+01             0.389E-29
             0.415E+01             0.147E-29
             0.416E+01             0.198E-30
             0.416E+01             0.366E-29
             0.417E+01             0.215E-29
             0.418E+01             0.677E-29
             0.418E+01             0.282E-29
             0.419E+01             0.929E-31
             0.419E+01             0.110E-28
             0.420E+01             0.110E-28
             0.421E+01             0.736E-29
             0.421E+01             0.456E-29
             0.422E+01             0.144E-29
             0.423E+01             0.776E-31
             0.423E+01             0.170E-30
             0.424E+01             0.880E-29
             0.424E+01             0.230E-29
             0.425E+01             0.441E-30
             0.426E+01             0.711E-29
             0.426E+01             0.223E-28
             0.427E+01             0.188E-28
             0.428E+01             0.459E-29
             0.428E+01             0.593E-29
             0.429E+01             0.891E-29
             0.429E+01             0.110E-30
             0.430E+01             0.103E-30
             0.431E+01             0.291E-29
             0.431E+01             0.128E-29
             0.432E+01             0.195E-30
             0.433E+01             0.159E-29
             0.433E+01             0.171E-31
             0.434E+01             0.112E-28
             0.434E+01             0.135E-29
             0.435E+01             0.373E-29
             0.436E+01             0.405E-29
             0.436E+01             0.188E-29
             0.437E+01             0.461E-29
             0.438E+01             0.564E-29
             0.438E+01             0.499E-30
             0.439E+01             0.580E-30
             0.439E+01             0.206E-30
             0.440E+01             0.106E-29
             0.441E+01             0.315E-29
             0.441E+01             0.475E-29
             0.442E+01             0.161E-28
             0.443E+01             0.153E-28
             0.443E+01             0.444E-29
             0.444E+01             0.889E-30
             0.444E+01             0.368E-30
             0.445E+01             0.115E-30
             0.446E+01             0.448E-29
             0.446E+01             0.320E-30
             0.447E+01             0.621E-30
             0.448E+01             0.496E-30
             0.448E+01             0.436E-30
             0.449E+01             0.357E-29
             0.449E+01             0.505E-30
             0.450E+01             0.397E-30
             0.451E+01             0.336E-30
             0.451E+01             0.824E-31
             0.452E+01             0.184E-29
             0.453E+01             0.673E-30
             0.453E+01             0.318E-29
             0.454E+01             0.263E-29
             0.454E+01             0.109E-30
             0.455E+01             0.340E-33
             0.456E+01             0.256E-29
             0.456E+01             0.113E-29
             0.457E+01             0.249E-29
             0.458E+01             0.111E-28
             0.458E+01             0.290E-30
             0.459E+01             0.443E-30
             0.459E+01             0.239E-29
             0.460E+01             0.888E-29
             0.461E+01             0.809E-30
             0.461E+01             0.785E-29
             0.462E+01             0.244E-29
             0.463E+01             0.203E-29
             0.463E+01             0.214E-29
             0.464E+01             0.111E-28
             0.464E+01             0.815E-30
             0.465E+01             0.101E-31
             0.466E+01             0.128E-29
             0.466E+01             0.274E-29
             0.467E+01             0.188E-30
             0.468E+01             0.240E-29
             0.468E+01             0.225E-29
             0.469E+01             0.194E-30
             0.469E+01             0.416E-30
             0.470E+01             0.134E-29
             0.471E+01             0.824E-29
             0.471E+01             0.677E-30
             0.472E+01             0.235E-29
             0.473E+01             0.132E-32
             0.473E+01             0.502E-29
             0.474E+01             0.576E-30
             0.474E+01             0.498E-30
             0.475E+01             0.669E-31
             0.476E+01             0.797E-29
             0.476E+01             0.104E-31
             0.477E+01             0.722E-31
             0.478E+01             0.914E-30
             0.478E+01             0.553E-29
             0.479E+01             0.832E-30
             0.479E+01             0.392E-29
             0.480E+01             0.493E-30
             0.481E+01             0.230E-29
             0.481E+01             0.994E-32
             0.482E+01             0.154E-29
             0.483E+01             0.176E-29
             0.483E+01             0.634E-30
             0.484E+01             0.152E-29
             0.484E+01             0.551E-29
             0.485E+01             0.543E-29
             0.486E+01             0.304E-30
             0.486E+01             0.112E-30
             0.487E+01             0.149E-30
             0.488E+01             0.308E-29
             0.488E+01             0.154E-29
             0.489E+01             0.750E-29
             0.489E+01             0.662E-29
             0.490E+01             0.266E-30
             0.491E+01             0.421E-29
             0.491E+01             0.230E-29
             0.492E+01             0.169E-29
             0.493E+01             0.229E-29
             0.493E+01             0.232E-30
             0.494E+01             0.132E-28
             0.494E+01             0.128E-30
             0.495E+01             0.732E-29
             0.496E+01             0.333E-30
             0.496E+01             0.454E-30
             0.497E+01             0.878E-32
             0.498E+01             0.949E-30
             0.498E+01             0.684E-30
             0.499E+01             0.505E-30
             0.499E+01             0.238E-29
             0.500E+01             0.192E-29
