            -0.998E+01             0.000E+00
            -0.997E+01             0.000E+00
            -0.995E+01             0.000E+00
            -0.993E+01             0.000E+00
            -0.992E+01             0.000E+00
            -0.990E+01             0.000E+00
            -0.988E+01             0.000E+00
            -0.986E+01             0.000E+00
            -0.985E+01             0.000E+00
            -0.983E+01             0.000E+00
            -0.981E+01             0.000E+00
            -0.980E+01             0.000E+00
            -0.978E+01             0.000E+00
            -0.976E+01             0.000E+00
            -0.975E+01             0.000E+00
            -0.973E+01             0.000E+00
            -0.971E+01             0.000E+00
            -0.970E+01             0.000E+00
            -0.968E+01             0.000E+00
            -0.966E+01             0.000E+00
            -0.964E+01             0.000E+00
            -0.963E+01             0.000E+00
            -0.961E+01             0.000E+00
            -0.959E+01             0.000E+00
            -0.958E+01             0.000E+00
            -0.956E+01             0.000E+00
            -0.954E+01             0.000E+00
            -0.953E+01             0.000E+00
            -0.951E+01             0.000E+00
            -0.949E+01             0.000E+00
            -0.948E+01             0.000E+00
            -0.946E+01             0.000E+00
            -0.944E+01             0.000E+00
            -0.942E+01             0.000E+00
            -0.941E+01             0.000E+00
            -0.939E+01             0.000E+00
            -0.937E+01             0.000E+00
            -0.936E+01             0.000E+00
            -0.934E+01             0.000E+00
            -0.932E+01             0.000E+00
            -0.931E+01             0.000E+00
            -0.929E+01             0.000E+00
            -0.927E+01             0.000E+00
            -0.925E+01             0.000E+00
            -0.924E+01             0.000E+00
            -0.922E+01             0.000E+00
            -0.920E+01             0.000E+00
            -0.919E+01             0.000E+00
            -0.917E+01             0.000E+00
            -0.915E+01             0.000E+00
            -0.914E+01             0.000E+00
            -0.912E+01             0.000E+00
            -0.910E+01             0.000E+00
            -0.909E+01             0.000E+00
            -0.907E+01             0.000E+00
            -0.905E+01             0.000E+00
            -0.903E+01             0.000E+00
            -0.902E+01             0.000E+00
            -0.900E+01             0.000E+00
            -0.898E+01             0.000E+00
            -0.897E+01             0.000E+00
            -0.895E+01             0.000E+00
            -0.893E+01             0.000E+00
            -0.892E+01             0.000E+00
            -0.890E+01             0.000E+00
            -0.888E+01             0.000E+00
            -0.887E+01             0.000E+00
            -0.885E+01             0.000E+00
            -0.883E+01             0.000E+00
            -0.881E+01             0.000E+00
            -0.880E+01             0.000E+00
            -0.878E+01             0.000E+00
            -0.876E+01             0.000E+00
            -0.875E+01             0.000E+00
            -0.873E+01             0.000E+00
            -0.871E+01             0.000E+00
            -0.870E+01             0.000E+00
            -0.868E+01             0.000E+00
            -0.866E+01             0.000E+00
            -0.865E+01             0.000E+00
            -0.863E+01             0.000E+00
            -0.861E+01             0.000E+00
            -0.859E+01             0.000E+00
            -0.858E+01             0.000E+00
            -0.856E+01             0.000E+00
            -0.854E+01             0.000E+00
            -0.853E+01             0.000E+00
            -0.851E+01             0.000E+00
            -0.849E+01             0.000E+00
            -0.848E+01             0.000E+00
            -0.846E+01             0.000E+00
            -0.844E+01             0.000E+00
            -0.843E+01             0.000E+00
            -0.841E+01             0.000E+00
            -0.839E+01             0.000E+00
            -0.837E+01             0.000E+00
            -0.836E+01             0.000E+00
            -0.834E+01             0.000E+00
            -0.832E+01             0.000E+00
            -0.831E+01             0.000E+00
            -0.829E+01             0.000E+00
            -0.827E+01             0.000E+00
            -0.826E+01             0.000E+00
            -0.824E+01             0.000E+00
            -0.822E+01             0.000E+00
            -0.820E+01             0.000E+00
            -0.819E+01             0.000E+00
            -0.817E+01             0.000E+00
            -0.815E+01             0.000E+00
            -0.814E+01             0.000E+00
            -0.812E+01             0.000E+00
            -0.810E+01             0.000E+00
            -0.809E+01             0.000E+00
            -0.807E+01             0.000E+00
            -0.805E+01             0.000E+00
            -0.804E+01             0.000E+00
            -0.802E+01             0.000E+00
            -0.800E+01             0.000E+00
            -0.798E+01             0.000E+00
            -0.797E+01             0.000E+00
            -0.795E+01             0.000E+00
            -0.793E+01             0.000E+00
            -0.792E+01             0.000E+00
            -0.790E+01             0.000E+00
            -0.788E+01             0.000E+00
            -0.787E+01             0.000E+00
            -0.785E+01             0.000E+00
            -0.783E+01             0.000E+00
            -0.782E+01             0.000E+00
            -0.780E+01             0.000E+00
            -0.778E+01             0.000E+00
            -0.776E+01             0.000E+00
            -0.775E+01             0.000E+00
            -0.773E+01             0.000E+00
            -0.771E+01             0.000E+00
            -0.770E+01             0.000E+00
            -0.768E+01             0.000E+00
            -0.766E+01             0.000E+00
            -0.765E+01             0.000E+00
            -0.763E+01             0.000E+00
            -0.761E+01             0.000E+00
            -0.760E+01             0.000E+00
            -0.758E+01             0.000E+00
            -0.756E+01             0.379-320
            -0.754E+01             0.318-319
            -0.753E+01             0.141-316
            -0.751E+01             0.105-314
            -0.749E+01             0.233-313
            -0.748E+01             0.440-313
            -0.746E+01             0.211-310
            -0.744E+01             0.125-311
            -0.743E+01             0.372-308
            -0.741E+01             0.846-308
            -0.739E+01             0.203-303
            -0.738E+01             0.287-302
            -0.736E+01             0.485-299
            -0.734E+01             0.106-302
            -0.732E+01             0.440-296
            -0.731E+01             0.256-294
            -0.729E+01             0.110-293
            -0.727E+01             0.113-292
            -0.726E+01             0.535-291
            -0.724E+01             0.491-288
            -0.722E+01             0.290-286
            -0.721E+01             0.412-286
            -0.719E+01             0.115-282
            -0.717E+01             0.314-281
            -0.715E+01             0.956-281
            -0.714E+01             0.873-279
            -0.712E+01             0.329-277
            -0.710E+01             0.726-277
            -0.709E+01             0.423-274
            -0.707E+01             0.351-271
            -0.705E+01             0.122-270
            -0.704E+01             0.925-270
            -0.702E+01             0.493-267
            -0.700E+01             0.115-265
            -0.699E+01             0.998-264
            -0.697E+01             0.207-263
            -0.695E+01             0.502-262
            -0.693E+01             0.492-259
            -0.692E+01             0.666-258
            -0.690E+01             0.144-256
            -0.688E+01             0.972-254
            -0.687E+01             0.842-255
            -0.685E+01             0.638-251
            -0.683E+01             0.310-249
            -0.682E+01             0.221-248
            -0.680E+01             0.945-248
            -0.678E+01             0.244-248
            -0.677E+01             0.544-244
            -0.675E+01             0.327-243
            -0.673E+01             0.186-239
            -0.671E+01             0.230-244
            -0.670E+01             0.608-240
            -0.668E+01             0.105-236
            -0.666E+01             0.559-237
            -0.665E+01             0.383-233
            -0.663E+01             0.210-232
            -0.661E+01             0.387-232
            -0.660E+01             0.888-228
            -0.658E+01             0.185-228
            -0.656E+01             0.557-225
            -0.655E+01             0.503-225
            -0.653E+01             0.497-223
            -0.651E+01             0.212-221
            -0.649E+01             0.135-219
            -0.648E+01             0.156-218
            -0.646E+01             0.266-216
            -0.644E+01             0.716-215
            -0.643E+01             0.460-214
            -0.641E+01             0.236-212
            -0.639E+01             0.129-210
            -0.638E+01             0.955-209
            -0.636E+01             0.227-208
            -0.634E+01             0.690-207
            -0.633E+01             0.133-204
            -0.631E+01             0.874-204
            -0.629E+01             0.819-203
            -0.627E+01             0.117-200
            -0.626E+01             0.230-199
            -0.624E+01             0.373-197
            -0.622E+01             0.694-197
            -0.621E+01             0.244-196
            -0.619E+01             0.287-194
            -0.617E+01             0.981-195
            -0.616E+01             0.455-192
            -0.614E+01             0.443-191
            -0.612E+01             0.285-189
            -0.610E+01             0.178-186
            -0.609E+01             0.143-185
            -0.607E+01             0.639-184
            -0.605E+01             0.938-184
            -0.604E+01             0.277-181
            -0.602E+01             0.237-180
            -0.600E+01             0.103-180
            -0.599E+01             0.177-177
            -0.597E+01             0.701-179
            -0.595E+01             0.284-174
            -0.594E+01             0.695-173
            -0.592E+01             0.398-173
            -0.590E+01             0.154-171
            -0.588E+01             0.546-173
            -0.587E+01             0.170-168
            -0.585E+01             0.559-168
            -0.583E+01             0.343-165
            -0.582E+01             0.709-166
            -0.580E+01             0.298-164
            -0.578E+01             0.123-163
            -0.577E+01             0.590-161
            -0.575E+01             0.191-159
            -0.573E+01             0.725-160
            -0.572E+01             0.237-157
            -0.570E+01             0.139-158
            -0.568E+01             0.257-155
            -0.566E+01             0.383-154
            -0.565E+01             0.281-153
            -0.563E+01             0.955-155
            -0.561E+01             0.430-153
            -0.560E+01             0.771-149
            -0.558E+01             0.343-150
            -0.556E+01             0.496-149
            -0.555E+01             0.414-145
            -0.553E+01             0.157-144
            -0.551E+01             0.162-142
            -0.550E+01             0.231-142
            -0.548E+01             0.115-140
            -0.546E+01             0.925-141
            -0.544E+01             0.100-140
            -0.543E+01             0.122-136
            -0.541E+01             0.184-137
            -0.539E+01             0.307-135
            -0.538E+01             0.263-134
            -0.536E+01             0.261-134
            -0.534E+01             0.298-131
            -0.533E+01             0.226-132
            -0.531E+01             0.127-130
            -0.529E+01             0.206-128
            -0.528E+01             0.309-130
            -0.526E+01             0.328-125
            -0.524E+01             0.591-125
            -0.522E+01             0.191-125
            -0.521E+01             0.508-122
            -0.519E+01             0.271-121
            -0.517E+01             0.128-120
            -0.516E+01             0.472-119
            -0.514E+01             0.266-119
            -0.512E+01             0.559-118
            -0.511E+01             0.738-116
            -0.509E+01             0.625-118
            -0.507E+01             0.758-115
            -0.506E+01             0.218-114
            -0.504E+01             0.419-114
            -0.502E+01             0.512-112
            -0.500E+01             0.116-110
            -0.499E+01             0.295-111
            -0.497E+01             0.198-110
            -0.495E+01             0.358-108
            -0.494E+01             0.140-106
            -0.492E+01             0.123-105
            -0.490E+01             0.495-106
            -0.489E+01             0.994-104
            -0.487E+01             0.101-103
            -0.485E+01             0.109-101
            -0.483E+01             0.416-101
            -0.482E+01             0.337E-99
            -0.480E+01             0.556E-99
            -0.478E+01             0.434E-98
            -0.477E+01             0.213E-99
            -0.475E+01             0.245E-97
            -0.473E+01             0.502E-96
            -0.472E+01             0.224E-96
            -0.470E+01             0.128E-96
            -0.468E+01             0.232E-93
            -0.467E+01             0.500E-92
            -0.465E+01             0.404E-90
            -0.463E+01             0.663E-90
            -0.461E+01             0.627E-91
            -0.460E+01             0.453E-88
            -0.458E+01             0.274E-90
            -0.456E+01             0.215E-88
            -0.455E+01             0.686E-86
            -0.453E+01             0.664E-86
            -0.451E+01             0.113E-86
            -0.450E+01             0.115E-86
            -0.448E+01             0.108E-83
            -0.446E+01             0.212E-85
            -0.445E+01             0.799E-83
            -0.443E+01             0.247E-81
            -0.441E+01             0.961E-81
            -0.439E+01             0.757E-79
            -0.438E+01             0.980E-79
            -0.436E+01             0.417E-79
            -0.434E+01             0.391E-77
            -0.433E+01             0.268E-77
            -0.431E+01             0.578E-76
            -0.429E+01             0.284E-77
            -0.428E+01             0.105E-73
            -0.426E+01             0.536E-74
            -0.424E+01             0.173E-73
            -0.423E+01             0.522E-74
            -0.421E+01             0.148E-71
            -0.419E+01             0.332E-73
            -0.417E+01             0.115E-71
            -0.416E+01             0.555E-71
            -0.414E+01             0.103E-70
            -0.412E+01             0.812E-69
            -0.411E+01             0.162E-74
            -0.409E+01             0.177E-69
            -0.407E+01             0.201E-67
            -0.406E+01             0.244E-67
            -0.404E+01             0.418E-67
            -0.402E+01             0.200E-65
            -0.401E+01             0.320E-66
            -0.399E+01             0.611E-66
            -0.397E+01             0.150E-65
            -0.395E+01             0.445E-67
            -0.394E+01             0.607E-64
            -0.392E+01             0.580E-64
            -0.390E+01             0.740E-64
            -0.389E+01             0.519E-63
            -0.387E+01             0.977E-67
            -0.385E+01             0.577E-62
            -0.384E+01             0.728E-64
            -0.382E+01             0.635E-64
            -0.380E+01             0.768E-63
            -0.378E+01             0.148E-61
            -0.377E+01             0.628E-62
            -0.375E+01             0.179E-60
            -0.373E+01             0.275E-61
            -0.372E+01             0.853E-61
            -0.370E+01             0.234E-62
            -0.368E+01             0.693E-61
            -0.367E+01             0.421E-61
            -0.365E+01             0.228E-61
            -0.363E+01             0.549E-62
            -0.362E+01             0.810E-62
            -0.360E+01             0.328E-60
            -0.358E+01             0.815E-61
            -0.356E+01             0.109E-60
            -0.355E+01             0.199E-60
            -0.353E+01             0.377E-61
            -0.351E+01             0.542E-61
            -0.350E+01             0.707E-60
            -0.348E+01             0.883E-61
            -0.346E+01             0.237E-60
            -0.345E+01             0.651E-61
            -0.343E+01             0.165E-60
            -0.341E+01             0.505E-60
            -0.340E+01             0.242E-60
            -0.338E+01             0.823E-62
            -0.336E+01             0.977E-60
            -0.334E+01             0.702E-60
            -0.333E+01             0.418E-61
            -0.331E+01             0.342E-59
            -0.329E+01             0.154E-59
            -0.328E+01             0.518E-61
            -0.326E+01             0.121E-59
            -0.324E+01             0.442E-60
            -0.323E+01             0.788E-60
            -0.321E+01             0.289E-61
            -0.319E+01             0.653E-63
            -0.318E+01             0.514E-62
            -0.316E+01             0.183E-61
            -0.314E+01             0.448E-59
            -0.312E+01             0.258E-59
            -0.311E+01             0.623E-61
            -0.309E+01             0.283E-60
            -0.307E+01             0.329E-60
            -0.306E+01             0.396E-60
            -0.304E+01             0.236E-60
            -0.302E+01             0.122E-59
            -0.301E+01             0.140E-59
            -0.299E+01             0.552E-60
            -0.297E+01             0.103E-59
            -0.296E+01             0.187E-59
            -0.294E+01             0.416E-59
            -0.292E+01             0.109E-59
            -0.290E+01             0.623E-60
            -0.289E+01             0.137E-59
            -0.287E+01             0.856E-60
            -0.285E+01             0.876E-60
            -0.284E+01             0.108E-59
            -0.282E+01             0.185E-60
            -0.280E+01             0.211E-59
            -0.279E+01             0.628E-60
            -0.277E+01             0.398E-60
            -0.275E+01             0.541E-60
            -0.273E+01             0.236E-59
            -0.272E+01             0.115E-58
            -0.270E+01             0.122E-57
            -0.268E+01             0.878E-57
            -0.267E+01             0.471E-56
            -0.265E+01             0.270E-55
            -0.263E+01             0.153E-54
            -0.262E+01             0.843E-54
            -0.260E+01             0.461E-53
            -0.258E+01             0.248E-52
            -0.257E+01             0.133E-51
            -0.255E+01             0.701E-51
            -0.253E+01             0.367E-50
            -0.251E+01             0.190E-49
            -0.250E+01             0.970E-49
            -0.248E+01             0.491E-48
            -0.246E+01             0.246E-47
            -0.245E+01             0.122E-46
            -0.243E+01             0.597E-46
            -0.241E+01             0.289E-45
            -0.240E+01             0.139E-44
            -0.238E+01             0.658E-44
            -0.236E+01             0.309E-43
            -0.235E+01             0.143E-42
            -0.233E+01             0.659E-42
            -0.231E+01             0.299E-41
            -0.229E+01             0.134E-40
            -0.228E+01             0.597E-40
            -0.226E+01             0.263E-39
            -0.224E+01             0.114E-38
            -0.223E+01             0.491E-38
            -0.221E+01             0.209E-37
            -0.219E+01             0.878E-37
            -0.218E+01             0.365E-36
            -0.216E+01             0.150E-35
            -0.214E+01             0.612E-35
            -0.213E+01             0.246E-34
            -0.211E+01             0.981E-34
            -0.209E+01             0.386E-33
            -0.207E+01             0.150E-32
            -0.206E+01             0.579E-32
            -0.204E+01             0.220E-31
            -0.202E+01             0.830E-31
            -0.201E+01             0.309E-30
            -0.199E+01             0.114E-29
            -0.197E+01             0.415E-29
            -0.196E+01             0.149E-28
            -0.194E+01             0.532E-28
            -0.192E+01             0.187E-27
            -0.191E+01             0.652E-27
            -0.189E+01             0.224E-26
            -0.187E+01             0.764E-26
            -0.185E+01             0.257E-25
            -0.184E+01             0.856E-25
            -0.182E+01             0.282E-24
            -0.180E+01             0.917E-24
            -0.179E+01             0.295E-23
            -0.177E+01             0.938E-23
            -0.175E+01             0.295E-22
            -0.174E+01             0.917E-22
            -0.172E+01             0.282E-21
            -0.170E+01             0.857E-21
            -0.169E+01             0.257E-20
            -0.167E+01             0.765E-20
            -0.165E+01             0.224E-19
            -0.163E+01             0.652E-19
            -0.162E+01             0.187E-18
            -0.160E+01             0.530E-18
            -0.158E+01             0.149E-17
            -0.157E+01             0.412E-17
            -0.155E+01             0.113E-16
            -0.153E+01             0.306E-16
            -0.152E+01             0.819E-16
            -0.150E+01             0.217E-15
            -0.148E+01             0.567E-15
            -0.146E+01             0.146E-14
            -0.145E+01             0.374E-14
            -0.143E+01             0.945E-14
            -0.141E+01             0.236E-13
            -0.140E+01             0.581E-13
            -0.138E+01             0.142E-12
            -0.136E+01             0.341E-12
            -0.135E+01             0.813E-12
            -0.133E+01             0.191E-11
            -0.131E+01             0.444E-11
            -0.130E+01             0.102E-10
            -0.128E+01             0.232E-10
            -0.126E+01             0.520E-10
            -0.124E+01             0.115E-09
            -0.123E+01             0.252E-09
            -0.121E+01             0.546E-09
            -0.119E+01             0.117E-08
            -0.118E+01             0.246E-08
            -0.116E+01             0.514E-08
            -0.114E+01             0.106E-07
            -0.113E+01             0.216E-07
            -0.111E+01             0.434E-07
            -0.109E+01             0.862E-07
            -0.108E+01             0.169E-06
            -0.106E+01             0.328E-06
            -0.104E+01             0.628E-06
            -0.102E+01             0.119E-05
            -0.101E+01             0.222E-05
            -0.991E+00             0.409E-05
            -0.974E+00             0.744E-05
            -0.957E+00             0.134E-04
            -0.940E+00             0.238E-04
            -0.923E+00             0.417E-04
            -0.906E+00             0.721E-04
            -0.889E+00             0.123E-03
            -0.872E+00             0.208E-03
            -0.855E+00             0.346E-03
            -0.838E+00             0.569E-03
            -0.821E+00             0.923E-03
            -0.804E+00             0.148E-02
            -0.787E+00             0.233E-02
            -0.771E+00             0.363E-02
            -0.754E+00             0.559E-02
            -0.737E+00             0.847E-02
            -0.720E+00             0.127E-01
            -0.703E+00             0.187E-01
            -0.686E+00             0.272E-01
            -0.669E+00             0.390E-01
            -0.652E+00             0.551E-01
            -0.635E+00             0.767E-01
            -0.618E+00             0.105E+00
            -0.601E+00             0.142E+00
            -0.584E+00             0.190E+00
            -0.567E+00             0.249E+00
            -0.550E+00             0.321E+00
            -0.533E+00             0.408E+00
            -0.517E+00             0.509E+00
            -0.500E+00             0.626E+00
            -0.483E+00             0.755E+00
            -0.466E+00             0.895E+00
            -0.449E+00             0.104E+01
            -0.432E+00             0.119E+01
            -0.415E+00             0.133E+01
            -0.398E+00             0.146E+01
            -0.381E+00             0.156E+01
            -0.364E+00             0.163E+01
            -0.347E+00             0.166E+01
            -0.330E+00             0.164E+01
            -0.313E+00             0.157E+01
            -0.296E+00             0.145E+01
            -0.279E+00             0.129E+01
            -0.262E+00             0.109E+01
            -0.246E+00             0.871E+00
            -0.229E+00             0.642E+00
            -0.212E+00             0.424E+00
            -0.195E+00             0.236E+00
            -0.178E+00             0.959E-01
            -0.161E+00             0.158E-01
            -0.144E+00             0.383E-02
            -0.127E+00             0.613E-01
            -0.110E+00             0.182E+00
            -0.931E-01             0.354E+00
            -0.762E-01             0.556E+00
            -0.593E-01             0.768E+00
            -0.423E-01             0.965E+00
            -0.254E-01             0.112E+01
            -0.847E-02             0.123E+01
             0.847E-02             0.126E+01
             0.254E-01             0.123E+01
             0.423E-01             0.112E+01
             0.593E-01             0.965E+00
             0.762E-01             0.768E+00
             0.931E-01             0.556E+00
             0.110E+00             0.354E+00
             0.127E+00             0.182E+00
             0.144E+00             0.613E-01
             0.161E+00             0.383E-02
             0.178E+00             0.158E-01
             0.195E+00             0.959E-01
             0.212E+00             0.236E+00
             0.229E+00             0.424E+00
             0.246E+00             0.642E+00
             0.262E+00             0.871E+00
             0.279E+00             0.109E+01
             0.296E+00             0.129E+01
             0.313E+00             0.145E+01
             0.330E+00             0.157E+01
             0.347E+00             0.164E+01
             0.364E+00             0.166E+01
             0.381E+00             0.163E+01
             0.398E+00             0.156E+01
             0.415E+00             0.146E+01
             0.432E+00             0.133E+01
             0.449E+00             0.119E+01
             0.466E+00             0.104E+01
             0.483E+00             0.895E+00
             0.500E+00             0.755E+00
             0.517E+00             0.626E+00
             0.533E+00             0.509E+00
             0.550E+00             0.408E+00
             0.567E+00             0.321E+00
             0.584E+00             0.249E+00
             0.601E+00             0.190E+00
             0.618E+00             0.142E+00
             0.635E+00             0.105E+00
             0.652E+00             0.767E-01
             0.669E+00             0.551E-01
             0.686E+00             0.390E-01
             0.703E+00             0.272E-01
             0.720E+00             0.187E-01
             0.737E+00             0.127E-01
             0.754E+00             0.847E-02
             0.771E+00             0.559E-02
             0.787E+00             0.363E-02
             0.804E+00             0.233E-02
             0.821E+00             0.148E-02
             0.838E+00             0.923E-03
             0.855E+00             0.569E-03
             0.872E+00             0.346E-03
             0.889E+00             0.208E-03
             0.906E+00             0.123E-03
             0.923E+00             0.721E-04
             0.940E+00             0.417E-04
             0.957E+00             0.238E-04
             0.974E+00             0.134E-04
             0.991E+00             0.744E-05
             0.101E+01             0.409E-05
             0.102E+01             0.222E-05
             0.104E+01             0.119E-05
             0.106E+01             0.628E-06
             0.108E+01             0.328E-06
             0.109E+01             0.169E-06
             0.111E+01             0.862E-07
             0.113E+01             0.434E-07
             0.114E+01             0.216E-07
             0.116E+01             0.106E-07
             0.118E+01             0.514E-08
             0.119E+01             0.246E-08
             0.121E+01             0.117E-08
             0.123E+01             0.546E-09
             0.124E+01             0.252E-09
             0.126E+01             0.115E-09
             0.128E+01             0.520E-10
             0.130E+01             0.232E-10
             0.131E+01             0.102E-10
             0.133E+01             0.444E-11
             0.135E+01             0.191E-11
             0.136E+01             0.813E-12
             0.138E+01             0.341E-12
             0.140E+01             0.142E-12
             0.141E+01             0.581E-13
             0.143E+01             0.236E-13
             0.145E+01             0.945E-14
             0.146E+01             0.374E-14
             0.148E+01             0.146E-14
             0.150E+01             0.567E-15
             0.152E+01             0.217E-15
             0.153E+01             0.819E-16
             0.155E+01             0.306E-16
             0.157E+01             0.113E-16
             0.158E+01             0.412E-17
             0.160E+01             0.149E-17
             0.162E+01             0.530E-18
             0.163E+01             0.187E-18
             0.165E+01             0.652E-19
             0.167E+01             0.224E-19
             0.169E+01             0.765E-20
             0.170E+01             0.257E-20
             0.172E+01             0.857E-21
             0.174E+01             0.282E-21
             0.175E+01             0.917E-22
             0.177E+01             0.295E-22
             0.179E+01             0.929E-23
             0.180E+01             0.289E-23
             0.182E+01             0.900E-24
             0.184E+01             0.274E-24
             0.185E+01             0.818E-25
             0.187E+01             0.242E-25
             0.189E+01             0.687E-26
             0.191E+01             0.166E-26
             0.192E+01             0.433E-27
             0.194E+01             0.103E-27
             0.196E+01             0.435E-28
             0.197E+01             0.307E-28
             0.199E+01             0.204E-30
             0.201E+01             0.215E-28
             0.202E+01             0.235E-28
             0.204E+01             0.549E-28
             0.206E+01             0.153E-28
             0.207E+01             0.989E-30
             0.209E+01             0.110E-28
             0.211E+01             0.206E-28
             0.213E+01             0.788E-29
             0.214E+01             0.469E-28
             0.216E+01             0.604E-29
             0.218E+01             0.111E-29
             0.219E+01             0.245E-28
             0.221E+01             0.128E-28
             0.223E+01             0.337E-28
             0.224E+01             0.633E-29
             0.226E+01             0.602E-30
             0.228E+01             0.546E-31
             0.229E+01             0.140E-29
             0.231E+01             0.256E-29
             0.233E+01             0.459E-28
             0.235E+01             0.357E-28
             0.236E+01             0.188E-31
             0.238E+01             0.611E-29
             0.240E+01             0.559E-29
             0.241E+01             0.269E-31
             0.243E+01             0.123E-33
             0.245E+01             0.793E-29
             0.246E+01             0.418E-28
             0.248E+01             0.193E-28
             0.250E+01             0.360E-28
             0.251E+01             0.694E-29
             0.253E+01             0.190E-28
             0.255E+01             0.428E-30
             0.257E+01             0.229E-29
             0.258E+01             0.614E-28
             0.260E+01             0.851E-28
             0.262E+01             0.616E-28
             0.263E+01             0.597E-28
             0.265E+01             0.428E-28
             0.267E+01             0.230E-28
             0.268E+01             0.216E-28
             0.270E+01             0.102E-29
             0.272E+01             0.368E-30
             0.273E+01             0.162E-28
             0.275E+01             0.762E-29
             0.277E+01             0.418E-29
             0.279E+01             0.128E-29
             0.280E+01             0.178E-28
             0.282E+01             0.656E-29
             0.284E+01             0.940E-31
             0.285E+01             0.246E-30
             0.287E+01             0.312E-29
             0.289E+01             0.380E-29
             0.290E+01             0.167E-30
             0.292E+01             0.157E-29
             0.294E+01             0.998E-29
             0.296E+01             0.155E-31
             0.297E+01             0.175E-28
             0.299E+01             0.276E-29
             0.301E+01             0.116E-29
             0.302E+01             0.845E-29
             0.304E+01             0.252E-29
             0.306E+01             0.234E-30
             0.307E+01             0.659E-31
             0.309E+01             0.140E-29
             0.311E+01             0.235E-30
             0.312E+01             0.185E-30
             0.314E+01             0.253E-29
             0.316E+01             0.701E-29
             0.318E+01             0.507E-31
             0.319E+01             0.171E-30
             0.321E+01             0.770E-29
             0.323E+01             0.424E-29
             0.324E+01             0.447E-30
             0.326E+01             0.178E-29
             0.328E+01             0.224E-29
             0.329E+01             0.335E-29
             0.331E+01             0.416E-30
             0.333E+01             0.426E-31
             0.334E+01             0.354E-29
             0.336E+01             0.724E-29
             0.338E+01             0.105E-31
             0.340E+01             0.195E-30
             0.341E+01             0.421E-30
             0.343E+01             0.108E-29
             0.345E+01             0.293E-29
             0.346E+01             0.748E-30
             0.348E+01             0.213E-29
             0.350E+01             0.474E-30
             0.351E+01             0.632E-29
             0.353E+01             0.589E-29
             0.355E+01             0.674E-30
             0.356E+01             0.804E-29
             0.358E+01             0.358E-29
             0.360E+01             0.975E-29
             0.362E+01             0.278E-29
             0.363E+01             0.269E-29
             0.365E+01             0.249E-30
             0.367E+01             0.335E-29
             0.368E+01             0.465E-31
             0.370E+01             0.138E-30
             0.372E+01             0.265E-29
             0.373E+01             0.476E-31
             0.375E+01             0.860E-30
             0.377E+01             0.287E-29
             0.378E+01             0.926E-31
             0.380E+01             0.970E-31
             0.382E+01             0.603E-31
             0.384E+01             0.270E-31
             0.385E+01             0.137E-29
             0.387E+01             0.826E-30
             0.389E+01             0.680E-29
             0.390E+01             0.173E-29
             0.392E+01             0.604E-30
             0.394E+01             0.285E-31
             0.395E+01             0.322E-29
             0.397E+01             0.394E-30
             0.399E+01             0.130E-29
             0.401E+01             0.207E-32
             0.402E+01             0.562E-30
             0.404E+01             0.220E-29
             0.406E+01             0.752E-29
             0.407E+01             0.386E-30
             0.409E+01             0.470E-29
             0.411E+01             0.105E-29
             0.412E+01             0.412E-30
             0.414E+01             0.309E-29
             0.416E+01             0.149E-28
             0.417E+01             0.474E-29
             0.419E+01             0.942E-30
             0.421E+01             0.846E-31
             0.423E+01             0.130E-29
             0.424E+01             0.141E-30
             0.426E+01             0.836E-30
             0.428E+01             0.352E-29
             0.429E+01             0.180E-29
             0.431E+01             0.471E-31
             0.433E+01             0.639E-30
             0.434E+01             0.294E-29
             0.436E+01             0.337E-30
             0.438E+01             0.147E-31
             0.439E+01             0.632E-30
             0.441E+01             0.730E-31
             0.443E+01             0.268E-29
             0.445E+01             0.328E-30
             0.446E+01             0.625E-30
             0.448E+01             0.540E-30
             0.450E+01             0.323E-30
             0.451E+01             0.480E-31
             0.453E+01             0.170E-29
             0.455E+01             0.658E-30
             0.456E+01             0.430E-31
             0.458E+01             0.241E-32
             0.460E+01             0.123E-30
             0.461E+01             0.226E-29
             0.463E+01             0.134E-29
             0.465E+01             0.142E-29
             0.467E+01             0.210E-29
             0.468E+01             0.199E-29
             0.470E+01             0.647E-32
             0.472E+01             0.142E-29
             0.473E+01             0.857E-30
             0.475E+01             0.107E-31
             0.477E+01             0.381E-30
             0.478E+01             0.212E-31
             0.480E+01             0.158E-30
             0.482E+01             0.205E-30
             0.483E+01             0.155E-30
             0.485E+01             0.110E-29
             0.487E+01             0.228E-31
             0.489E+01             0.425E-30
             0.490E+01             0.613E-30
             0.492E+01             0.980E-30
             0.494E+01             0.111E-32
             0.495E+01             0.325E-30
             0.497E+01             0.431E-30
             0.499E+01             0.522E-30
             0.500E+01             0.413E-30
             0.502E+01             0.826E-30
             0.504E+01             0.474E-30
             0.506E+01             0.104E-29
             0.507E+01             0.207E-30
             0.509E+01             0.534E-30
             0.511E+01             0.124E-29
             0.512E+01             0.274E-29
             0.514E+01             0.523E-30
             0.516E+01             0.904E-31
             0.517E+01             0.402E-31
             0.519E+01             0.298E-31
             0.521E+01             0.277E-29
             0.522E+01             0.685E-31
             0.524E+01             0.174E-31
             0.526E+01             0.495E-30
             0.528E+01             0.477E-30
             0.529E+01             0.544E-30
             0.531E+01             0.739E-31
             0.533E+01             0.432E-31
             0.534E+01             0.756E-30
             0.536E+01             0.112E-30
             0.538E+01             0.129E-29
             0.539E+01             0.409E-30
             0.541E+01             0.208E-30
             0.543E+01             0.132E-30
             0.544E+01             0.204E-31
             0.546E+01             0.462E-32
             0.548E+01             0.747E-32
             0.550E+01             0.839E-32
             0.551E+01             0.138E-30
             0.553E+01             0.300E-30
             0.555E+01             0.298E-30
             0.556E+01             0.216E-30
             0.558E+01             0.450E-30
             0.560E+01             0.663E-33
             0.561E+01             0.371E-31
             0.563E+01             0.591E-33
             0.565E+01             0.242E-31
             0.566E+01             0.159E-30
             0.568E+01             0.101E-29
             0.570E+01             0.541E-30
             0.572E+01             0.272E-30
             0.573E+01             0.808E-31
             0.575E+01             0.542E-31
             0.577E+01             0.165E-30
             0.578E+01             0.815E-33
             0.580E+01             0.150E-30
             0.582E+01             0.166E-30
             0.583E+01             0.907E-31
             0.585E+01             0.554E-30
             0.587E+01             0.512E-30
             0.588E+01             0.305E-32
             0.590E+01             0.459E-30
             0.592E+01             0.120E-30
             0.594E+01             0.916E-30
             0.595E+01             0.135E-30
             0.597E+01             0.205E-30
             0.599E+01             0.859E-30
             0.600E+01             0.465E-30
             0.602E+01             0.190E-31
             0.604E+01             0.109E-32
             0.605E+01             0.722E-32
             0.607E+01             0.494E-30
             0.609E+01             0.378E-30
             0.610E+01             0.224E-32
             0.612E+01             0.110E-31
             0.614E+01             0.360E-31
             0.616E+01             0.101E-30
             0.617E+01             0.204E-31
             0.619E+01             0.522E-30
             0.621E+01             0.105E-29
             0.622E+01             0.485E-30
             0.624E+01             0.734E-31
             0.626E+01             0.469E-32
             0.627E+01             0.294E-30
             0.629E+01             0.164E-29
             0.631E+01             0.812E-30
             0.633E+01             0.709E-35
             0.634E+01             0.147E-29
             0.636E+01             0.526E-30
             0.638E+01             0.838E-30
             0.639E+01             0.269E-29
             0.641E+01             0.179E-30
             0.643E+01             0.560E-30
             0.644E+01             0.208E-32
             0.646E+01             0.186E-30
             0.648E+01             0.826E-30
             0.649E+01             0.237E-29
             0.651E+01             0.401E-31
             0.653E+01             0.916E-31
             0.655E+01             0.500E-30
             0.656E+01             0.314E-31
             0.658E+01             0.533E-31
             0.660E+01             0.235E-31
             0.661E+01             0.356E-32
             0.663E+01             0.378E-31
             0.665E+01             0.165E-29
             0.666E+01             0.175E-31
             0.668E+01             0.340E-30
             0.670E+01             0.176E-30
             0.671E+01             0.153E-30
             0.673E+01             0.299E-30
             0.675E+01             0.226E-29
             0.677E+01             0.346E-30
             0.678E+01             0.135E-29
             0.680E+01             0.588E-33
             0.682E+01             0.220E-31
             0.683E+01             0.194E-29
             0.685E+01             0.417E-30
             0.687E+01             0.977E-31
             0.688E+01             0.650E-33
             0.690E+01             0.135E-29
             0.692E+01             0.179E-30
             0.693E+01             0.541E-31
             0.695E+01             0.196E-31
             0.697E+01             0.746E-30
             0.699E+01             0.103E-29
             0.700E+01             0.290E-30
             0.702E+01             0.149E-32
             0.704E+01             0.191E-29
             0.705E+01             0.484E-29
             0.707E+01             0.807E-30
             0.709E+01             0.839E-31
             0.710E+01             0.213E-29
             0.712E+01             0.145E-30
             0.714E+01             0.365E-30
             0.715E+01             0.750E-31
             0.717E+01             0.861E-31
             0.719E+01             0.388E-30
             0.721E+01             0.154E-30
             0.722E+01             0.138E-29
             0.724E+01             0.141E-29
             0.726E+01             0.239E-29
             0.727E+01             0.434E-29
             0.729E+01             0.595E-29
             0.731E+01             0.123E-28
             0.732E+01             0.126E-30
             0.734E+01             0.169E-30
             0.736E+01             0.247E-29
             0.738E+01             0.660E-30
             0.739E+01             0.151E-29
             0.741E+01             0.169E-29
             0.743E+01             0.964E-30
             0.744E+01             0.679E-29
             0.746E+01             0.958E-30
             0.748E+01             0.270E-30
             0.749E+01             0.169E-28
             0.751E+01             0.183E-29
             0.753E+01             0.793E-29
             0.754E+01             0.255E-29
             0.756E+01             0.499E-30
             0.758E+01             0.325E-29
             0.760E+01             0.161E-29
             0.761E+01             0.843E-30
             0.763E+01             0.433E-30
             0.765E+01             0.285E-29
             0.766E+01             0.587E-31
             0.768E+01             0.164E-30
             0.770E+01             0.242E-29
             0.771E+01             0.355E-29
             0.773E+01             0.128E-29
             0.775E+01             0.180E-30
             0.776E+01             0.182E-30
             0.778E+01             0.213E-29
             0.780E+01             0.240E-29
             0.782E+01             0.183E-28
             0.783E+01             0.219E-29
             0.785E+01             0.171E-30
             0.787E+01             0.101E-28
             0.788E+01             0.952E-32
             0.790E+01             0.656E-29
             0.792E+01             0.966E-30
             0.793E+01             0.112E-29
             0.795E+01             0.297E-29
             0.797E+01             0.104E-29
             0.798E+01             0.105E-29
             0.800E+01             0.241E-29
             0.802E+01             0.209E-29
             0.804E+01             0.289E-30
             0.805E+01             0.470E-30
             0.807E+01             0.409E-32
             0.809E+01             0.113E-30
             0.810E+01             0.323E-29
             0.812E+01             0.269E-30
             0.814E+01             0.218E-29
             0.815E+01             0.166E-31
             0.817E+01             0.183E-30
             0.819E+01             0.349E-31
             0.820E+01             0.195E-30
             0.822E+01             0.428E-32
             0.824E+01             0.193E-29
             0.826E+01             0.576E-29
             0.827E+01             0.761E-29
             0.829E+01             0.280E-29
             0.831E+01             0.482E-29
             0.832E+01             0.500E-31
             0.834E+01             0.238E-31
             0.836E+01             0.608E-30
             0.837E+01             0.414E-30
             0.839E+01             0.119E-31
             0.841E+01             0.710E-31
             0.843E+01             0.194E-29
             0.844E+01             0.192E-29
             0.846E+01             0.245E-29
             0.848E+01             0.931E-29
             0.849E+01             0.113E-29
             0.851E+01             0.104E-29
             0.853E+01             0.289E-29
             0.854E+01             0.169E-31
             0.856E+01             0.792E-30
             0.858E+01             0.225E-30
             0.859E+01             0.860E-30
             0.861E+01             0.659E-30
             0.863E+01             0.334E-29
             0.865E+01             0.144E-30
             0.866E+01             0.659E-30
             0.868E+01             0.684E-29
             0.870E+01             0.447E-31
             0.871E+01             0.229E-29
             0.873E+01             0.896E-30
             0.875E+01             0.453E-31
             0.876E+01             0.193E-29
             0.878E+01             0.783E-32
             0.880E+01             0.985E-31
             0.881E+01             0.690E-30
             0.883E+01             0.594E-32
             0.885E+01             0.172E-30
             0.887E+01             0.490E-29
             0.888E+01             0.509E-30
             0.890E+01             0.558E-29
             0.892E+01             0.488E-30
             0.893E+01             0.963E-33
             0.895E+01             0.367E-30
             0.897E+01             0.396E-30
             0.898E+01             0.134E-30
             0.900E+01             0.147E-29
             0.902E+01             0.466E-30
             0.903E+01             0.296E-30
             0.905E+01             0.642E-29
             0.907E+01             0.231E-30
             0.909E+01             0.319E-29
             0.910E+01             0.386E-29
             0.912E+01             0.171E-29
             0.914E+01             0.151E-29
             0.915E+01             0.291E-31
             0.917E+01             0.224E-29
             0.919E+01             0.368E-29
             0.920E+01             0.191E-29
             0.922E+01             0.300E-30
             0.924E+01             0.300E-30
             0.925E+01             0.213E-29
             0.927E+01             0.240E-31
             0.929E+01             0.115E-30
             0.931E+01             0.846E-30
             0.932E+01             0.311E-31
             0.934E+01             0.298E-30
             0.936E+01             0.505E-31
             0.937E+01             0.494E-30
             0.939E+01             0.122E-30
             0.941E+01             0.927E-31
             0.942E+01             0.171E-30
             0.944E+01             0.504E-31
             0.946E+01             0.450E-31
             0.948E+01             0.622E-31
             0.949E+01             0.117E-31
             0.951E+01             0.551E-30
             0.953E+01             0.483E-31
             0.954E+01             0.323E-30
             0.956E+01             0.240E-29
             0.958E+01             0.925E-30
             0.959E+01             0.289E-29
             0.961E+01             0.116E-30
             0.963E+01             0.227E-30
             0.964E+01             0.173E-29
             0.966E+01             0.107E-30
             0.968E+01             0.839E-30
             0.970E+01             0.795E-31
             0.971E+01             0.813E-31
             0.973E+01             0.519E-30
             0.975E+01             0.398E-30
             0.976E+01             0.337E-30
             0.978E+01             0.867E-32
             0.980E+01             0.459E-34
             0.981E+01             0.224E-30
             0.983E+01             0.748E-33
             0.985E+01             0.438E-31
             0.986E+01             0.133E-31
             0.988E+01             0.305E-32
             0.990E+01             0.269E-33
             0.992E+01             0.544E-32
             0.993E+01             0.177E-33
             0.995E+01             0.114E-33
             0.997E+01             0.248E-33
             0.998E+01             0.733E-37
             0.100E+02             0.369E-35
