            -0.698E+01             0.291E-34
            -0.696E+01             0.487E-32
            -0.694E+01             0.346E-31
            -0.693E+01             0.215E-31
            -0.691E+01             0.458E-34
            -0.689E+01             0.160E-31
            -0.687E+01             0.123E-30
            -0.685E+01             0.241E-34
            -0.683E+01             0.496E-31
            -0.682E+01             0.108E-32
            -0.680E+01             0.106E-31
            -0.678E+01             0.111E-31
            -0.676E+01             0.372E-32
            -0.674E+01             0.555E-32
            -0.672E+01             0.871E-32
            -0.671E+01             0.123E-31
            -0.669E+01             0.143E-31
            -0.667E+01             0.174E-32
            -0.665E+01             0.868E-33
            -0.663E+01             0.380E-34
            -0.661E+01             0.642E-33
            -0.660E+01             0.266E-34
            -0.658E+01             0.305E-34
            -0.656E+01             0.158E-34
            -0.654E+01             0.170E-35
            -0.652E+01             0.364E-35
            -0.650E+01             0.356E-36
            -0.648E+01             0.132E-36
            -0.647E+01             0.141E-36
            -0.645E+01             0.244E-37
            -0.643E+01             0.210E-38
            -0.641E+01             0.126E-39
            -0.639E+01             0.168E-39
            -0.637E+01             0.338E-40
            -0.636E+01             0.176E-40
            -0.634E+01             0.503E-42
            -0.632E+01             0.106E-41
            -0.630E+01             0.234E-43
            -0.628E+01             0.260E-43
            -0.626E+01             0.487E-44
            -0.625E+01             0.434E-45
            -0.623E+01             0.188E-46
            -0.621E+01             0.184E-46
            -0.619E+01             0.112E-47
            -0.617E+01             0.281E-48
            -0.615E+01             0.642E-49
            -0.614E+01             0.176E-49
            -0.612E+01             0.398E-50
            -0.610E+01             0.262E-51
            -0.608E+01             0.623E-52
            -0.606E+01             0.104E-53
            -0.604E+01             0.137E-54
            -0.602E+01             0.439E-56
            -0.601E+01             0.234E-56
            -0.599E+01             0.161E-56
            -0.597E+01             0.250E-57
            -0.595E+01             0.774E-59
            -0.593E+01             0.313E-61
            -0.591E+01             0.456E-60
            -0.590E+01             0.943E-62
            -0.588E+01             0.470E-62
            -0.586E+01             0.162E-63
            -0.584E+01             0.429E-62
            -0.582E+01             0.116E-61
            -0.580E+01             0.103E-62
            -0.579E+01             0.231E-63
            -0.577E+01             0.248E-61
            -0.575E+01             0.144E-63
            -0.573E+01             0.361E-62
            -0.571E+01             0.912E-62
            -0.569E+01             0.408E-62
            -0.568E+01             0.123E-61
            -0.566E+01             0.691E-63
            -0.564E+01             0.100E-63
            -0.562E+01             0.911E-64
            -0.560E+01             0.174E-62
            -0.558E+01             0.153E-62
            -0.557E+01             0.552E-62
            -0.555E+01             0.146E-62
            -0.553E+01             0.572E-62
            -0.551E+01             0.296E-63
            -0.549E+01             0.399E-62
            -0.547E+01             0.825E-62
            -0.545E+01             0.339E-63
            -0.544E+01             0.587E-62
            -0.542E+01             0.430E-62
            -0.540E+01             0.825E-62
            -0.538E+01             0.239E-61
            -0.536E+01             0.137E-61
            -0.534E+01             0.656E-61
            -0.533E+01             0.848E-65
            -0.531E+01             0.108E-61
            -0.529E+01             0.201E-64
            -0.527E+01             0.129E-62
            -0.525E+01             0.640E-63
            -0.523E+01             0.630E-62
            -0.522E+01             0.128E-62
            -0.520E+01             0.119E-63
            -0.518E+01             0.685E-65
            -0.516E+01             0.134E-61
            -0.514E+01             0.110E-61
            -0.512E+01             0.126E-61
            -0.511E+01             0.419E-63
            -0.509E+01             0.858E-62
            -0.507E+01             0.151E-62
            -0.505E+01             0.451E-63
            -0.503E+01             0.126E-61
            -0.501E+01             0.410E-63
            -0.499E+01             0.428E-63
            -0.498E+01             0.157E-65
            -0.496E+01             0.733E-63
            -0.494E+01             0.206E-62
            -0.492E+01             0.229E-63
            -0.490E+01             0.136E-61
            -0.488E+01             0.215E-62
            -0.487E+01             0.606E-65
            -0.485E+01             0.374E-62
            -0.483E+01             0.145E-60
            -0.481E+01             0.695E-61
            -0.479E+01             0.746E-62
            -0.477E+01             0.477E-63
            -0.476E+01             0.200E-61
            -0.474E+01             0.392E-63
            -0.472E+01             0.763E-63
            -0.470E+01             0.772E-63
            -0.468E+01             0.203E-61
            -0.466E+01             0.142E-62
            -0.465E+01             0.457E-62
            -0.463E+01             0.178E-63
            -0.461E+01             0.641E-63
            -0.459E+01             0.635E-62
            -0.457E+01             0.101E-62
            -0.455E+01             0.297E-62
            -0.453E+01             0.615E-62
            -0.452E+01             0.545E-65
            -0.450E+01             0.469E-62
            -0.448E+01             0.611E-62
            -0.446E+01             0.408E-63
            -0.444E+01             0.337E-62
            -0.442E+01             0.540E-62
            -0.441E+01             0.455E-62
            -0.439E+01             0.110E-62
            -0.437E+01             0.192E-62
            -0.435E+01             0.151E-62
            -0.433E+01             0.645E-65
            -0.431E+01             0.392E-62
            -0.430E+01             0.340E-61
            -0.428E+01             0.402E-63
            -0.426E+01             0.558E-62
            -0.424E+01             0.131E-61
            -0.422E+01             0.279E-62
            -0.420E+01             0.400E-62
            -0.419E+01             0.131E-63
            -0.417E+01             0.527E-63
            -0.415E+01             0.766E-65
            -0.413E+01             0.160E-62
            -0.411E+01             0.766E-63
            -0.409E+01             0.203E-62
            -0.407E+01             0.166E-62
            -0.406E+01             0.796E-62
            -0.404E+01             0.418E-62
            -0.402E+01             0.243E-62
            -0.400E+01             0.560E-61
            -0.398E+01             0.800E-62
            -0.396E+01             0.669E-63
            -0.395E+01             0.758E-62
            -0.393E+01             0.389E-62
            -0.391E+01             0.767E-63
            -0.389E+01             0.147E-64
            -0.387E+01             0.350E-64
            -0.385E+01             0.122E-63
            -0.384E+01             0.442E-63
            -0.382E+01             0.977E-64
            -0.380E+01             0.612E-62
            -0.378E+01             0.303E-62
            -0.376E+01             0.279E-62
            -0.374E+01             0.719E-63
            -0.373E+01             0.677E-63
            -0.371E+01             0.138E-64
            -0.369E+01             0.119E-62
            -0.367E+01             0.162E-63
            -0.365E+01             0.265E-64
            -0.363E+01             0.398E-63
            -0.361E+01             0.305E-62
            -0.360E+01             0.314E-62
            -0.358E+01             0.206E-62
            -0.356E+01             0.751E-62
            -0.354E+01             0.817E-62
            -0.352E+01             0.359E-62
            -0.350E+01             0.846E-65
            -0.349E+01             0.316E-62
            -0.347E+01             0.217E-64
            -0.345E+01             0.385E-63
            -0.343E+01             0.125E-61
            -0.341E+01             0.342E-63
            -0.339E+01             0.264E-62
            -0.338E+01             0.708E-63
            -0.336E+01             0.138E-62
            -0.334E+01             0.310E-62
            -0.332E+01             0.402E-61
            -0.330E+01             0.233E-61
            -0.328E+01             0.364E-61
            -0.327E+01             0.402E-62
            -0.325E+01             0.576E-63
            -0.323E+01             0.532E-62
            -0.321E+01             0.277E-61
            -0.319E+01             0.740E-61
            -0.317E+01             0.760E-61
            -0.316E+01             0.329E-62
            -0.314E+01             0.336E-61
            -0.312E+01             0.419E-61
            -0.310E+01             0.168E-62
            -0.308E+01             0.869E-61
            -0.306E+01             0.354E-63
            -0.304E+01             0.806E-62
            -0.303E+01             0.395E-61
            -0.301E+01             0.565E-61
            -0.299E+01             0.143E-60
            -0.297E+01             0.184E-60
            -0.295E+01             0.135E-60
            -0.293E+01             0.129E-61
            -0.292E+01             0.287E-62
            -0.290E+01             0.205E-61
            -0.288E+01             0.290E-63
            -0.286E+01             0.336E-60
            -0.284E+01             0.470E-61
            -0.282E+01             0.271E-60
            -0.281E+01             0.653E-64
            -0.279E+01             0.110E-60
            -0.277E+01             0.351E-62
            -0.275E+01             0.195E-59
            -0.273E+01             0.101E-58
            -0.271E+01             0.390E-58
            -0.270E+01             0.385E-57
            -0.268E+01             0.234E-56
            -0.266E+01             0.157E-55
            -0.264E+01             0.101E-54
            -0.262E+01             0.640E-54
            -0.260E+01             0.403E-53
            -0.258E+01             0.250E-52
            -0.257E+01             0.153E-51
            -0.255E+01             0.925E-51
            -0.253E+01             0.553E-50
            -0.251E+01             0.327E-49
            -0.249E+01             0.190E-48
            -0.247E+01             0.110E-47
            -0.246E+01             0.623E-47
            -0.244E+01             0.350E-46
            -0.242E+01             0.194E-45
            -0.240E+01             0.106E-44
            -0.238E+01             0.574E-44
            -0.236E+01             0.307E-43
            -0.235E+01             0.162E-42
            -0.233E+01             0.841E-42
            -0.231E+01             0.432E-41
            -0.229E+01             0.219E-40
            -0.227E+01             0.110E-39
            -0.225E+01             0.543E-39
            -0.224E+01             0.265E-38
            -0.222E+01             0.128E-37
            -0.220E+01             0.608E-37
            -0.218E+01             0.286E-36
            -0.216E+01             0.133E-35
            -0.214E+01             0.607E-35
            -0.212E+01             0.274E-34
            -0.211E+01             0.122E-33
            -0.209E+01             0.539E-33
            -0.207E+01             0.235E-32
            -0.205E+01             0.101E-31
            -0.203E+01             0.426E-31
            -0.201E+01             0.178E-30
            -0.200E+01             0.736E-30
            -0.198E+01             0.300E-29
            -0.196E+01             0.121E-28
            -0.194E+01             0.478E-28
            -0.192E+01             0.187E-27
            -0.190E+01             0.724E-27
            -0.189E+01             0.276E-26
            -0.187E+01             0.104E-25
            -0.185E+01             0.386E-25
            -0.183E+01             0.142E-24
            -0.181E+01             0.512E-24
            -0.179E+01             0.183E-23
            -0.178E+01             0.644E-23
            -0.176E+01             0.224E-22
            -0.174E+01             0.769E-22
            -0.172E+01             0.260E-21
            -0.170E+01             0.869E-21
            -0.168E+01             0.286E-20
            -0.166E+01             0.931E-20
            -0.165E+01             0.299E-19
            -0.163E+01             0.945E-19
            -0.161E+01             0.295E-18
            -0.159E+01             0.909E-18
            -0.157E+01             0.276E-17
            -0.155E+01             0.828E-17
            -0.154E+01             0.245E-16
            -0.152E+01             0.714E-16
            -0.150E+01             0.206E-15
            -0.148E+01             0.583E-15
            -0.146E+01             0.163E-14
            -0.144E+01             0.451E-14
            -0.143E+01             0.123E-13
            -0.141E+01             0.330E-13
            -0.139E+01             0.874E-13
            -0.137E+01             0.228E-12
            -0.135E+01             0.589E-12
            -0.133E+01             0.150E-11
            -0.132E+01             0.375E-11
            -0.130E+01             0.927E-11
            -0.128E+01             0.226E-10
            -0.126E+01             0.543E-10
            -0.124E+01             0.129E-09
            -0.122E+01             0.300E-09
            -0.120E+01             0.692E-09
            -0.119E+01             0.157E-08
            -0.117E+01             0.351E-08
            -0.115E+01             0.776E-08
            -0.113E+01             0.169E-07
            -0.111E+01             0.362E-07
            -0.109E+01             0.764E-07
            -0.108E+01             0.159E-06
            -0.106E+01             0.327E-06
            -0.104E+01             0.661E-06
            -0.102E+01             0.132E-05
            -0.100E+01             0.259E-05
            -0.984E+00             0.502E-05
            -0.966E+00             0.957E-05
            -0.947E+00             0.180E-04
            -0.929E+00             0.333E-04
            -0.911E+00             0.607E-04
            -0.892E+00             0.109E-03
            -0.874E+00             0.193E-03
            -0.855E+00             0.336E-03
            -0.837E+00             0.576E-03
            -0.819E+00             0.973E-03
            -0.800E+00             0.162E-02
            -0.782E+00             0.265E-02
            -0.763E+00             0.427E-02
            -0.745E+00             0.677E-02
            -0.727E+00             0.106E-01
            -0.708E+00             0.162E-01
            -0.690E+00             0.245E-01
            -0.671E+00             0.363E-01
            -0.653E+00             0.530E-01
            -0.635E+00             0.761E-01
            -0.616E+00             0.107E+00
            -0.598E+00             0.149E+00
            -0.580E+00             0.202E+00
            -0.561E+00             0.270E+00
            -0.543E+00             0.354E+00
            -0.524E+00             0.456E+00
            -0.506E+00             0.575E+00
            -0.488E+00             0.710E+00
            -0.469E+00             0.860E+00
            -0.451E+00             0.102E+01
            -0.432E+00             0.118E+01
            -0.414E+00             0.133E+01
            -0.396E+00             0.147E+01
            -0.377E+00             0.157E+01
            -0.359E+00             0.164E+01
            -0.340E+00             0.166E+01
            -0.322E+00             0.162E+01
            -0.304E+00             0.152E+01
            -0.285E+00             0.136E+01
            -0.267E+00             0.116E+01
            -0.248E+00             0.919E+00
            -0.230E+00             0.670E+00
            -0.212E+00             0.432E+00
            -0.193E+00             0.228E+00
            -0.175E+00             0.813E-01
            -0.156E+00             0.707E-02
            -0.138E+00             0.143E-01
            -0.120E+00             0.102E+00
            -0.101E+00             0.260E+00
            -0.828E-01             0.466E+00
            -0.644E-01             0.696E+00
            -0.460E-01             0.917E+00
            -0.276E-01             0.110E+01
            -0.920E-02             0.122E+01
             0.920E-02             0.126E+01
             0.276E-01             0.122E+01
             0.460E-01             0.110E+01
             0.644E-01             0.917E+00
             0.828E-01             0.696E+00
             0.101E+00             0.466E+00
             0.120E+00             0.260E+00
             0.138E+00             0.102E+00
             0.156E+00             0.143E-01
             0.175E+00             0.707E-02
             0.193E+00             0.813E-01
             0.212E+00             0.228E+00
             0.230E+00             0.432E+00
             0.248E+00             0.670E+00
             0.267E+00             0.919E+00
             0.285E+00             0.116E+01
             0.304E+00             0.136E+01
             0.322E+00             0.152E+01
             0.340E+00             0.162E+01
             0.359E+00             0.166E+01
             0.377E+00             0.164E+01
             0.396E+00             0.157E+01
             0.414E+00             0.147E+01
             0.432E+00             0.133E+01
             0.451E+00             0.118E+01
             0.469E+00             0.102E+01
             0.488E+00             0.860E+00
             0.506E+00             0.710E+00
             0.524E+00             0.575E+00
             0.543E+00             0.456E+00
             0.561E+00             0.354E+00
             0.580E+00             0.270E+00
             0.598E+00             0.202E+00
             0.616E+00             0.149E+00
             0.635E+00             0.107E+00
             0.653E+00             0.761E-01
             0.671E+00             0.530E-01
             0.690E+00             0.363E-01
             0.708E+00             0.245E-01
             0.727E+00             0.162E-01
             0.745E+00             0.106E-01
             0.763E+00             0.677E-02
             0.782E+00             0.427E-02
             0.800E+00             0.265E-02
             0.819E+00             0.162E-02
             0.837E+00             0.973E-03
             0.855E+00             0.576E-03
             0.874E+00             0.336E-03
             0.892E+00             0.193E-03
             0.911E+00             0.109E-03
             0.929E+00             0.607E-04
             0.947E+00             0.333E-04
             0.966E+00             0.180E-04
             0.984E+00             0.957E-05
             0.100E+01             0.502E-05
             0.102E+01             0.259E-05
             0.104E+01             0.132E-05
             0.106E+01             0.661E-06
             0.108E+01             0.327E-06
             0.109E+01             0.159E-06
             0.111E+01             0.764E-07
             0.113E+01             0.362E-07
             0.115E+01             0.169E-07
             0.117E+01             0.776E-08
             0.119E+01             0.351E-08
             0.120E+01             0.157E-08
             0.122E+01             0.692E-09
             0.124E+01             0.300E-09
             0.126E+01             0.129E-09
             0.128E+01             0.543E-10
             0.130E+01             0.226E-10
             0.132E+01             0.927E-11
             0.133E+01             0.375E-11
             0.135E+01             0.150E-11
             0.137E+01             0.589E-12
             0.139E+01             0.228E-12
             0.141E+01             0.874E-13
             0.143E+01             0.330E-13
             0.144E+01             0.123E-13
             0.146E+01             0.451E-14
             0.148E+01             0.163E-14
             0.150E+01             0.583E-15
             0.152E+01             0.206E-15
             0.154E+01             0.714E-16
             0.155E+01             0.245E-16
             0.157E+01             0.828E-17
             0.159E+01             0.276E-17
             0.161E+01             0.909E-18
             0.163E+01             0.295E-18
             0.165E+01             0.945E-19
             0.166E+01             0.299E-19
             0.168E+01             0.931E-20
             0.170E+01             0.286E-20
             0.172E+01             0.868E-21
             0.174E+01             0.260E-21
             0.176E+01             0.767E-22
             0.178E+01             0.223E-22
             0.179E+01             0.640E-23
             0.181E+01             0.181E-23
             0.183E+01             0.507E-24
             0.185E+01             0.139E-24
             0.187E+01             0.390E-25
             0.189E+01             0.103E-25
             0.190E+01             0.234E-26
             0.192E+01             0.682E-27
             0.194E+01             0.177E-27
             0.196E+01             0.281E-28
             0.198E+01             0.200E-28
             0.200E+01             0.139E-28
             0.201E+01             0.130E-28
             0.203E+01             0.307E-32
             0.205E+01             0.306E-29
             0.207E+01             0.288E-29
             0.209E+01             0.664E-29
             0.211E+01             0.558E-29
             0.212E+01             0.646E-29
             0.214E+01             0.342E-28
             0.216E+01             0.502E-28
             0.218E+01             0.194E-29
             0.220E+01             0.780E-29
             0.222E+01             0.323E-32
             0.224E+01             0.769E-30
             0.225E+01             0.127E-31
             0.227E+01             0.248E-29
             0.229E+01             0.696E-29
             0.231E+01             0.149E-28
             0.233E+01             0.763E-29
             0.235E+01             0.766E-29
             0.236E+01             0.132E-28
             0.238E+01             0.838E-30
             0.240E+01             0.410E-30
             0.242E+01             0.837E-30
             0.244E+01             0.896E-29
             0.246E+01             0.346E-29
             0.247E+01             0.802E-31
             0.249E+01             0.210E-31
             0.251E+01             0.103E-28
             0.253E+01             0.372E-29
             0.255E+01             0.316E-28
             0.257E+01             0.170E-34
             0.258E+01             0.384E-30
             0.260E+01             0.885E-32
             0.262E+01             0.681E-31
             0.264E+01             0.356E-31
             0.266E+01             0.248E-29
             0.268E+01             0.569E-29
             0.270E+01             0.892E-29
             0.271E+01             0.199E-29
             0.273E+01             0.865E-32
             0.275E+01             0.631E-29
             0.277E+01             0.133E-30
             0.279E+01             0.465E-30
             0.281E+01             0.943E-30
             0.282E+01             0.815E-29
             0.284E+01             0.389E-30
             0.286E+01             0.172E-29
             0.288E+01             0.313E-30
             0.290E+01             0.658E-32
             0.292E+01             0.541E-29
             0.293E+01             0.522E-30
             0.295E+01             0.290E-30
             0.297E+01             0.967E-30
             0.299E+01             0.241E-29
             0.301E+01             0.244E-29
             0.303E+01             0.273E-30
             0.304E+01             0.440E-29
             0.306E+01             0.357E-29
             0.308E+01             0.117E-30
             0.310E+01             0.940E-30
             0.312E+01             0.109E-31
             0.314E+01             0.201E-29
             0.316E+01             0.839E-31
             0.317E+01             0.914E-30
             0.319E+01             0.270E-30
             0.321E+01             0.725E-30
             0.323E+01             0.154E-30
             0.325E+01             0.963E-31
             0.327E+01             0.265E-31
             0.328E+01             0.282E-30
             0.330E+01             0.992E-30
             0.332E+01             0.322E-29
             0.334E+01             0.453E-29
             0.336E+01             0.930E-31
             0.338E+01             0.462E-30
             0.339E+01             0.144E-28
             0.341E+01             0.221E-29
             0.343E+01             0.215E-29
             0.345E+01             0.104E-29
             0.347E+01             0.756E-31
             0.349E+01             0.181E-30
             0.350E+01             0.357E-29
             0.352E+01             0.345E-30
             0.354E+01             0.313E-29
             0.356E+01             0.762E-30
             0.358E+01             0.529E-30
             0.360E+01             0.691E-32
             0.361E+01             0.845E-30
             0.363E+01             0.953E-31
             0.365E+01             0.326E-30
             0.367E+01             0.117E-29
             0.369E+01             0.477E-31
             0.371E+01             0.450E-30
             0.373E+01             0.835E-31
             0.374E+01             0.264E-30
             0.376E+01             0.223E-32
             0.378E+01             0.167E-30
             0.380E+01             0.117E-32
             0.382E+01             0.187E-32
             0.384E+01             0.122E-29
             0.385E+01             0.328E-30
             0.387E+01             0.734E-30
             0.389E+01             0.469E-30
             0.391E+01             0.134E-29
             0.393E+01             0.236E-30
             0.395E+01             0.414E-29
             0.396E+01             0.411E-29
             0.398E+01             0.340E-30
             0.400E+01             0.472E-29
             0.402E+01             0.500E-29
             0.404E+01             0.746E-30
             0.406E+01             0.778E-30
             0.407E+01             0.329E-30
             0.409E+01             0.662E-31
             0.411E+01             0.150E-29
             0.413E+01             0.249E-29
             0.415E+01             0.114E-29
             0.417E+01             0.751E-31
             0.419E+01             0.263E-29
             0.420E+01             0.495E-32
             0.422E+01             0.104E-30
             0.424E+01             0.538E-30
             0.426E+01             0.252E-32
             0.428E+01             0.360E-30
             0.430E+01             0.998E-30
             0.431E+01             0.209E-30
             0.433E+01             0.231E-30
             0.435E+01             0.653E-30
             0.437E+01             0.434E-30
             0.439E+01             0.470E-30
             0.441E+01             0.126E-29
             0.442E+01             0.882E-31
             0.444E+01             0.164E-32
             0.446E+01             0.504E-31
             0.448E+01             0.881E-31
             0.450E+01             0.841E-31
             0.452E+01             0.471E-35
             0.453E+01             0.716E-31
             0.455E+01             0.208E-34
             0.457E+01             0.102E-29
             0.459E+01             0.413E-30
             0.461E+01             0.376E-31
             0.463E+01             0.721E-30
             0.465E+01             0.108E-29
             0.466E+01             0.293E-30
             0.468E+01             0.125E-30
             0.470E+01             0.208E-31
             0.472E+01             0.647E-30
             0.474E+01             0.106E-31
             0.476E+01             0.275E-30
             0.477E+01             0.202E-30
             0.479E+01             0.313E-30
             0.481E+01             0.107E-30
             0.483E+01             0.254E-30
             0.485E+01             0.278E-30
             0.487E+01             0.169E-29
             0.488E+01             0.670E-30
             0.490E+01             0.464E-30
             0.492E+01             0.895E-30
             0.494E+01             0.191E-29
             0.496E+01             0.305E-29
             0.498E+01             0.708E-30
             0.499E+01             0.108E-29
             0.501E+01             0.114E-29
             0.503E+01             0.684E-31
             0.505E+01             0.361E-30
             0.507E+01             0.474E-30
             0.509E+01             0.150E-32
             0.511E+01             0.140E-31
             0.512E+01             0.617E-30
             0.514E+01             0.162E-30
             0.516E+01             0.514E-32
             0.518E+01             0.205E-30
             0.520E+01             0.280E-30
             0.522E+01             0.894E-30
             0.523E+01             0.641E-30
             0.525E+01             0.590E-31
             0.527E+01             0.142E-30
             0.529E+01             0.311E-30
             0.531E+01             0.437E-30
             0.533E+01             0.282E-29
             0.534E+01             0.739E-30
             0.536E+01             0.759E-30
             0.538E+01             0.148E-30
             0.540E+01             0.128E-30
             0.542E+01             0.758E-30
             0.544E+01             0.719E-30
             0.545E+01             0.314E-30
             0.547E+01             0.474E-33
             0.549E+01             0.947E-31
             0.551E+01             0.520E-32
             0.553E+01             0.185E-29
             0.555E+01             0.102E-29
             0.557E+01             0.343E-32
             0.558E+01             0.764E-30
             0.560E+01             0.254E-32
             0.562E+01             0.158E-29
             0.564E+01             0.151E-29
             0.566E+01             0.965E-31
             0.568E+01             0.188E-29
             0.569E+01             0.485E-31
             0.571E+01             0.875E-29
             0.573E+01             0.343E-29
             0.575E+01             0.156E-30
             0.577E+01             0.151E-32
             0.579E+01             0.153E-29
             0.580E+01             0.410E-29
             0.582E+01             0.457E-30
             0.584E+01             0.146E-29
             0.586E+01             0.361E-30
             0.588E+01             0.257E-32
             0.590E+01             0.249E-29
             0.591E+01             0.826E-33
             0.593E+01             0.651E-30
             0.595E+01             0.164E-29
             0.597E+01             0.804E-31
             0.599E+01             0.597E-30
             0.601E+01             0.198E-29
             0.602E+01             0.139E-28
             0.604E+01             0.583E-32
             0.606E+01             0.431E-29
             0.608E+01             0.107E-28
             0.610E+01             0.394E-29
             0.612E+01             0.292E-30
             0.614E+01             0.431E-29
             0.615E+01             0.264E-29
             0.617E+01             0.360E-29
             0.619E+01             0.273E-29
             0.621E+01             0.549E-29
             0.623E+01             0.101E-28
             0.625E+01             0.514E-32
             0.626E+01             0.729E-29
             0.628E+01             0.921E-30
             0.630E+01             0.169E-29
             0.632E+01             0.636E-29
             0.634E+01             0.174E-31
             0.636E+01             0.956E-30
             0.637E+01             0.141E-29
             0.639E+01             0.179E-31
             0.641E+01             0.595E-31
             0.643E+01             0.105E-30
             0.645E+01             0.662E-30
             0.647E+01             0.131E-30
             0.648E+01             0.234E-30
             0.650E+01             0.197E-30
             0.652E+01             0.394E-30
             0.654E+01             0.223E-30
             0.656E+01             0.721E-30
             0.658E+01             0.442E-30
             0.660E+01             0.454E-30
             0.661E+01             0.225E-31
             0.663E+01             0.893E-31
             0.665E+01             0.183E-30
             0.667E+01             0.299E-30
             0.669E+01             0.331E-30
             0.671E+01             0.456E-35
             0.672E+01             0.351E-31
             0.674E+01             0.197E-30
             0.676E+01             0.146E-30
             0.678E+01             0.605E-32
             0.680E+01             0.195E-29
             0.682E+01             0.210E-29
             0.683E+01             0.853E-31
             0.685E+01             0.336E-29
             0.687E+01             0.223E-30
             0.689E+01             0.356E-29
             0.691E+01             0.387E-30
             0.693E+01             0.226E-29
             0.694E+01             0.174E-29
             0.696E+01             0.689E-30
             0.698E+01             0.126E-30
             0.700E+01             0.875E-30
