            -0.996E+01             0.000E+00
            -0.992E+01             0.000E+00
            -0.988E+01             0.000E+00
            -0.983E+01             0.000E+00
            -0.979E+01             0.000E+00
            -0.975E+01             0.000E+00
            -0.971E+01             0.000E+00
            -0.967E+01             0.000E+00
            -0.963E+01             0.000E+00
            -0.958E+01             0.000E+00
            -0.954E+01             0.000E+00
            -0.950E+01             0.000E+00
            -0.946E+01             0.000E+00
            -0.942E+01             0.000E+00
            -0.938E+01             0.000E+00
            -0.933E+01             0.000E+00
            -0.929E+01             0.000E+00
            -0.925E+01             0.000E+00
            -0.921E+01             0.000E+00
            -0.917E+01             0.000E+00
            -0.913E+01             0.000E+00
            -0.909E+01             0.000E+00
            -0.904E+01             0.000E+00
            -0.900E+01             0.000E+00
            -0.896E+01             0.000E+00
            -0.892E+01             0.000E+00
            -0.888E+01             0.000E+00
            -0.884E+01             0.000E+00
            -0.879E+01             0.000E+00
            -0.875E+01             0.000E+00
            -0.871E+01             0.000E+00
            -0.867E+01             0.000E+00
            -0.863E+01             0.000E+00
            -0.859E+01             0.000E+00
            -0.854E+01             0.000E+00
            -0.850E+01             0.000E+00
            -0.846E+01             0.000E+00
            -0.842E+01             0.000E+00
            -0.838E+01             0.000E+00
            -0.834E+01             0.000E+00
            -0.830E+01             0.000E+00
            -0.825E+01             0.000E+00
            -0.821E+01             0.000E+00
            -0.817E+01             0.000E+00
            -0.813E+01             0.000E+00
            -0.809E+01             0.000E+00
            -0.805E+01             0.000E+00
            -0.800E+01             0.000E+00
            -0.796E+01             0.000E+00
            -0.792E+01             0.000E+00
            -0.788E+01             0.000E+00
            -0.784E+01             0.000E+00
            -0.780E+01             0.000E+00
            -0.775E+01             0.000E+00
            -0.771E+01             0.000E+00
            -0.767E+01             0.000E+00
            -0.763E+01             0.000E+00
            -0.759E+01             0.000E+00
            -0.755E+01             0.000E+00
            -0.751E+01             0.000E+00
            -0.746E+01             0.000E+00
            -0.742E+01             0.000E+00
            -0.738E+01             0.000E+00
            -0.734E+01             0.000E+00
            -0.730E+01             0.000E+00
            -0.726E+01             0.000E+00
            -0.721E+01             0.000E+00
            -0.717E+01             0.000E+00
            -0.713E+01             0.110-318
            -0.709E+01             0.438-316
            -0.705E+01             0.159-315
            -0.701E+01             0.789-309
            -0.696E+01             0.168-307
            -0.692E+01             0.381-305
            -0.688E+01             0.920-301
            -0.684E+01             0.410-298
            -0.680E+01             0.286-298
            -0.676E+01             0.162-291
            -0.672E+01             0.337-291
            -0.667E+01             0.804-287
            -0.663E+01             0.927-285
            -0.659E+01             0.206-280
            -0.655E+01             0.590-277
            -0.651E+01             0.125-277
            -0.647E+01             0.665-271
            -0.642E+01             0.231-269
            -0.638E+01             0.958-269
            -0.634E+01             0.407-265
            -0.630E+01             0.300-260
            -0.626E+01             0.696-257
            -0.622E+01             0.346-254
            -0.617E+01             0.700-253
            -0.613E+01             0.120-249
            -0.609E+01             0.379-249
            -0.605E+01             0.951-243
            -0.601E+01             0.187-239
            -0.597E+01             0.550-239
            -0.593E+01             0.145-234
            -0.588E+01             0.345-234
            -0.584E+01             0.124-228
            -0.580E+01             0.607-227
            -0.576E+01             0.838-224
            -0.572E+01             0.170-221
            -0.568E+01             0.332-217
            -0.563E+01             0.393-218
            -0.559E+01             0.469-216
            -0.555E+01             0.709-210
            -0.551E+01             0.272-208
            -0.547E+01             0.265-206
            -0.543E+01             0.548-204
            -0.538E+01             0.442-200
            -0.534E+01             0.361-197
            -0.530E+01             0.191-195
            -0.526E+01             0.216-194
            -0.522E+01             0.213-190
            -0.518E+01             0.219-187
            -0.514E+01             0.128-184
            -0.509E+01             0.166-181
            -0.505E+01             0.218-179
            -0.501E+01             0.128-179
            -0.497E+01             0.325-174
            -0.493E+01             0.131-171
            -0.489E+01             0.508-169
            -0.484E+01             0.153-166
            -0.480E+01             0.374-164
            -0.476E+01             0.164-161
            -0.472E+01             0.455-159
            -0.468E+01             0.133-156
            -0.464E+01             0.396-154
            -0.459E+01             0.111-151
            -0.455E+01             0.312-149
            -0.451E+01             0.895-147
            -0.447E+01             0.225-144
            -0.443E+01             0.563-142
            -0.439E+01             0.132-139
            -0.435E+01             0.311-137
            -0.430E+01             0.680-135
            -0.426E+01             0.155-132
            -0.422E+01             0.317-130
            -0.418E+01             0.660-128
            -0.414E+01             0.129-125
            -0.410E+01             0.250-123
            -0.405E+01             0.448-121
            -0.401E+01             0.794-119
            -0.397E+01             0.135-116
            -0.393E+01             0.224-114
            -0.389E+01             0.356-112
            -0.385E+01             0.545-110
            -0.380E+01             0.808-108
            -0.376E+01             0.115-105
            -0.372E+01             0.158-103
            -0.368E+01             0.209-101
            -0.364E+01             0.265E-99
            -0.360E+01             0.325E-97
            -0.356E+01             0.383E-95
            -0.351E+01             0.435E-93
            -0.347E+01             0.474E-91
            -0.343E+01             0.497E-89
            -0.339E+01             0.500E-87
            -0.335E+01             0.484E-85
            -0.331E+01             0.450E-83
            -0.326E+01             0.401E-81
            -0.322E+01             0.343E-79
            -0.318E+01             0.282E-77
            -0.314E+01             0.222E-75
            -0.310E+01             0.168E-73
            -0.306E+01             0.121E-71
            -0.301E+01             0.842E-70
            -0.297E+01             0.559E-68
            -0.293E+01             0.355E-66
            -0.289E+01             0.216E-64
            -0.285E+01             0.126E-62
            -0.281E+01             0.699E-61
            -0.277E+01             0.372E-59
            -0.272E+01             0.189E-57
            -0.268E+01             0.915E-56
            -0.264E+01             0.424E-54
            -0.260E+01             0.187E-52
            -0.256E+01             0.789E-51
            -0.252E+01             0.317E-49
            -0.247E+01             0.121E-47
            -0.243E+01             0.443E-46
            -0.239E+01             0.154E-44
            -0.235E+01             0.508E-43
            -0.231E+01             0.160E-41
            -0.227E+01             0.478E-40
            -0.222E+01             0.136E-38
            -0.218E+01             0.366E-37
            -0.214E+01             0.939E-36
            -0.210E+01             0.228E-34
            -0.206E+01             0.527E-33
            -0.202E+01             0.115E-31
            -0.198E+01             0.239E-30
            -0.193E+01             0.470E-29
            -0.189E+01             0.874E-28
            -0.185E+01             0.154E-26
            -0.181E+01             0.256E-25
            -0.177E+01             0.402E-24
            -0.173E+01             0.598E-23
            -0.168E+01             0.839E-22
            -0.164E+01             0.111E-20
            -0.160E+01             0.139E-19
            -0.156E+01             0.164E-18
            -0.152E+01             0.182E-17
            -0.148E+01             0.190E-16
            -0.143E+01             0.187E-15
            -0.139E+01             0.173E-14
            -0.135E+01             0.151E-13
            -0.131E+01             0.123E-12
            -0.127E+01             0.946E-12
            -0.123E+01             0.682E-11
            -0.119E+01             0.461E-10
            -0.114E+01             0.292E-09
            -0.110E+01             0.173E-08
            -0.106E+01             0.965E-08
            -0.102E+01             0.502E-07
            -0.977E+00             0.244E-06
            -0.936E+00             0.111E-05
            -0.894E+00             0.471E-05
            -0.852E+00             0.186E-04
            -0.811E+00             0.688E-04
            -0.769E+00             0.237E-03
            -0.728E+00             0.757E-03
            -0.686E+00             0.225E-02
            -0.644E+00             0.623E-02
            -0.603E+00             0.160E-01
            -0.561E+00             0.379E-01
            -0.520E+00             0.833E-01
            -0.478E+00             0.169E+00
            -0.437E+00             0.316E+00
            -0.395E+00             0.541E+00
            -0.353E+00             0.849E+00
            -0.312E+00             0.121E+01
            -0.270E+00             0.157E+01
            -0.229E+00             0.181E+01
            -0.187E+00             0.185E+01
            -0.146E+00             0.162E+01
            -0.104E+00             0.116E+01
            -0.624E-01             0.615E+00
            -0.208E-01             0.171E+00
             0.208E-01             0.151E-25
             0.624E-01             0.171E+00
             0.104E+00             0.615E+00
             0.146E+00             0.116E+01
             0.187E+00             0.162E+01
             0.229E+00             0.185E+01
             0.270E+00             0.181E+01
             0.312E+00             0.157E+01
             0.353E+00             0.121E+01
             0.395E+00             0.849E+00
             0.437E+00             0.541E+00
             0.478E+00             0.316E+00
             0.520E+00             0.169E+00
             0.561E+00             0.833E-01
             0.603E+00             0.379E-01
             0.644E+00             0.160E-01
             0.686E+00             0.623E-02
             0.728E+00             0.225E-02
             0.769E+00             0.757E-03
             0.811E+00             0.237E-03
             0.852E+00             0.688E-04
             0.894E+00             0.186E-04
             0.936E+00             0.471E-05
             0.977E+00             0.111E-05
             0.102E+01             0.244E-06
             0.106E+01             0.502E-07
             0.110E+01             0.965E-08
             0.114E+01             0.173E-08
             0.119E+01             0.292E-09
             0.123E+01             0.461E-10
             0.127E+01             0.682E-11
             0.131E+01             0.946E-12
             0.135E+01             0.123E-12
             0.139E+01             0.151E-13
             0.143E+01             0.173E-14
             0.148E+01             0.187E-15
             0.152E+01             0.190E-16
             0.156E+01             0.182E-17
             0.160E+01             0.164E-18
             0.164E+01             0.139E-19
             0.168E+01             0.111E-20
             0.173E+01             0.839E-22
             0.177E+01             0.600E-23
             0.181E+01             0.407E-24
             0.185E+01             0.267E-25
             0.189E+01             0.170E-26
             0.193E+01             0.928E-28
             0.198E+01             0.920E-29
             0.202E+01             0.975E-29
             0.206E+01             0.409E-30
             0.210E+01             0.203E-30
             0.214E+01             0.251E-29
             0.218E+01             0.343E-30
             0.222E+01             0.773E-30
             0.227E+01             0.298E-30
             0.231E+01             0.771E-30
             0.235E+01             0.266E-29
             0.239E+01             0.315E-31
             0.243E+01             0.629E-30
             0.247E+01             0.204E-30
             0.252E+01             0.999E-30
             0.256E+01             0.158E-31
             0.260E+01             0.127E-29
             0.264E+01             0.131E-29
             0.268E+01             0.262E-30
             0.272E+01             0.105E-29
             0.277E+01             0.411E-30
             0.281E+01             0.549E-31
             0.285E+01             0.182E-30
             0.289E+01             0.170E-30
             0.293E+01             0.268E-30
             0.297E+01             0.335E-30
             0.301E+01             0.221E-31
             0.306E+01             0.512E-30
             0.310E+01             0.667E-30
             0.314E+01             0.356E-30
             0.318E+01             0.380E-30
             0.322E+01             0.134E-30
             0.326E+01             0.398E-30
             0.331E+01             0.148E-31
             0.335E+01             0.640E-31
             0.339E+01             0.693E-32
             0.343E+01             0.365E-33
             0.347E+01             0.815E-32
             0.351E+01             0.811E-32
             0.356E+01             0.663E-30
             0.360E+01             0.563E-30
             0.364E+01             0.584E-30
             0.368E+01             0.337E-30
             0.372E+01             0.676E-30
             0.376E+01             0.951E-30
             0.380E+01             0.740E-30
             0.385E+01             0.121E-29
             0.389E+01             0.787E-32
             0.393E+01             0.819E-30
             0.397E+01             0.332E-30
             0.401E+01             0.222E-30
             0.405E+01             0.287E-31
             0.410E+01             0.724E-30
             0.414E+01             0.182E-29
             0.418E+01             0.103E-30
             0.422E+01             0.700E-30
             0.426E+01             0.459E-32
             0.430E+01             0.229E-30
             0.435E+01             0.158E-29
             0.439E+01             0.452E-30
             0.443E+01             0.794E-30
             0.447E+01             0.335E-30
             0.451E+01             0.222E-30
             0.455E+01             0.450E-29
             0.459E+01             0.632E-29
             0.464E+01             0.557E-31
             0.468E+01             0.275E-30
             0.472E+01             0.342E-29
             0.476E+01             0.247E-30
             0.480E+01             0.326E-31
             0.484E+01             0.991E-30
             0.489E+01             0.431E-30
             0.493E+01             0.809E-30
             0.497E+01             0.178E-29
             0.501E+01             0.373E-29
             0.505E+01             0.199E-30
             0.509E+01             0.238E-31
             0.514E+01             0.126E-30
             0.518E+01             0.470E-30
             0.522E+01             0.176E-30
             0.526E+01             0.782E-30
             0.530E+01             0.875E-31
             0.534E+01             0.197E-29
             0.538E+01             0.687E-30
             0.543E+01             0.478E-30
             0.547E+01             0.585E-30
             0.551E+01             0.135E-29
             0.555E+01             0.697E-30
             0.559E+01             0.608E-30
             0.563E+01             0.333E-30
             0.568E+01             0.355E-29
             0.572E+01             0.459E-31
             0.576E+01             0.108E-30
             0.580E+01             0.134E-29
             0.584E+01             0.480E-32
             0.588E+01             0.597E-30
             0.593E+01             0.167E-31
             0.597E+01             0.790E-30
             0.601E+01             0.101E-29
             0.605E+01             0.144E-29
             0.609E+01             0.802E-30
             0.613E+01             0.106E-32
             0.617E+01             0.553E-31
             0.622E+01             0.244E-31
             0.626E+01             0.324E-32
             0.630E+01             0.165E-31
             0.634E+01             0.168E-31
             0.638E+01             0.137E-32
             0.642E+01             0.904E-33
             0.647E+01             0.760E-34
             0.651E+01             0.240E-33
             0.655E+01             0.231E-36
             0.659E+01             0.140E-34
             0.663E+01             0.169E-37
             0.667E+01             0.331E-36
             0.672E+01             0.182E-36
             0.676E+01             0.413E-39
             0.680E+01             0.143E-39
             0.684E+01             0.782E-40
             0.688E+01             0.115E-41
             0.692E+01             0.389E-44
             0.696E+01             0.930E-43
             0.701E+01             0.537E-43
             0.705E+01             0.216E-45
             0.709E+01             0.483E-45
             0.713E+01             0.304E-46
             0.717E+01             0.405E-47
             0.721E+01             0.168E-49
             0.726E+01             0.620E-51
             0.730E+01             0.351E-51
             0.734E+01             0.303E-53
             0.738E+01             0.235E-55
             0.742E+01             0.370E-56
             0.746E+01             0.119E-56
             0.751E+01             0.766E-59
             0.755E+01             0.298E-60
             0.759E+01             0.116E-59
             0.763E+01             0.471E-60
             0.767E+01             0.433E-59
             0.771E+01             0.431E-61
             0.775E+01             0.118E-59
             0.780E+01             0.102E-61
             0.784E+01             0.181E-62
             0.788E+01             0.950E-61
             0.792E+01             0.477E-60
             0.796E+01             0.201E-60
             0.800E+01             0.642E-60
             0.805E+01             0.174E-59
             0.809E+01             0.873E-61
             0.813E+01             0.420E-60
             0.817E+01             0.369E-60
             0.821E+01             0.826E-60
             0.825E+01             0.765E-60
             0.830E+01             0.728E-60
             0.834E+01             0.626E-61
             0.838E+01             0.223E-60
             0.842E+01             0.533E-59
             0.846E+01             0.107E-59
             0.850E+01             0.312E-59
             0.854E+01             0.150E-59
             0.859E+01             0.258E-60
             0.863E+01             0.231E-59
             0.867E+01             0.252E-60
             0.871E+01             0.124E-59
             0.875E+01             0.119E-60
             0.879E+01             0.731E-59
             0.884E+01             0.179E-59
             0.888E+01             0.185E-59
             0.892E+01             0.283E-60
             0.896E+01             0.760E-60
             0.900E+01             0.463E-60
             0.904E+01             0.641E-60
             0.909E+01             0.433E-60
             0.913E+01             0.218E-60
             0.917E+01             0.277E-61
             0.921E+01             0.565E-60
             0.925E+01             0.128E-60
             0.929E+01             0.118E-60
             0.933E+01             0.408E-61
             0.938E+01             0.219E-61
             0.942E+01             0.419E-62
             0.946E+01             0.390E-63
             0.950E+01             0.677E-66
             0.954E+01             0.483E-64
             0.958E+01             0.339E-65
             0.963E+01             0.503E-64
             0.967E+01             0.635E-67
             0.971E+01             0.711E-69
             0.975E+01             0.733E-70
             0.979E+01             0.304E-70
             0.983E+01             0.204E-72
             0.988E+01             0.122E-71
             0.992E+01             0.233E-73
             0.996E+01             0.796E-75
             0.100E+02             0.348E-77
