            -0.699E+01             0.626E-32
            -0.698E+01             0.620E-31
            -0.697E+01             0.513E-31
            -0.697E+01             0.337E-34
            -0.696E+01             0.105E-31
            -0.695E+01             0.118E-33
            -0.694E+01             0.182E-33
            -0.693E+01             0.670E-31
            -0.692E+01             0.300E-31
            -0.691E+01             0.129E-31
            -0.690E+01             0.137E-30
            -0.690E+01             0.501E-30
            -0.689E+01             0.381E-31
            -0.688E+01             0.565E-31
            -0.687E+01             0.272E-31
            -0.686E+01             0.557E-32
            -0.685E+01             0.195E-31
            -0.684E+01             0.798E-31
            -0.683E+01             0.138E-30
            -0.683E+01             0.439E-31
            -0.682E+01             0.127E-30
            -0.681E+01             0.136E-31
            -0.680E+01             0.402E-30
            -0.679E+01             0.317E-31
            -0.678E+01             0.156E-30
            -0.677E+01             0.395E-31
            -0.676E+01             0.125E-31
            -0.676E+01             0.165E-30
            -0.675E+01             0.809E-31
            -0.674E+01             0.181E-31
            -0.673E+01             0.147E-31
            -0.672E+01             0.423E-31
            -0.671E+01             0.984E-32
            -0.670E+01             0.126E-30
            -0.669E+01             0.154E-32
            -0.669E+01             0.101E-30
            -0.668E+01             0.222E-33
            -0.667E+01             0.129E-30
            -0.666E+01             0.441E-31
            -0.665E+01             0.140E-31
            -0.664E+01             0.888E-32
            -0.663E+01             0.130E-30
            -0.662E+01             0.163E-31
            -0.662E+01             0.339E-32
            -0.661E+01             0.913E-31
            -0.660E+01             0.171E-30
            -0.659E+01             0.187E-31
            -0.658E+01             0.276E-31
            -0.657E+01             0.212E-31
            -0.656E+01             0.118E-31
            -0.655E+01             0.329E-32
            -0.655E+01             0.845E-32
            -0.654E+01             0.234E-31
            -0.653E+01             0.110E-33
            -0.652E+01             0.283E-32
            -0.651E+01             0.131E-32
            -0.650E+01             0.111E-32
            -0.649E+01             0.327E-33
            -0.648E+01             0.467E-33
            -0.648E+01             0.137E-33
            -0.647E+01             0.113E-33
            -0.646E+01             0.261E-33
            -0.645E+01             0.102E-33
            -0.644E+01             0.815E-33
            -0.643E+01             0.312E-34
            -0.642E+01             0.146E-35
            -0.641E+01             0.839E-33
            -0.641E+01             0.674E-33
            -0.640E+01             0.167E-34
            -0.639E+01             0.566E-33
            -0.638E+01             0.439E-36
            -0.637E+01             0.370E-34
            -0.636E+01             0.245E-35
            -0.635E+01             0.578E-34
            -0.634E+01             0.933E-34
            -0.634E+01             0.143E-36
            -0.633E+01             0.617E-35
            -0.632E+01             0.665E-35
            -0.631E+01             0.909E-35
            -0.630E+01             0.155E-35
            -0.629E+01             0.115E-35
            -0.628E+01             0.691E-36
            -0.627E+01             0.615E-36
            -0.627E+01             0.246E-36
            -0.626E+01             0.220E-39
            -0.625E+01             0.405E-37
            -0.624E+01             0.464E-37
            -0.623E+01             0.190E-37
            -0.622E+01             0.734E-38
            -0.621E+01             0.199E-37
            -0.620E+01             0.205E-38
            -0.620E+01             0.100E-38
            -0.619E+01             0.611E-40
            -0.618E+01             0.932E-39
            -0.617E+01             0.618E-39
            -0.616E+01             0.479E-39
            -0.615E+01             0.176E-39
            -0.614E+01             0.204E-40
            -0.613E+01             0.419E-40
            -0.613E+01             0.178E-40
            -0.612E+01             0.130E-41
            -0.611E+01             0.342E-41
            -0.610E+01             0.315E-41
            -0.609E+01             0.728E-44
            -0.608E+01             0.118E-42
            -0.607E+01             0.738E-43
            -0.606E+01             0.283E-42
            -0.606E+01             0.617E-43
            -0.605E+01             0.208E-43
            -0.604E+01             0.114E-44
            -0.603E+01             0.166E-44
            -0.602E+01             0.382E-44
            -0.601E+01             0.610E-45
            -0.600E+01             0.109E-44
            -0.599E+01             0.320E-45
            -0.599E+01             0.251E-45
            -0.598E+01             0.385E-46
            -0.597E+01             0.346E-46
            -0.596E+01             0.119E-46
            -0.595E+01             0.514E-47
            -0.594E+01             0.108E-49
            -0.593E+01             0.100E-47
            -0.592E+01             0.128E-48
            -0.592E+01             0.985E-50
            -0.591E+01             0.886E-49
            -0.590E+01             0.848E-50
            -0.589E+01             0.516E-50
            -0.588E+01             0.143E-50
            -0.587E+01             0.690E-51
            -0.586E+01             0.712E-51
            -0.585E+01             0.128E-51
            -0.585E+01             0.489E-52
            -0.584E+01             0.602E-52
            -0.583E+01             0.147E-52
            -0.582E+01             0.999E-54
            -0.581E+01             0.155E-53
            -0.580E+01             0.108E-54
            -0.579E+01             0.392E-58
            -0.578E+01             0.165E-54
            -0.578E+01             0.191E-55
            -0.577E+01             0.245E-55
            -0.576E+01             0.615E-56
            -0.575E+01             0.123E-57
            -0.574E+01             0.564E-57
            -0.573E+01             0.125E-58
            -0.572E+01             0.233E-58
            -0.571E+01             0.219E-58
            -0.571E+01             0.135E-59
            -0.570E+01             0.769E-60
            -0.569E+01             0.481E-59
            -0.568E+01             0.114E-59
            -0.567E+01             0.294E-61
            -0.566E+01             0.442E-60
            -0.565E+01             0.140E-59
            -0.564E+01             0.516E-61
            -0.564E+01             0.208E-60
            -0.563E+01             0.201E-60
            -0.562E+01             0.372E-63
            -0.561E+01             0.798E-60
            -0.560E+01             0.223E-60
            -0.559E+01             0.322E-60
            -0.558E+01             0.360E-66
            -0.557E+01             0.118E-62
            -0.557E+01             0.605E-60
            -0.556E+01             0.299E-61
            -0.555E+01             0.276E-60
            -0.554E+01             0.173E-60
            -0.553E+01             0.202E-60
            -0.552E+01             0.452E-60
            -0.551E+01             0.280E-60
            -0.550E+01             0.623E-61
            -0.550E+01             0.395E-60
            -0.549E+01             0.824E-60
            -0.548E+01             0.169E-59
            -0.547E+01             0.591E-61
            -0.546E+01             0.463E-60
            -0.545E+01             0.984E-59
            -0.544E+01             0.523E-59
            -0.543E+01             0.241E-59
            -0.543E+01             0.654E-59
            -0.542E+01             0.661E-60
            -0.541E+01             0.845E-60
            -0.540E+01             0.573E-61
            -0.539E+01             0.525E-61
            -0.538E+01             0.404E-60
            -0.537E+01             0.177E-60
            -0.536E+01             0.580E-60
            -0.536E+01             0.189E-60
            -0.535E+01             0.355E-60
            -0.534E+01             0.877E-60
            -0.533E+01             0.355E-59
            -0.532E+01             0.425E-60
            -0.531E+01             0.192E-61
            -0.530E+01             0.652E-60
            -0.529E+01             0.201E-61
            -0.529E+01             0.355E-60
            -0.528E+01             0.631E-62
            -0.527E+01             0.202E-60
            -0.526E+01             0.802E-62
            -0.525E+01             0.152E-61
            -0.524E+01             0.531E-60
            -0.523E+01             0.117E-59
            -0.522E+01             0.567E-59
            -0.522E+01             0.136E-60
            -0.521E+01             0.108E-59
            -0.520E+01             0.226E-59
            -0.519E+01             0.232E-60
            -0.518E+01             0.140E-60
            -0.517E+01             0.678E-60
            -0.516E+01             0.398E-62
            -0.515E+01             0.987E-60
            -0.515E+01             0.328E-60
            -0.514E+01             0.174E-60
            -0.513E+01             0.116E-60
            -0.512E+01             0.569E-60
            -0.511E+01             0.147E-60
            -0.510E+01             0.857E-60
            -0.509E+01             0.206E-59
            -0.508E+01             0.281E-59
            -0.508E+01             0.811E-60
            -0.507E+01             0.188E-60
            -0.506E+01             0.704E-61
            -0.505E+01             0.388E-60
            -0.504E+01             0.881E-60
            -0.503E+01             0.111E-60
            -0.502E+01             0.119E-60
            -0.501E+01             0.751E-61
            -0.501E+01             0.216E-60
            -0.500E+01             0.344E-60
            -0.499E+01             0.740E-61
            -0.498E+01             0.498E-60
            -0.497E+01             0.912E-60
            -0.496E+01             0.765E-62
            -0.495E+01             0.525E-60
            -0.495E+01             0.598E-60
            -0.494E+01             0.923E-61
            -0.493E+01             0.290E-59
            -0.492E+01             0.166E-61
            -0.491E+01             0.224E-61
            -0.490E+01             0.743E-60
            -0.489E+01             0.153E-60
            -0.488E+01             0.111E-60
            -0.488E+01             0.739E-62
            -0.487E+01             0.143E-61
            -0.486E+01             0.236E-59
            -0.485E+01             0.791E-59
            -0.484E+01             0.281E-59
            -0.483E+01             0.512E-60
            -0.482E+01             0.234E-59
            -0.481E+01             0.810E-60
            -0.481E+01             0.188E-59
            -0.480E+01             0.278E-61
            -0.479E+01             0.162E-59
            -0.478E+01             0.497E-61
            -0.477E+01             0.233E-60
            -0.476E+01             0.359E-60
            -0.475E+01             0.668E-59
            -0.474E+01             0.284E-59
            -0.474E+01             0.727E-60
            -0.473E+01             0.255E-61
            -0.472E+01             0.141E-59
            -0.471E+01             0.290E-60
            -0.470E+01             0.173E-61
            -0.469E+01             0.843E-60
            -0.468E+01             0.985E-61
            -0.467E+01             0.218E-60
            -0.467E+01             0.104E-60
            -0.466E+01             0.197E-61
            -0.465E+01             0.326E-60
            -0.464E+01             0.521E-60
            -0.463E+01             0.169E-59
            -0.462E+01             0.520E-60
            -0.461E+01             0.441E-60
            -0.460E+01             0.810E-60
            -0.460E+01             0.972E-60
            -0.459E+01             0.390E-60
            -0.458E+01             0.955E-60
            -0.457E+01             0.125E-59
            -0.456E+01             0.772E-61
            -0.455E+01             0.212E-59
            -0.454E+01             0.459E-59
            -0.453E+01             0.228E-62
            -0.453E+01             0.247E-59
            -0.452E+01             0.287E-60
            -0.451E+01             0.658E-60
            -0.450E+01             0.241E-59
            -0.449E+01             0.370E-61
            -0.448E+01             0.111E-59
            -0.447E+01             0.494E-59
            -0.446E+01             0.274E-59
            -0.446E+01             0.101E-59
            -0.445E+01             0.158E-61
            -0.444E+01             0.113E-59
            -0.443E+01             0.245E-61
            -0.442E+01             0.550E-61
            -0.441E+01             0.162E-60
            -0.440E+01             0.280E-59
            -0.439E+01             0.107E-59
            -0.439E+01             0.190E-59
            -0.438E+01             0.226E-59
            -0.437E+01             0.193E-59
            -0.436E+01             0.378E-60
            -0.435E+01             0.582E-59
            -0.434E+01             0.647E-61
            -0.433E+01             0.737E-61
            -0.432E+01             0.111E-60
            -0.432E+01             0.222E-60
            -0.431E+01             0.195E-59
            -0.430E+01             0.664E-61
            -0.429E+01             0.429E-60
            -0.428E+01             0.841E-60
            -0.427E+01             0.708E-59
            -0.426E+01             0.432E-60
            -0.425E+01             0.745E-59
            -0.425E+01             0.194E-59
            -0.424E+01             0.444E-61
            -0.423E+01             0.133E-60
            -0.422E+01             0.861E-59
            -0.421E+01             0.119E-60
            -0.420E+01             0.411E-63
            -0.419E+01             0.914E-61
            -0.418E+01             0.180E-60
            -0.418E+01             0.934E-64
            -0.417E+01             0.103E-59
            -0.416E+01             0.139E-59
            -0.415E+01             0.119E-59
            -0.414E+01             0.360E-61
            -0.413E+01             0.619E-62
            -0.412E+01             0.513E-61
            -0.411E+01             0.779E-60
            -0.411E+01             0.421E-60
            -0.410E+01             0.884E-61
            -0.409E+01             0.210E-64
            -0.408E+01             0.301E-60
            -0.407E+01             0.338E-59
            -0.406E+01             0.758E-59
            -0.405E+01             0.220E-59
            -0.404E+01             0.180E-61
            -0.404E+01             0.286E-60
            -0.403E+01             0.181E-59
            -0.402E+01             0.371E-60
            -0.401E+01             0.228E-61
            -0.400E+01             0.242E-60
            -0.399E+01             0.353E-60
            -0.398E+01             0.161E-60
            -0.397E+01             0.721E-59
            -0.397E+01             0.330E-61
            -0.396E+01             0.130E-59
            -0.395E+01             0.155E-60
            -0.394E+01             0.517E-60
            -0.393E+01             0.497E-61
            -0.392E+01             0.609E-61
            -0.391E+01             0.502E-60
            -0.390E+01             0.165E-59
            -0.390E+01             0.254E-60
            -0.389E+01             0.192E-59
            -0.388E+01             0.319E-61
            -0.387E+01             0.262E-59
            -0.386E+01             0.306E-59
            -0.385E+01             0.667E-60
            -0.384E+01             0.681E-62
            -0.383E+01             0.355E-59
            -0.383E+01             0.134E-59
            -0.382E+01             0.449E-59
            -0.381E+01             0.672E-59
            -0.380E+01             0.498E-59
            -0.379E+01             0.437E-59
            -0.378E+01             0.502E-60
            -0.377E+01             0.122E-60
            -0.376E+01             0.122E-59
            -0.376E+01             0.497E-60
            -0.375E+01             0.379E-60
            -0.374E+01             0.129E-59
            -0.373E+01             0.116E-59
            -0.372E+01             0.106E-61
            -0.371E+01             0.121E-59
            -0.370E+01             0.226E-59
            -0.369E+01             0.975E-60
            -0.369E+01             0.114E-59
            -0.368E+01             0.253E-62
            -0.367E+01             0.179E-59
            -0.366E+01             0.227E-59
            -0.365E+01             0.956E-60
            -0.364E+01             0.225E-60
            -0.363E+01             0.190E-59
            -0.362E+01             0.733E-62
            -0.362E+01             0.852E-59
            -0.361E+01             0.177E-61
            -0.360E+01             0.392E-59
            -0.359E+01             0.198E-60
            -0.358E+01             0.874E-60
            -0.357E+01             0.275E-59
            -0.356E+01             0.124E-59
            -0.355E+01             0.401E-60
            -0.355E+01             0.155E-65
            -0.354E+01             0.524E-60
            -0.353E+01             0.197E-59
            -0.352E+01             0.151E-59
            -0.351E+01             0.257E-59
            -0.350E+01             0.103E-59
            -0.349E+01             0.560E-59
            -0.348E+01             0.743E-59
            -0.348E+01             0.744E-59
            -0.347E+01             0.372E-59
            -0.346E+01             0.246E-58
            -0.345E+01             0.655E-59
            -0.344E+01             0.113E-58
            -0.343E+01             0.203E-58
            -0.342E+01             0.716E-60
            -0.341E+01             0.265E-59
            -0.341E+01             0.143E-61
            -0.340E+01             0.283E-60
            -0.339E+01             0.153E-59
            -0.338E+01             0.130E-60
            -0.337E+01             0.144E-59
            -0.336E+01             0.762E-59
            -0.335E+01             0.174E-60
            -0.334E+01             0.785E-60
            -0.334E+01             0.315E-59
            -0.333E+01             0.517E-59
            -0.332E+01             0.419E-59
            -0.331E+01             0.125E-59
            -0.330E+01             0.144E-59
            -0.329E+01             0.102E-59
            -0.328E+01             0.137E-59
            -0.327E+01             0.309E-60
            -0.327E+01             0.249E-59
            -0.326E+01             0.805E-60
            -0.325E+01             0.395E-59
            -0.324E+01             0.169E-59
            -0.323E+01             0.110E-59
            -0.322E+01             0.147E-59
            -0.321E+01             0.521E-60
            -0.320E+01             0.628E-63
            -0.320E+01             0.353E-59
            -0.319E+01             0.254E-59
            -0.318E+01             0.392E-59
            -0.317E+01             0.358E-60
            -0.316E+01             0.103E-59
            -0.315E+01             0.229E-60
            -0.314E+01             0.382E-60
            -0.313E+01             0.543E-59
            -0.313E+01             0.255E-59
            -0.312E+01             0.918E-60
            -0.311E+01             0.699E-59
            -0.310E+01             0.276E-59
            -0.309E+01             0.318E-59
            -0.308E+01             0.248E-61
            -0.307E+01             0.139E-59
            -0.306E+01             0.646E-62
            -0.306E+01             0.244E-60
            -0.305E+01             0.793E-60
            -0.304E+01             0.955E-59
            -0.303E+01             0.546E-60
            -0.302E+01             0.511E-59
            -0.301E+01             0.210E-60
            -0.300E+01             0.236E-60
            -0.300E+01             0.169E-59
            -0.299E+01             0.588E-59
            -0.298E+01             0.343E-59
            -0.297E+01             0.165E-59
            -0.296E+01             0.133E-62
            -0.295E+01             0.425E-60
            -0.294E+01             0.351E-60
            -0.293E+01             0.479E-60
            -0.293E+01             0.122E-59
            -0.292E+01             0.685E-59
            -0.291E+01             0.966E-59
            -0.290E+01             0.105E-59
            -0.289E+01             0.323E-59
            -0.288E+01             0.455E-60
            -0.287E+01             0.402E-60
            -0.286E+01             0.907E-61
            -0.286E+01             0.699E-59
            -0.285E+01             0.576E-61
            -0.284E+01             0.414E-59
            -0.283E+01             0.281E-59
            -0.282E+01             0.200E-58
            -0.281E+01             0.131E-58
            -0.280E+01             0.846E-60
            -0.279E+01             0.736E-60
            -0.279E+01             0.650E-59
            -0.278E+01             0.268E-60
            -0.277E+01             0.912E-59
            -0.276E+01             0.870E-59
            -0.275E+01             0.325E-58
            -0.274E+01             0.553E-58
            -0.273E+01             0.162E-57
            -0.272E+01             0.493E-57
            -0.272E+01             0.120E-56
            -0.271E+01             0.263E-56
            -0.270E+01             0.666E-56
            -0.269E+01             0.164E-55
            -0.268E+01             0.416E-55
            -0.267E+01             0.105E-54
            -0.266E+01             0.263E-54
            -0.265E+01             0.642E-54
            -0.265E+01             0.158E-53
            -0.264E+01             0.388E-53
            -0.263E+01             0.950E-53
            -0.262E+01             0.232E-52
            -0.261E+01             0.565E-52
            -0.260E+01             0.137E-51
            -0.259E+01             0.331E-51
            -0.258E+01             0.798E-51
            -0.258E+01             0.192E-50
            -0.257E+01             0.459E-50
            -0.256E+01             0.110E-49
            -0.255E+01             0.261E-49
            -0.254E+01             0.620E-49
            -0.253E+01             0.147E-48
            -0.252E+01             0.346E-48
            -0.251E+01             0.814E-48
            -0.251E+01             0.191E-47
            -0.250E+01             0.446E-47
            -0.249E+01             0.104E-46
            -0.248E+01             0.241E-46
            -0.247E+01             0.559E-46
            -0.246E+01             0.129E-45
            -0.245E+01             0.297E-45
            -0.244E+01             0.682E-45
            -0.244E+01             0.156E-44
            -0.243E+01             0.356E-44
            -0.242E+01             0.809E-44
            -0.241E+01             0.183E-43
            -0.240E+01             0.414E-43
            -0.239E+01             0.934E-43
            -0.238E+01             0.210E-42
            -0.237E+01             0.469E-42
            -0.237E+01             0.105E-41
            -0.236E+01             0.233E-41
            -0.235E+01             0.517E-41
            -0.234E+01             0.114E-40
            -0.233E+01             0.252E-40
            -0.232E+01             0.554E-40
            -0.231E+01             0.122E-39
            -0.230E+01             0.265E-39
            -0.230E+01             0.578E-39
            -0.229E+01             0.125E-38
            -0.228E+01             0.272E-38
            -0.227E+01             0.586E-38
            -0.226E+01             0.126E-37
            -0.225E+01             0.270E-37
            -0.224E+01             0.578E-37
            -0.223E+01             0.123E-36
            -0.223E+01             0.262E-36
            -0.222E+01             0.554E-36
            -0.221E+01             0.117E-35
            -0.220E+01             0.246E-35
            -0.219E+01             0.517E-35
            -0.218E+01             0.108E-34
            -0.217E+01             0.225E-34
            -0.216E+01             0.469E-34
            -0.216E+01             0.971E-34
            -0.215E+01             0.201E-33
            -0.214E+01             0.413E-33
            -0.213E+01             0.848E-33
            -0.212E+01             0.174E-32
            -0.211E+01             0.354E-32
            -0.210E+01             0.720E-32
            -0.209E+01             0.146E-31
            -0.209E+01             0.295E-31
            -0.208E+01             0.595E-31
            -0.207E+01             0.120E-30
            -0.206E+01             0.239E-30
            -0.205E+01             0.478E-30
            -0.204E+01             0.951E-30
            -0.203E+01             0.189E-29
            -0.202E+01             0.373E-29
            -0.202E+01             0.736E-29
            -0.201E+01             0.145E-28
            -0.200E+01             0.283E-28
            -0.199E+01             0.553E-28
            -0.198E+01             0.108E-27
            -0.197E+01             0.209E-27
            -0.196E+01             0.404E-27
            -0.195E+01             0.780E-27
            -0.195E+01             0.150E-26
            -0.194E+01             0.287E-26
            -0.193E+01             0.549E-26
            -0.192E+01             0.105E-25
            -0.191E+01             0.199E-25
            -0.190E+01             0.376E-25
            -0.189E+01             0.709E-25
            -0.188E+01             0.133E-24
            -0.188E+01             0.250E-24
            -0.187E+01             0.467E-24
            -0.186E+01             0.871E-24
            -0.185E+01             0.162E-23
            -0.184E+01             0.299E-23
            -0.183E+01             0.552E-23
            -0.182E+01             0.102E-22
            -0.181E+01             0.186E-22
            -0.181E+01             0.341E-22
            -0.180E+01             0.621E-22
            -0.179E+01             0.113E-21
            -0.178E+01             0.204E-21
            -0.177E+01             0.368E-21
            -0.176E+01             0.663E-21
            -0.175E+01             0.119E-20
            -0.174E+01             0.213E-20
            -0.174E+01             0.379E-20
            -0.173E+01             0.673E-20
            -0.172E+01             0.119E-19
            -0.171E+01             0.210E-19
            -0.170E+01             0.370E-19
            -0.169E+01             0.649E-19
            -0.168E+01             0.113E-18
            -0.167E+01             0.198E-18
            -0.167E+01             0.344E-18
            -0.166E+01             0.595E-18
            -0.165E+01             0.103E-17
            -0.164E+01             0.177E-17
            -0.163E+01             0.303E-17
            -0.162E+01             0.518E-17
            -0.161E+01             0.883E-17
            -0.160E+01             0.150E-16
            -0.160E+01             0.254E-16
            -0.159E+01             0.428E-16
            -0.158E+01             0.721E-16
            -0.157E+01             0.121E-15
            -0.156E+01             0.202E-15
            -0.155E+01             0.337E-15
            -0.154E+01             0.559E-15
            -0.153E+01             0.925E-15
            -0.153E+01             0.153E-14
            -0.152E+01             0.251E-14
            -0.151E+01             0.411E-14
            -0.150E+01             0.672E-14
            -0.149E+01             0.109E-13
            -0.148E+01             0.178E-13
            -0.147E+01             0.288E-13
            -0.146E+01             0.464E-13
            -0.146E+01             0.746E-13
            -0.145E+01             0.119E-12
            -0.144E+01             0.191E-12
            -0.143E+01             0.304E-12
            -0.142E+01             0.482E-12
            -0.141E+01             0.762E-12
            -0.140E+01             0.120E-11
            -0.139E+01             0.189E-11
            -0.139E+01             0.295E-11
            -0.138E+01             0.461E-11
            -0.137E+01             0.717E-11
            -0.136E+01             0.111E-10
            -0.135E+01             0.172E-10
            -0.134E+01             0.265E-10
            -0.133E+01             0.406E-10
            -0.132E+01             0.622E-10
            -0.132E+01             0.948E-10
            -0.131E+01             0.144E-09
            -0.130E+01             0.218E-09
            -0.129E+01             0.330E-09
            -0.128E+01             0.496E-09
            -0.127E+01             0.744E-09
            -0.126E+01             0.111E-08
            -0.125E+01             0.166E-08
            -0.125E+01             0.246E-08
            -0.124E+01             0.364E-08
            -0.123E+01             0.537E-08
            -0.122E+01             0.789E-08
            -0.121E+01             0.116E-07
            -0.120E+01             0.169E-07
            -0.119E+01             0.245E-07
            -0.118E+01             0.356E-07
            -0.118E+01             0.514E-07
            -0.117E+01             0.740E-07
            -0.116E+01             0.106E-06
            -0.115E+01             0.152E-06
            -0.114E+01             0.217E-06
            -0.113E+01             0.308E-06
            -0.112E+01             0.436E-06
            -0.111E+01             0.614E-06
            -0.111E+01             0.864E-06
            -0.110E+01             0.121E-05
            -0.109E+01             0.169E-05
            -0.108E+01             0.235E-05
            -0.107E+01             0.326E-05
            -0.106E+01             0.450E-05
            -0.105E+01             0.620E-05
            -0.104E+01             0.850E-05
            -0.104E+01             0.116E-04
            -0.103E+01             0.158E-04
            -0.102E+01             0.215E-04
            -0.101E+01             0.291E-04
            -0.100E+01             0.392E-04
            -0.993E+00             0.526E-04
            -0.984E+00             0.704E-04
            -0.975E+00             0.939E-04
            -0.966E+00             0.125E-03
            -0.958E+00             0.165E-03
            -0.949E+00             0.218E-03
            -0.940E+00             0.286E-03
            -0.931E+00             0.375E-03
            -0.923E+00             0.489E-03
            -0.914E+00             0.635E-03
            -0.905E+00             0.822E-03
            -0.896E+00             0.106E-02
            -0.888E+00             0.136E-02
            -0.879E+00             0.175E-02
            -0.870E+00             0.223E-02
            -0.861E+00             0.283E-02
            -0.853E+00             0.358E-02
            -0.844E+00             0.452E-02
            -0.835E+00             0.567E-02
            -0.826E+00             0.710E-02
            -0.818E+00             0.885E-02
            -0.809E+00             0.110E-01
            -0.800E+00             0.136E-01
            -0.791E+00             0.167E-01
            -0.783E+00             0.205E-01
            -0.774E+00             0.251E-01
            -0.765E+00             0.305E-01
            -0.756E+00             0.370E-01
            -0.748E+00             0.447E-01
            -0.739E+00             0.537E-01
            -0.730E+00             0.643E-01
            -0.721E+00             0.767E-01
            -0.713E+00             0.910E-01
            -0.704E+00             0.108E+00
            -0.695E+00             0.127E+00
            -0.686E+00             0.148E+00
            -0.678E+00             0.173E+00
            -0.669E+00             0.201E+00
            -0.660E+00             0.232E+00
            -0.651E+00             0.267E+00
            -0.643E+00             0.306E+00
            -0.634E+00             0.349E+00
            -0.625E+00             0.396E+00
            -0.616E+00             0.448E+00
            -0.608E+00             0.503E+00
            -0.599E+00             0.562E+00
            -0.590E+00             0.626E+00
            -0.582E+00             0.693E+00
            -0.573E+00             0.762E+00
            -0.564E+00             0.835E+00
            -0.555E+00             0.909E+00
            -0.547E+00             0.984E+00
            -0.538E+00             0.106E+01
            -0.529E+00             0.113E+01
            -0.520E+00             0.121E+01
            -0.512E+00             0.128E+01
            -0.503E+00             0.134E+01
            -0.494E+00             0.140E+01
            -0.485E+00             0.145E+01
            -0.477E+00             0.149E+01
            -0.468E+00             0.152E+01
            -0.459E+00             0.154E+01
            -0.450E+00             0.155E+01
            -0.442E+00             0.154E+01
            -0.433E+00             0.152E+01
            -0.424E+00             0.148E+01
            -0.415E+00             0.143E+01
            -0.407E+00             0.137E+01
            -0.398E+00             0.129E+01
            -0.389E+00             0.120E+01
            -0.380E+00             0.110E+01
            -0.372E+00             0.993E+00
            -0.363E+00             0.878E+00
            -0.354E+00             0.760E+00
            -0.345E+00             0.640E+00
            -0.337E+00             0.523E+00
            -0.328E+00             0.411E+00
            -0.319E+00             0.307E+00
            -0.310E+00             0.214E+00
            -0.302E+00             0.136E+00
            -0.293E+00             0.734E-01
            -0.284E+00             0.293E-01
            -0.275E+00             0.492E-02
            -0.267E+00             0.994E-03
            -0.258E+00             0.177E-01
            -0.249E+00             0.544E-01
            -0.240E+00             0.110E+00
            -0.232E+00             0.182E+00
            -0.223E+00             0.268E+00
            -0.214E+00             0.366E+00
            -0.205E+00             0.470E+00
            -0.197E+00             0.578E+00
            -0.188E+00             0.686E+00
            -0.179E+00             0.788E+00
            -0.171E+00             0.881E+00
            -0.162E+00             0.961E+00
            -0.153E+00             0.103E+01
            -0.144E+00             0.107E+01
            -0.136E+00             0.109E+01
            -0.127E+00             0.110E+01
            -0.118E+00             0.108E+01
            -0.109E+00             0.104E+01
            -0.101E+00             0.975E+00
            -0.918E-01             0.896E+00
            -0.831E-01             0.802E+00
            -0.743E-01             0.698E+00
            -0.656E-01             0.588E+00
            -0.568E-01             0.476E+00
            -0.481E-01             0.366E+00
            -0.394E-01             0.265E+00
            -0.306E-01             0.175E+00
            -0.219E-01             0.101E+00
            -0.131E-01             0.457E-01
            -0.437E-02             0.116E-01
             0.437E-02             0.215E-23
             0.131E-01             0.116E-01
             0.219E-01             0.457E-01
             0.306E-01             0.101E+00
             0.394E-01             0.175E+00
             0.481E-01             0.265E+00
             0.568E-01             0.366E+00
             0.656E-01             0.476E+00
             0.743E-01             0.588E+00
             0.831E-01             0.698E+00
             0.918E-01             0.802E+00
             0.101E+00             0.896E+00
             0.109E+00             0.975E+00
             0.118E+00             0.104E+01
             0.127E+00             0.108E+01
             0.136E+00             0.110E+01
             0.144E+00             0.109E+01
             0.153E+00             0.107E+01
             0.162E+00             0.103E+01
             0.171E+00             0.961E+00
             0.179E+00             0.881E+00
             0.188E+00             0.788E+00
             0.197E+00             0.686E+00
             0.205E+00             0.578E+00
             0.214E+00             0.470E+00
             0.223E+00             0.366E+00
             0.232E+00             0.268E+00
             0.240E+00             0.182E+00
             0.249E+00             0.110E+00
             0.258E+00             0.544E-01
             0.267E+00             0.177E-01
             0.275E+00             0.994E-03
             0.284E+00             0.492E-02
             0.293E+00             0.293E-01
             0.302E+00             0.734E-01
             0.310E+00             0.136E+00
             0.319E+00             0.214E+00
             0.328E+00             0.307E+00
             0.337E+00             0.411E+00
             0.345E+00             0.523E+00
             0.354E+00             0.640E+00
             0.363E+00             0.760E+00
             0.372E+00             0.878E+00
             0.380E+00             0.993E+00
             0.389E+00             0.110E+01
             0.398E+00             0.120E+01
             0.407E+00             0.129E+01
             0.415E+00             0.137E+01
             0.424E+00             0.143E+01
             0.433E+00             0.148E+01
             0.442E+00             0.152E+01
             0.450E+00             0.154E+01
             0.459E+00             0.155E+01
             0.468E+00             0.154E+01
             0.477E+00             0.152E+01
             0.485E+00             0.149E+01
             0.494E+00             0.145E+01
             0.503E+00             0.140E+01
             0.512E+00             0.134E+01
             0.520E+00             0.128E+01
             0.529E+00             0.121E+01
             0.538E+00             0.113E+01
             0.547E+00             0.106E+01
             0.555E+00             0.984E+00
             0.564E+00             0.909E+00
             0.573E+00             0.835E+00
             0.582E+00             0.762E+00
             0.590E+00             0.693E+00
             0.599E+00             0.626E+00
             0.608E+00             0.562E+00
             0.616E+00             0.503E+00
             0.625E+00             0.448E+00
             0.634E+00             0.396E+00
             0.643E+00             0.349E+00
             0.651E+00             0.306E+00
             0.660E+00             0.267E+00
             0.669E+00             0.232E+00
             0.678E+00             0.201E+00
             0.686E+00             0.173E+00
             0.695E+00             0.148E+00
             0.704E+00             0.127E+00
             0.713E+00             0.108E+00
             0.721E+00             0.910E-01
             0.730E+00             0.767E-01
             0.739E+00             0.643E-01
             0.748E+00             0.537E-01
             0.756E+00             0.447E-01
             0.765E+00             0.370E-01
             0.774E+00             0.305E-01
             0.783E+00             0.251E-01
             0.791E+00             0.205E-01
             0.800E+00             0.167E-01
             0.809E+00             0.136E-01
             0.818E+00             0.110E-01
             0.826E+00             0.885E-02
             0.835E+00             0.710E-02
             0.844E+00             0.567E-02
             0.853E+00             0.452E-02
             0.861E+00             0.358E-02
             0.870E+00             0.283E-02
             0.879E+00             0.223E-02
             0.888E+00             0.175E-02
             0.896E+00             0.136E-02
             0.905E+00             0.106E-02
             0.914E+00             0.822E-03
             0.923E+00             0.635E-03
             0.931E+00             0.489E-03
             0.940E+00             0.375E-03
             0.949E+00             0.286E-03
             0.958E+00             0.218E-03
             0.966E+00             0.165E-03
             0.975E+00             0.125E-03
             0.984E+00             0.939E-04
             0.993E+00             0.704E-04
             0.100E+01             0.526E-04
             0.101E+01             0.392E-04
             0.102E+01             0.291E-04
             0.103E+01             0.215E-04
             0.104E+01             0.158E-04
             0.104E+01             0.116E-04
             0.105E+01             0.850E-05
             0.106E+01             0.620E-05
             0.107E+01             0.450E-05
             0.108E+01             0.326E-05
             0.109E+01             0.235E-05
             0.110E+01             0.169E-05
             0.111E+01             0.121E-05
             0.111E+01             0.864E-06
             0.112E+01             0.614E-06
             0.113E+01             0.436E-06
             0.114E+01             0.308E-06
             0.115E+01             0.217E-06
             0.116E+01             0.152E-06
             0.117E+01             0.106E-06
             0.118E+01             0.740E-07
             0.118E+01             0.514E-07
             0.119E+01             0.356E-07
             0.120E+01             0.245E-07
             0.121E+01             0.169E-07
             0.122E+01             0.116E-07
             0.123E+01             0.789E-08
             0.124E+01             0.537E-08
             0.125E+01             0.364E-08
             0.125E+01             0.246E-08
             0.126E+01             0.166E-08
             0.127E+01             0.111E-08
             0.128E+01             0.744E-09
             0.129E+01             0.496E-09
             0.130E+01             0.330E-09
             0.131E+01             0.218E-09
             0.132E+01             0.144E-09
             0.132E+01             0.948E-10
             0.133E+01             0.622E-10
             0.134E+01             0.406E-10
             0.135E+01             0.265E-10
             0.136E+01             0.172E-10
             0.137E+01             0.111E-10
             0.138E+01             0.717E-11
             0.139E+01             0.461E-11
             0.139E+01             0.295E-11
             0.140E+01             0.189E-11
             0.141E+01             0.120E-11
             0.142E+01             0.762E-12
             0.143E+01             0.482E-12
             0.144E+01             0.304E-12
             0.145E+01             0.191E-12
             0.146E+01             0.119E-12
             0.146E+01             0.746E-13
             0.147E+01             0.464E-13
             0.148E+01             0.288E-13
             0.149E+01             0.178E-13
             0.150E+01             0.109E-13
             0.151E+01             0.672E-14
             0.152E+01             0.411E-14
             0.153E+01             0.251E-14
             0.153E+01             0.153E-14
             0.154E+01             0.925E-15
             0.155E+01             0.559E-15
             0.156E+01             0.337E-15
             0.157E+01             0.202E-15
             0.158E+01             0.121E-15
             0.159E+01             0.721E-16
             0.160E+01             0.428E-16
             0.160E+01             0.254E-16
             0.161E+01             0.150E-16
             0.162E+01             0.883E-17
             0.163E+01             0.518E-17
             0.164E+01             0.303E-17
             0.165E+01             0.177E-17
             0.166E+01             0.103E-17
             0.167E+01             0.595E-18
             0.167E+01             0.344E-18
             0.168E+01             0.198E-18
             0.169E+01             0.113E-18
             0.170E+01             0.649E-19
             0.171E+01             0.370E-19
             0.172E+01             0.210E-19
             0.173E+01             0.119E-19
             0.174E+01             0.673E-20
             0.174E+01             0.379E-20
             0.175E+01             0.213E-20
             0.176E+01             0.119E-20
             0.177E+01             0.663E-21
             0.178E+01             0.369E-21
             0.179E+01             0.204E-21
             0.180E+01             0.113E-21
             0.181E+01             0.620E-22
             0.181E+01             0.340E-22
             0.182E+01             0.186E-22
             0.183E+01             0.101E-22
             0.184E+01             0.549E-23
             0.185E+01             0.296E-23
             0.186E+01             0.159E-23
             0.187E+01             0.867E-24
             0.188E+01             0.467E-24
             0.188E+01             0.247E-24
             0.189E+01             0.130E-24
             0.190E+01             0.669E-25
             0.191E+01             0.352E-25
             0.192E+01             0.173E-25
             0.193E+01             0.866E-26
             0.194E+01             0.514E-26
             0.195E+01             0.291E-26
             0.195E+01             0.144E-26
             0.196E+01             0.372E-27
             0.197E+01             0.216E-27
             0.198E+01             0.131E-27
             0.199E+01             0.273E-28
             0.200E+01             0.405E-29
             0.201E+01             0.922E-29
             0.202E+01             0.284E-28
             0.202E+01             0.620E-28
             0.203E+01             0.198E-28
             0.204E+01             0.114E-28
             0.205E+01             0.396E-28
             0.206E+01             0.119E-28
             0.207E+01             0.239E-29
             0.208E+01             0.603E-28
             0.209E+01             0.348E-28
             0.209E+01             0.131E-28
             0.210E+01             0.106E-28
             0.211E+01             0.549E-29
             0.212E+01             0.128E-29
             0.213E+01             0.888E-30
             0.214E+01             0.761E-30
             0.215E+01             0.256E-28
             0.216E+01             0.362E-28
             0.216E+01             0.111E-27
             0.217E+01             0.855E-28
             0.218E+01             0.301E-28
             0.219E+01             0.119E-28
             0.220E+01             0.480E-28
             0.221E+01             0.410E-29
             0.222E+01             0.143E-28
             0.223E+01             0.124E-28
             0.223E+01             0.682E-29
             0.224E+01             0.544E-29
             0.225E+01             0.128E-29
             0.226E+01             0.435E-28
             0.227E+01             0.152E-29
             0.228E+01             0.268E-29
             0.229E+01             0.224E-29
             0.230E+01             0.599E-30
             0.230E+01             0.310E-29
             0.231E+01             0.383E-29
             0.232E+01             0.115E-28
             0.233E+01             0.524E-31
             0.234E+01             0.261E-28
             0.235E+01             0.415E-29
             0.236E+01             0.234E-29
             0.237E+01             0.293E-28
             0.237E+01             0.734E-28
             0.238E+01             0.312E-28
             0.239E+01             0.266E-30
             0.240E+01             0.174E-28
             0.241E+01             0.166E-28
             0.242E+01             0.748E-28
             0.243E+01             0.594E-28
             0.244E+01             0.100E-27
             0.244E+01             0.662E-28
             0.245E+01             0.570E-28
             0.246E+01             0.810E-28
             0.247E+01             0.664E-28
             0.248E+01             0.190E-28
             0.249E+01             0.134E-28
             0.250E+01             0.352E-28
             0.251E+01             0.782E-28
             0.251E+01             0.127E-27
             0.252E+01             0.524E-28
             0.253E+01             0.287E-28
             0.254E+01             0.483E-28
             0.255E+01             0.508E-28
             0.256E+01             0.139E-29
             0.257E+01             0.147E-31
             0.258E+01             0.268E-28
             0.258E+01             0.655E-28
             0.259E+01             0.291E-28
             0.260E+01             0.247E-31
             0.261E+01             0.122E-29
             0.262E+01             0.242E-28
             0.263E+01             0.157E-28
             0.264E+01             0.630E-30
             0.265E+01             0.376E-31
             0.265E+01             0.121E-28
             0.266E+01             0.236E-28
             0.267E+01             0.234E-29
             0.268E+01             0.238E-29
             0.269E+01             0.280E-29
             0.270E+01             0.926E-29
             0.271E+01             0.618E-29
             0.272E+01             0.188E-29
             0.272E+01             0.118E-28
             0.273E+01             0.217E-28
             0.274E+01             0.279E-30
             0.275E+01             0.336E-30
             0.276E+01             0.205E-28
             0.277E+01             0.439E-28
             0.278E+01             0.835E-29
             0.279E+01             0.419E-29
             0.279E+01             0.579E-29
             0.280E+01             0.541E-29
             0.281E+01             0.154E-29
             0.282E+01             0.287E-30
             0.283E+01             0.941E-29
             0.284E+01             0.515E-30
             0.285E+01             0.255E-29
             0.286E+01             0.928E-30
             0.286E+01             0.311E-28
             0.287E+01             0.240E-30
             0.288E+01             0.209E-29
             0.289E+01             0.108E-28
             0.290E+01             0.101E-28
             0.291E+01             0.368E-28
             0.292E+01             0.629E-29
             0.293E+01             0.100E-28
             0.293E+01             0.182E-29
             0.294E+01             0.743E-30
             0.295E+01             0.257E-29
             0.296E+01             0.178E-29
             0.297E+01             0.182E-29
             0.298E+01             0.125E-29
             0.299E+01             0.281E-29
             0.300E+01             0.604E-30
             0.300E+01             0.185E-29
             0.301E+01             0.718E-31
             0.302E+01             0.356E-29
             0.303E+01             0.517E-29
             0.304E+01             0.591E-29
             0.305E+01             0.245E-30
             0.306E+01             0.128E-28
             0.306E+01             0.428E-28
             0.307E+01             0.128E-28
             0.308E+01             0.184E-29
             0.309E+01             0.429E-30
             0.310E+01             0.124E-29
             0.311E+01             0.109E-30
             0.312E+01             0.516E-29
             0.313E+01             0.298E-28
             0.313E+01             0.684E-28
             0.314E+01             0.902E-29
             0.315E+01             0.554E-29
             0.316E+01             0.777E-30
             0.317E+01             0.115E-30
             0.318E+01             0.154E-29
             0.319E+01             0.916E-32
             0.320E+01             0.243E-28
             0.320E+01             0.183E-28
             0.321E+01             0.267E-29
             0.322E+01             0.871E-29
             0.323E+01             0.268E-29
             0.324E+01             0.104E-28
             0.325E+01             0.118E-28
             0.326E+01             0.197E-29
             0.327E+01             0.904E-29
             0.327E+01             0.251E-30
             0.328E+01             0.278E-28
             0.329E+01             0.173E-28
             0.330E+01             0.288E-28
             0.331E+01             0.637E-29
             0.332E+01             0.230E-29
             0.333E+01             0.182E-29
             0.334E+01             0.737E-30
             0.334E+01             0.502E-35
             0.335E+01             0.546E-30
             0.336E+01             0.490E-29
             0.337E+01             0.505E-32
             0.338E+01             0.486E-29
             0.339E+01             0.607E-29
             0.340E+01             0.102E-28
             0.341E+01             0.163E-28
             0.341E+01             0.325E-29
             0.342E+01             0.316E-29
             0.343E+01             0.108E-29
             0.344E+01             0.436E-30
             0.345E+01             0.170E-28
             0.346E+01             0.110E-28
             0.347E+01             0.436E-30
             0.348E+01             0.277E-30
             0.348E+01             0.703E-29
             0.349E+01             0.640E-29
             0.350E+01             0.128E-28
             0.351E+01             0.942E-32
             0.352E+01             0.584E-32
             0.353E+01             0.811E-30
             0.354E+01             0.205E-28
             0.355E+01             0.716E-29
             0.355E+01             0.338E-29
             0.356E+01             0.520E-30
             0.357E+01             0.505E-30
             0.358E+01             0.298E-29
             0.359E+01             0.740E-30
             0.360E+01             0.349E-30
             0.361E+01             0.232E-29
             0.362E+01             0.118E-28
             0.362E+01             0.166E-28
             0.363E+01             0.323E-31
             0.364E+01             0.660E-29
             0.365E+01             0.136E-28
             0.366E+01             0.448E-29
             0.367E+01             0.103E-30
             0.368E+01             0.675E-29
             0.369E+01             0.675E-29
             0.369E+01             0.682E-31
             0.370E+01             0.143E-29
             0.371E+01             0.776E-30
             0.372E+01             0.974E-30
             0.373E+01             0.460E-29
             0.374E+01             0.715E-29
             0.375E+01             0.618E-30
             0.376E+01             0.525E-31
             0.376E+01             0.137E-29
             0.377E+01             0.333E-29
             0.378E+01             0.622E-29
             0.379E+01             0.199E-30
             0.380E+01             0.156E-31
             0.381E+01             0.202E-29
             0.382E+01             0.117E-29
             0.383E+01             0.748E-30
             0.383E+01             0.366E-29
             0.384E+01             0.248E-30
             0.385E+01             0.216E-29
             0.386E+01             0.542E-29
             0.387E+01             0.135E-28
             0.388E+01             0.341E-31
             0.389E+01             0.110E-30
             0.390E+01             0.104E-29
             0.390E+01             0.853E-29
             0.391E+01             0.405E-29
             0.392E+01             0.281E-30
             0.393E+01             0.692E-30
             0.394E+01             0.123E-29
             0.395E+01             0.323E-29
             0.396E+01             0.162E-29
             0.397E+01             0.101E-29
             0.397E+01             0.192E-30
             0.398E+01             0.427E-30
             0.399E+01             0.233E-30
             0.400E+01             0.153E-29
             0.401E+01             0.395E-29
             0.402E+01             0.156E-29
             0.403E+01             0.195E-29
             0.404E+01             0.403E-29
             0.404E+01             0.563E-31
             0.405E+01             0.305E-29
             0.406E+01             0.739E-30
             0.407E+01             0.162E-30
             0.408E+01             0.448E-29
             0.409E+01             0.221E-29
             0.410E+01             0.171E-30
             0.411E+01             0.493E-29
             0.411E+01             0.167E-28
             0.412E+01             0.157E-29
             0.413E+01             0.105E-30
             0.414E+01             0.358E-30
             0.415E+01             0.354E-30
             0.416E+01             0.161E-29
             0.417E+01             0.236E-30
             0.418E+01             0.199E-30
             0.418E+01             0.754E-31
             0.419E+01             0.362E-31
             0.420E+01             0.201E-29
             0.421E+01             0.544E-30
             0.422E+01             0.735E-29
             0.423E+01             0.141E-29
             0.424E+01             0.294E-29
             0.425E+01             0.123E-30
             0.425E+01             0.191E-29
             0.426E+01             0.108E-30
             0.427E+01             0.197E-29
             0.428E+01             0.154E-29
             0.429E+01             0.108E-30
             0.430E+01             0.113E-29
             0.431E+01             0.311E-29
             0.432E+01             0.129E-29
             0.432E+01             0.181E-29
             0.433E+01             0.104E-28
             0.434E+01             0.799E-29
             0.435E+01             0.965E-31
             0.436E+01             0.373E-29
             0.437E+01             0.456E-29
             0.438E+01             0.162E-29
             0.439E+01             0.708E-29
             0.439E+01             0.773E-30
             0.440E+01             0.157E-30
             0.441E+01             0.241E-31
             0.442E+01             0.533E-29
             0.443E+01             0.181E-30
             0.444E+01             0.190E-30
             0.445E+01             0.147E-29
             0.446E+01             0.114E-29
             0.446E+01             0.276E-30
             0.447E+01             0.565E-29
             0.448E+01             0.148E-28
             0.449E+01             0.353E-31
             0.450E+01             0.722E-30
             0.451E+01             0.773E-30
             0.452E+01             0.235E-29
             0.453E+01             0.655E-30
             0.453E+01             0.366E-29
             0.454E+01             0.175E-30
             0.455E+01             0.894E-30
             0.456E+01             0.384E-29
             0.457E+01             0.592E-31
             0.458E+01             0.118E-28
             0.459E+01             0.872E-30
             0.460E+01             0.536E-29
             0.460E+01             0.929E-29
             0.461E+01             0.144E-30
             0.462E+01             0.104E-29
             0.463E+01             0.137E-29
             0.464E+01             0.998E-29
             0.465E+01             0.462E-30
             0.466E+01             0.904E-29
             0.467E+01             0.136E-30
             0.467E+01             0.437E-30
             0.468E+01             0.147E-28
             0.469E+01             0.279E-29
             0.470E+01             0.197E-29
             0.471E+01             0.480E-30
             0.472E+01             0.235E-29
             0.473E+01             0.142E-29
             0.474E+01             0.167E-29
             0.474E+01             0.456E-29
             0.475E+01             0.232E-29
             0.476E+01             0.159E-29
             0.477E+01             0.145E-29
             0.478E+01             0.545E-30
             0.479E+01             0.256E-30
             0.480E+01             0.181E-28
             0.481E+01             0.803E-30
             0.481E+01             0.641E-29
             0.482E+01             0.173E-30
             0.483E+01             0.119E-31
             0.484E+01             0.125E-29
             0.485E+01             0.666E-31
             0.486E+01             0.219E-29
             0.487E+01             0.577E-29
             0.488E+01             0.258E-29
             0.488E+01             0.317E-29
             0.489E+01             0.155E-30
             0.490E+01             0.889E-30
             0.491E+01             0.121E-28
             0.492E+01             0.869E-31
             0.493E+01             0.114E-29
             0.494E+01             0.401E-30
             0.495E+01             0.731E-29
             0.495E+01             0.232E-29
             0.496E+01             0.131E-29
             0.497E+01             0.124E-28
             0.498E+01             0.738E-29
             0.499E+01             0.552E-31
             0.500E+01             0.170E-29
             0.501E+01             0.110E-28
             0.501E+01             0.595E-30
             0.502E+01             0.939E-35
             0.503E+01             0.406E-30
             0.504E+01             0.409E-29
             0.505E+01             0.143E-29
             0.506E+01             0.190E-30
             0.507E+01             0.257E-29
             0.508E+01             0.230E-31
             0.508E+01             0.134E-29
             0.509E+01             0.173E-28
             0.510E+01             0.101E-29
             0.511E+01             0.593E-29
             0.512E+01             0.620E-30
             0.513E+01             0.192E-31
             0.514E+01             0.118E-31
             0.515E+01             0.308E-29
             0.515E+01             0.698E-30
             0.516E+01             0.266E-29
             0.517E+01             0.290E-32
             0.518E+01             0.432E-30
             0.519E+01             0.370E-30
             0.520E+01             0.154E-31
             0.521E+01             0.409E-29
             0.522E+01             0.104E-32
             0.522E+01             0.378E-32
             0.523E+01             0.688E-31
             0.524E+01             0.577E-30
             0.525E+01             0.167E-29
             0.526E+01             0.457E-29
             0.527E+01             0.101E-30
             0.528E+01             0.148E-31
             0.529E+01             0.288E-30
             0.529E+01             0.221E-29
             0.530E+01             0.960E-30
             0.531E+01             0.741E-30
             0.532E+01             0.568E-34
             0.533E+01             0.838E-29
             0.534E+01             0.729E-29
             0.535E+01             0.239E-32
             0.536E+01             0.264E-31
             0.536E+01             0.207E-29
             0.537E+01             0.167E-29
             0.538E+01             0.208E-30
             0.539E+01             0.122E-29
             0.540E+01             0.143E-29
             0.541E+01             0.652E-29
             0.542E+01             0.739E-30
             0.543E+01             0.453E-29
             0.543E+01             0.534E-29
             0.544E+01             0.152E-29
             0.545E+01             0.547E-32
             0.546E+01             0.880E-30
             0.547E+01             0.729E-29
             0.548E+01             0.722E-30
             0.549E+01             0.138E-30
             0.550E+01             0.112E-29
             0.550E+01             0.406E-30
             0.551E+01             0.449E-29
             0.552E+01             0.552E-29
             0.553E+01             0.181E-30
             0.554E+01             0.748E-31
             0.555E+01             0.115E-29
             0.556E+01             0.506E-30
             0.557E+01             0.246E-29
             0.557E+01             0.213E-29
             0.558E+01             0.755E-31
             0.559E+01             0.303E-29
             0.560E+01             0.315E-29
             0.561E+01             0.391E-29
             0.562E+01             0.181E-29
             0.563E+01             0.955E-32
             0.564E+01             0.832E-30
             0.564E+01             0.269E-29
             0.565E+01             0.150E-29
             0.566E+01             0.395E-31
             0.567E+01             0.279E-30
             0.568E+01             0.441E-29
             0.569E+01             0.246E-29
             0.570E+01             0.138E-28
             0.571E+01             0.597E-29
             0.571E+01             0.100E-28
             0.572E+01             0.576E-29
             0.573E+01             0.231E-29
             0.574E+01             0.269E-29
             0.575E+01             0.579E-31
             0.576E+01             0.307E-29
             0.577E+01             0.153E-30
             0.578E+01             0.881E-29
             0.578E+01             0.152E-29
             0.579E+01             0.149E-29
             0.580E+01             0.259E-31
             0.581E+01             0.117E-31
             0.582E+01             0.392E-29
             0.583E+01             0.609E-30
             0.584E+01             0.287E-29
             0.585E+01             0.402E-29
             0.585E+01             0.887E-31
             0.586E+01             0.306E-29
             0.587E+01             0.169E-29
             0.588E+01             0.427E-29
             0.589E+01             0.223E-31
             0.590E+01             0.392E-29
             0.591E+01             0.340E-29
             0.592E+01             0.660E-29
             0.592E+01             0.159E-31
             0.593E+01             0.112E-29
             0.594E+01             0.590E-30
             0.595E+01             0.196E-32
             0.596E+01             0.343E-30
             0.597E+01             0.394E-30
             0.598E+01             0.583E-30
             0.599E+01             0.192E-30
             0.599E+01             0.102E-29
             0.600E+01             0.423E-31
             0.601E+01             0.110E-31
             0.602E+01             0.187E-29
             0.603E+01             0.128E-29
             0.604E+01             0.943E-30
             0.605E+01             0.233E-29
             0.606E+01             0.147E-28
             0.606E+01             0.221E-30
             0.607E+01             0.929E-29
             0.608E+01             0.723E-29
             0.609E+01             0.131E-29
             0.610E+01             0.270E-30
             0.611E+01             0.451E-30
             0.612E+01             0.260E-29
             0.613E+01             0.263E-30
             0.613E+01             0.253E-30
             0.614E+01             0.637E-29
             0.615E+01             0.166E-33
             0.616E+01             0.131E-29
             0.617E+01             0.335E-29
             0.618E+01             0.204E-29
             0.619E+01             0.528E-30
             0.620E+01             0.934E-30
             0.620E+01             0.188E-30
             0.621E+01             0.188E-32
             0.622E+01             0.758E-29
             0.623E+01             0.134E-31
             0.624E+01             0.705E-31
             0.625E+01             0.187E-30
             0.626E+01             0.259E-35
             0.627E+01             0.649E-30
             0.627E+01             0.446E-30
             0.628E+01             0.109E-31
             0.629E+01             0.101E-29
             0.630E+01             0.455E-29
             0.631E+01             0.225E-31
             0.632E+01             0.130E-30
             0.633E+01             0.466E-31
             0.634E+01             0.572E-34
             0.634E+01             0.353E-29
             0.635E+01             0.310E-30
             0.636E+01             0.870E-31
             0.637E+01             0.350E-29
             0.638E+01             0.160E-29
             0.639E+01             0.400E-30
             0.640E+01             0.653E-29
             0.641E+01             0.360E-30
             0.641E+01             0.465E-29
             0.642E+01             0.690E-29
             0.643E+01             0.262E-30
             0.644E+01             0.750E-30
             0.645E+01             0.930E-29
             0.646E+01             0.275E-29
             0.647E+01             0.909E-30
             0.648E+01             0.997E-30
             0.648E+01             0.256E-29
             0.649E+01             0.747E-30
             0.650E+01             0.901E-29
             0.651E+01             0.930E-30
             0.652E+01             0.395E-29
             0.653E+01             0.104E-30
             0.654E+01             0.623E-29
             0.655E+01             0.818E-29
             0.655E+01             0.583E-29
             0.656E+01             0.308E-29
             0.657E+01             0.121E-29
             0.658E+01             0.380E-30
             0.659E+01             0.894E-30
             0.660E+01             0.891E-30
             0.661E+01             0.176E-29
             0.662E+01             0.671E-33
             0.662E+01             0.102E-32
             0.663E+01             0.175E-30
             0.664E+01             0.514E-30
             0.665E+01             0.118E-28
             0.666E+01             0.278E-29
             0.667E+01             0.239E-29
             0.668E+01             0.699E-30
             0.669E+01             0.177E-30
             0.669E+01             0.844E-30
             0.670E+01             0.123E-29
             0.671E+01             0.287E-34
             0.672E+01             0.590E-29
             0.673E+01             0.634E-32
             0.674E+01             0.108E-29
             0.675E+01             0.248E-30
             0.676E+01             0.554E-29
             0.676E+01             0.331E-30
             0.677E+01             0.566E-30
             0.678E+01             0.804E-30
             0.679E+01             0.828E-30
             0.680E+01             0.214E-29
             0.681E+01             0.371E-29
             0.682E+01             0.965E-30
             0.683E+01             0.404E-30
             0.683E+01             0.130E-29
             0.684E+01             0.209E-29
             0.685E+01             0.407E-29
             0.686E+01             0.211E-29
             0.687E+01             0.134E-29
             0.688E+01             0.297E-31
             0.689E+01             0.773E-32
             0.690E+01             0.671E-30
             0.690E+01             0.573E-29
             0.691E+01             0.887E-30
             0.692E+01             0.427E-30
             0.693E+01             0.254E-31
             0.694E+01             0.122E-29
             0.695E+01             0.321E-30
             0.696E+01             0.161E-29
             0.697E+01             0.101E-28
             0.697E+01             0.576E-29
             0.698E+01             0.429E-29
             0.699E+01             0.611E-29
             0.700E+01             0.287E-29
