            -0.499E+01             0.259E-61
            -0.498E+01             0.470E-62
            -0.497E+01             0.495E-62
            -0.497E+01             0.108E-60
            -0.496E+01             0.281E-60
            -0.495E+01             0.803E-60
            -0.494E+01             0.564E-61
            -0.493E+01             0.702E-60
            -0.492E+01             0.371E-61
            -0.492E+01             0.231E-60
            -0.491E+01             0.357E-60
            -0.490E+01             0.395E-61
            -0.489E+01             0.187E-60
            -0.488E+01             0.746E-61
            -0.487E+01             0.165E-60
            -0.486E+01             0.557E-60
            -0.486E+01             0.115E-60
            -0.485E+01             0.422E-60
            -0.484E+01             0.228E-62
            -0.483E+01             0.357E-61
            -0.482E+01             0.193E-61
            -0.481E+01             0.274E-61
            -0.481E+01             0.605E-63
            -0.480E+01             0.324E-60
            -0.479E+01             0.912E-61
            -0.478E+01             0.146E-60
            -0.477E+01             0.435E-62
            -0.476E+01             0.294E-60
            -0.475E+01             0.124E-60
            -0.475E+01             0.212E-61
            -0.474E+01             0.199E-62
            -0.473E+01             0.265E-60
            -0.472E+01             0.296E-60
            -0.471E+01             0.115E-61
            -0.470E+01             0.831E-61
            -0.470E+01             0.701E-60
            -0.469E+01             0.179E-60
            -0.468E+01             0.134E-60
            -0.467E+01             0.538E-60
            -0.466E+01             0.120E-61
            -0.465E+01             0.207E-60
            -0.464E+01             0.264E-61
            -0.464E+01             0.362E-61
            -0.463E+01             0.424E-62
            -0.462E+01             0.177E-61
            -0.461E+01             0.238E-60
            -0.460E+01             0.176E-60
            -0.459E+01             0.134E-64
            -0.459E+01             0.463E-60
            -0.458E+01             0.268E-62
            -0.457E+01             0.608E-60
            -0.456E+01             0.681E-61
            -0.455E+01             0.565E-60
            -0.454E+01             0.862E-60
            -0.453E+01             0.349E-60
            -0.453E+01             0.265E-60
            -0.452E+01             0.858E-62
            -0.451E+01             0.643E-60
            -0.450E+01             0.127E-61
            -0.449E+01             0.668E-61
            -0.448E+01             0.357E-60
            -0.448E+01             0.171E-61
            -0.447E+01             0.162E-59
            -0.446E+01             0.641E-61
            -0.445E+01             0.836E-61
            -0.444E+01             0.122E-59
            -0.443E+01             0.862E-60
            -0.442E+01             0.532E-62
            -0.442E+01             0.116E-60
            -0.441E+01             0.801E-62
            -0.440E+01             0.592E-60
            -0.439E+01             0.254E-61
            -0.438E+01             0.589E-61
            -0.437E+01             0.104E-63
            -0.436E+01             0.616E-61
            -0.436E+01             0.123E-60
            -0.435E+01             0.126E-60
            -0.434E+01             0.563E-61
            -0.433E+01             0.130E-59
            -0.432E+01             0.348E-60
            -0.431E+01             0.995E-61
            -0.431E+01             0.209E-60
            -0.430E+01             0.497E-61
            -0.429E+01             0.183E-60
            -0.428E+01             0.385E-65
            -0.427E+01             0.747E-60
            -0.426E+01             0.251E-60
            -0.425E+01             0.282E-62
            -0.425E+01             0.599E-60
            -0.424E+01             0.726E-60
            -0.423E+01             0.860E-61
            -0.422E+01             0.282E-60
            -0.421E+01             0.280E-60
            -0.420E+01             0.740E-63
            -0.420E+01             0.347E-62
            -0.419E+01             0.151E-63
            -0.418E+01             0.161E-59
            -0.417E+01             0.483E-61
            -0.416E+01             0.317E-60
            -0.415E+01             0.596E-62
            -0.414E+01             0.359E-60
            -0.414E+01             0.151E-60
            -0.413E+01             0.139E-60
            -0.412E+01             0.267E-60
            -0.411E+01             0.182E-62
            -0.410E+01             0.637E-62
            -0.409E+01             0.194E-63
            -0.409E+01             0.313E-60
            -0.408E+01             0.459E-61
            -0.407E+01             0.502E-61
            -0.406E+01             0.437E-60
            -0.405E+01             0.657E-63
            -0.404E+01             0.190E-60
            -0.403E+01             0.115E-59
            -0.403E+01             0.150E-60
            -0.402E+01             0.414E-60
            -0.401E+01             0.219E-60
            -0.400E+01             0.406E-61
            -0.399E+01             0.502E-60
            -0.398E+01             0.338E-60
            -0.398E+01             0.146E-60
            -0.397E+01             0.543E-60
            -0.396E+01             0.499E-62
            -0.395E+01             0.150E-61
            -0.394E+01             0.810E-62
            -0.393E+01             0.218E-61
            -0.392E+01             0.101E-60
            -0.392E+01             0.107E-60
            -0.391E+01             0.223E-61
            -0.390E+01             0.707E-60
            -0.389E+01             0.101E-59
            -0.388E+01             0.145E-60
            -0.387E+01             0.616E-64
            -0.387E+01             0.359E-62
            -0.386E+01             0.721E-61
            -0.385E+01             0.282E-62
            -0.384E+01             0.294E-60
            -0.383E+01             0.529E-62
            -0.382E+01             0.110E-63
            -0.381E+01             0.181E-60
            -0.381E+01             0.237E-61
            -0.380E+01             0.444E-60
            -0.379E+01             0.132E-60
            -0.378E+01             0.329E-60
            -0.377E+01             0.105E-60
            -0.376E+01             0.880E-61
            -0.376E+01             0.121E-60
            -0.375E+01             0.263E-61
            -0.374E+01             0.595E-63
            -0.373E+01             0.247E-60
            -0.372E+01             0.384E-60
            -0.371E+01             0.328E-62
            -0.370E+01             0.456E-61
            -0.370E+01             0.184E-60
            -0.369E+01             0.734E-61
            -0.368E+01             0.197E-61
            -0.367E+01             0.146E-60
            -0.366E+01             0.966E-61
            -0.365E+01             0.465E-61
            -0.365E+01             0.212E-61
            -0.364E+01             0.256E-61
            -0.363E+01             0.108E-60
            -0.362E+01             0.719E-61
            -0.361E+01             0.268E-61
            -0.360E+01             0.129E-60
            -0.359E+01             0.912E-60
            -0.359E+01             0.698E-60
            -0.358E+01             0.513E-61
            -0.357E+01             0.437E-60
            -0.356E+01             0.315E-62
            -0.355E+01             0.120E-60
            -0.354E+01             0.476E-61
            -0.354E+01             0.215E-63
            -0.353E+01             0.697E-60
            -0.352E+01             0.989E-61
            -0.351E+01             0.869E-61
            -0.350E+01             0.870E-62
            -0.349E+01             0.121E-63
            -0.348E+01             0.111E-60
            -0.348E+01             0.872E-60
            -0.347E+01             0.640E-61
            -0.346E+01             0.212E-60
            -0.345E+01             0.693E-62
            -0.344E+01             0.769E-61
            -0.343E+01             0.133E-59
            -0.343E+01             0.348E-61
            -0.342E+01             0.253E-60
            -0.341E+01             0.370E-61
            -0.340E+01             0.315E-60
            -0.339E+01             0.707E-60
            -0.338E+01             0.887E-60
            -0.337E+01             0.988E-62
            -0.337E+01             0.142E-60
            -0.336E+01             0.197E-59
            -0.335E+01             0.600E-61
            -0.334E+01             0.157E-61
            -0.333E+01             0.813E-63
            -0.332E+01             0.136E-60
            -0.331E+01             0.128E-60
            -0.331E+01             0.108E-60
            -0.330E+01             0.961E-63
            -0.329E+01             0.192E-60
            -0.328E+01             0.222E-64
            -0.327E+01             0.150E-60
            -0.326E+01             0.287E-62
            -0.326E+01             0.278E-60
            -0.325E+01             0.104E-61
            -0.324E+01             0.932E-60
            -0.323E+01             0.542E-63
            -0.322E+01             0.912E-64
            -0.321E+01             0.270E-61
            -0.320E+01             0.185E-60
            -0.320E+01             0.170E-60
            -0.319E+01             0.517E-61
            -0.318E+01             0.709E-61
            -0.317E+01             0.432E-60
            -0.316E+01             0.163E-60
            -0.315E+01             0.149E-60
            -0.315E+01             0.104E-60
            -0.314E+01             0.684E-65
            -0.313E+01             0.103E-60
            -0.312E+01             0.334E-60
            -0.311E+01             0.106E-59
            -0.310E+01             0.268E-60
            -0.309E+01             0.570E-60
            -0.309E+01             0.604E-62
            -0.308E+01             0.141E-60
            -0.307E+01             0.581E-60
            -0.306E+01             0.134E-64
            -0.305E+01             0.416E-63
            -0.304E+01             0.442E-60
            -0.304E+01             0.174E-60
            -0.303E+01             0.489E-60
            -0.302E+01             0.160E-61
            -0.301E+01             0.478E-60
            -0.300E+01             0.973E-61
            -0.299E+01             0.605E-63
            -0.298E+01             0.475E-61
            -0.298E+01             0.141E-60
            -0.297E+01             0.315E-60
            -0.296E+01             0.236E-60
            -0.295E+01             0.121E-59
            -0.294E+01             0.249E-61
            -0.293E+01             0.215E-61
            -0.293E+01             0.255E-61
            -0.292E+01             0.112E-61
            -0.291E+01             0.238E-61
            -0.290E+01             0.606E-61
            -0.289E+01             0.215E-60
            -0.288E+01             0.615E-61
            -0.287E+01             0.481E-61
            -0.287E+01             0.104E-60
            -0.286E+01             0.285E-61
            -0.285E+01             0.122E-60
            -0.284E+01             0.220E-60
            -0.283E+01             0.158E-62
            -0.282E+01             0.123E-61
            -0.282E+01             0.381E-60
            -0.281E+01             0.426E-60
            -0.280E+01             0.181E-60
            -0.279E+01             0.987E-60
            -0.278E+01             0.986E-61
            -0.277E+01             0.353E-61
            -0.276E+01             0.759E-60
            -0.276E+01             0.937E-61
            -0.275E+01             0.237E-60
            -0.274E+01             0.311E-60
            -0.273E+01             0.174E-61
            -0.272E+01             0.776E-60
            -0.271E+01             0.370E-61
            -0.271E+01             0.776E-63
            -0.270E+01             0.230E-61
            -0.269E+01             0.533E-61
            -0.268E+01             0.693E-61
            -0.267E+01             0.175E-61
            -0.266E+01             0.197E-61
            -0.265E+01             0.459E-60
            -0.265E+01             0.564E-61
            -0.264E+01             0.110E-59
            -0.263E+01             0.245E-59
            -0.262E+01             0.591E-59
            -0.261E+01             0.172E-58
            -0.260E+01             0.387E-58
            -0.260E+01             0.879E-58
            -0.259E+01             0.194E-57
            -0.258E+01             0.466E-57
            -0.257E+01             0.113E-56
            -0.256E+01             0.269E-56
            -0.255E+01             0.648E-56
            -0.254E+01             0.151E-55
            -0.254E+01             0.357E-55
            -0.253E+01             0.833E-55
            -0.252E+01             0.196E-54
            -0.251E+01             0.459E-54
            -0.250E+01             0.106E-53
            -0.249E+01             0.247E-53
            -0.249E+01             0.571E-53
            -0.248E+01             0.132E-52
            -0.247E+01             0.303E-52
            -0.246E+01             0.695E-52
            -0.245E+01             0.159E-51
            -0.244E+01             0.362E-51
            -0.243E+01             0.824E-51
            -0.243E+01             0.187E-50
            -0.242E+01             0.423E-50
            -0.241E+01             0.954E-50
            -0.240E+01             0.215E-49
            -0.239E+01             0.481E-49
            -0.238E+01             0.108E-48
            -0.238E+01             0.240E-48
            -0.237E+01             0.534E-48
            -0.236E+01             0.118E-47
            -0.235E+01             0.262E-47
            -0.234E+01             0.577E-47
            -0.233E+01             0.127E-46
            -0.232E+01             0.278E-46
            -0.232E+01             0.609E-46
            -0.231E+01             0.133E-45
            -0.230E+01             0.289E-45
            -0.229E+01             0.626E-45
            -0.228E+01             0.135E-44
            -0.227E+01             0.292E-44
            -0.227E+01             0.628E-44
            -0.226E+01             0.135E-43
            -0.225E+01             0.288E-43
            -0.224E+01             0.614E-43
            -0.223E+01             0.130E-42
            -0.222E+01             0.277E-42
            -0.221E+01             0.585E-42
            -0.221E+01             0.123E-41
            -0.220E+01             0.259E-41
            -0.219E+01             0.543E-41
            -0.218E+01             0.114E-40
            -0.217E+01             0.237E-40
            -0.216E+01             0.492E-40
            -0.215E+01             0.102E-39
            -0.215E+01             0.211E-39
            -0.214E+01             0.434E-39
            -0.213E+01             0.893E-39
            -0.212E+01             0.183E-38
            -0.211E+01             0.374E-38
            -0.210E+01             0.762E-38
            -0.210E+01             0.155E-37
            -0.209E+01             0.314E-37
            -0.208E+01             0.634E-37
            -0.207E+01             0.128E-36
            -0.206E+01             0.257E-36
            -0.205E+01             0.515E-36
            -0.204E+01             0.103E-35
            -0.204E+01             0.205E-35
            -0.203E+01             0.407E-35
            -0.202E+01             0.807E-35
            -0.201E+01             0.159E-34
            -0.200E+01             0.314E-34
            -0.199E+01             0.617E-34
            -0.199E+01             0.121E-33
            -0.198E+01             0.236E-33
            -0.197E+01             0.460E-33
            -0.196E+01             0.893E-33
            -0.195E+01             0.173E-32
            -0.194E+01             0.334E-32
            -0.193E+01             0.643E-32
            -0.193E+01             0.124E-31
            -0.192E+01             0.237E-31
            -0.191E+01             0.452E-31
            -0.190E+01             0.860E-31
            -0.189E+01             0.163E-30
            -0.188E+01             0.309E-30
            -0.188E+01             0.584E-30
            -0.187E+01             0.110E-29
            -0.186E+01             0.206E-29
            -0.185E+01             0.387E-29
            -0.184E+01             0.722E-29
            -0.183E+01             0.134E-28
            -0.182E+01             0.249E-28
            -0.182E+01             0.462E-28
            -0.181E+01             0.852E-28
            -0.180E+01             0.157E-27
            -0.179E+01             0.288E-27
            -0.178E+01             0.527E-27
            -0.177E+01             0.961E-27
            -0.177E+01             0.175E-26
            -0.176E+01             0.317E-26
            -0.175E+01             0.574E-26
            -0.174E+01             0.104E-25
            -0.173E+01             0.187E-25
            -0.172E+01             0.335E-25
            -0.171E+01             0.599E-25
            -0.171E+01             0.107E-24
            -0.170E+01             0.190E-24
            -0.169E+01             0.337E-24
            -0.168E+01             0.596E-24
            -0.167E+01             0.105E-23
            -0.166E+01             0.185E-23
            -0.166E+01             0.324E-23
            -0.165E+01             0.567E-23
            -0.164E+01             0.990E-23
            -0.163E+01             0.172E-22
            -0.162E+01             0.298E-22
            -0.161E+01             0.516E-22
            -0.160E+01             0.890E-22
            -0.160E+01             0.153E-21
            -0.159E+01             0.262E-21
            -0.158E+01             0.448E-21
            -0.157E+01             0.764E-21
            -0.156E+01             0.130E-20
            -0.155E+01             0.220E-20
            -0.155E+01             0.372E-20
            -0.154E+01             0.627E-20
            -0.153E+01             0.105E-19
            -0.152E+01             0.177E-19
            -0.151E+01             0.295E-19
            -0.150E+01             0.492E-19
            -0.149E+01             0.818E-19
            -0.149E+01             0.136E-18
            -0.148E+01             0.224E-18
            -0.147E+01             0.369E-18
            -0.146E+01             0.606E-18
            -0.145E+01             0.993E-18
            -0.144E+01             0.162E-17
            -0.144E+01             0.264E-17
            -0.143E+01             0.429E-17
            -0.142E+01             0.695E-17
            -0.141E+01             0.112E-16
            -0.140E+01             0.181E-16
            -0.139E+01             0.290E-16
            -0.138E+01             0.465E-16
            -0.138E+01             0.742E-16
            -0.137E+01             0.118E-15
            -0.136E+01             0.188E-15
            -0.135E+01             0.297E-15
            -0.134E+01             0.469E-15
            -0.133E+01             0.738E-15
            -0.133E+01             0.116E-14
            -0.132E+01             0.181E-14
            -0.131E+01             0.283E-14
            -0.130E+01             0.440E-14
            -0.129E+01             0.683E-14
            -0.128E+01             0.106E-13
            -0.127E+01             0.163E-13
            -0.127E+01             0.251E-13
            -0.126E+01             0.385E-13
            -0.125E+01             0.589E-13
            -0.124E+01             0.899E-13
            -0.123E+01             0.137E-12
            -0.122E+01             0.207E-12
            -0.122E+01             0.314E-12
            -0.121E+01             0.473E-12
            -0.120E+01             0.712E-12
            -0.119E+01             0.107E-11
            -0.118E+01             0.160E-11
            -0.117E+01             0.238E-11
            -0.116E+01             0.354E-11
            -0.116E+01             0.525E-11
            -0.115E+01             0.776E-11
            -0.114E+01             0.114E-10
            -0.113E+01             0.168E-10
            -0.112E+01             0.246E-10
            -0.111E+01             0.360E-10
            -0.110E+01             0.525E-10
            -0.110E+01             0.763E-10
            -0.109E+01             0.111E-09
            -0.108E+01             0.160E-09
            -0.107E+01             0.230E-09
            -0.106E+01             0.331E-09
            -0.105E+01             0.474E-09
            -0.105E+01             0.677E-09
            -0.104E+01             0.964E-09
            -0.103E+01             0.137E-08
            -0.102E+01             0.194E-08
            -0.101E+01             0.274E-08
            -0.100E+01             0.386E-08
            -0.995E+00             0.542E-08
            -0.986E+00             0.758E-08
            -0.978E+00             0.106E-07
            -0.970E+00             0.147E-07
            -0.961E+00             0.205E-07
            -0.953E+00             0.283E-07
            -0.944E+00             0.391E-07
            -0.936E+00             0.538E-07
            -0.927E+00             0.739E-07
            -0.919E+00             0.101E-06
            -0.910E+00             0.138E-06
            -0.902E+00             0.188E-06
            -0.893E+00             0.255E-06
            -0.885E+00             0.345E-06
            -0.876E+00             0.465E-06
            -0.868E+00             0.626E-06
            -0.859E+00             0.840E-06
            -0.851E+00             0.112E-05
            -0.843E+00             0.150E-05
            -0.834E+00             0.199E-05
            -0.826E+00             0.264E-05
            -0.817E+00             0.349E-05
            -0.809E+00             0.461E-05
            -0.800E+00             0.606E-05
            -0.792E+00             0.794E-05
            -0.783E+00             0.104E-04
            -0.775E+00             0.135E-04
            -0.766E+00             0.176E-04
            -0.758E+00             0.228E-04
            -0.749E+00             0.295E-04
            -0.741E+00             0.380E-04
            -0.732E+00             0.488E-04
            -0.724E+00             0.626E-04
            -0.715E+00             0.799E-04
            -0.707E+00             0.102E-03
            -0.699E+00             0.129E-03
            -0.690E+00             0.164E-03
            -0.682E+00             0.207E-03
            -0.673E+00             0.261E-03
            -0.665E+00             0.328E-03
            -0.656E+00             0.410E-03
            -0.648E+00             0.512E-03
            -0.639E+00             0.638E-03
            -0.631E+00             0.792E-03
            -0.622E+00             0.981E-03
            -0.614E+00             0.121E-02
            -0.605E+00             0.149E-02
            -0.597E+00             0.183E-02
            -0.588E+00             0.224E-02
            -0.580E+00             0.273E-02
            -0.572E+00             0.333E-02
            -0.563E+00             0.404E-02
            -0.555E+00             0.489E-02
            -0.546E+00             0.590E-02
            -0.538E+00             0.710E-02
            -0.529E+00             0.851E-02
            -0.521E+00             0.102E-01
            -0.512E+00             0.121E-01
            -0.504E+00             0.144E-01
            -0.495E+00             0.171E-01
            -0.487E+00             0.203E-01
            -0.478E+00             0.239E-01
            -0.470E+00             0.281E-01
            -0.461E+00             0.330E-01
            -0.453E+00             0.385E-01
            -0.445E+00             0.449E-01
            -0.436E+00             0.522E-01
            -0.428E+00             0.605E-01
            -0.419E+00             0.700E-01
            -0.411E+00             0.806E-01
            -0.402E+00             0.927E-01
            -0.394E+00             0.106E+00
            -0.385E+00             0.121E+00
            -0.377E+00             0.138E+00
            -0.368E+00             0.157E+00
            -0.360E+00             0.178E+00
            -0.351E+00             0.201E+00
            -0.343E+00             0.226E+00
            -0.334E+00             0.254E+00
            -0.326E+00             0.285E+00
            -0.318E+00             0.318E+00
            -0.309E+00             0.354E+00
            -0.301E+00             0.393E+00
            -0.292E+00             0.435E+00
            -0.284E+00             0.481E+00
            -0.275E+00             0.529E+00
            -0.267E+00             0.581E+00
            -0.258E+00             0.636E+00
            -0.250E+00             0.694E+00
            -0.241E+00             0.755E+00
            -0.233E+00             0.820E+00
            -0.224E+00             0.887E+00
            -0.216E+00             0.957E+00
            -0.207E+00             0.103E+01
            -0.199E+00             0.110E+01
            -0.191E+00             0.118E+01
            -0.182E+00             0.126E+01
            -0.174E+00             0.134E+01
            -0.165E+00             0.142E+01
            -0.157E+00             0.150E+01
            -0.148E+00             0.159E+01
            -0.140E+00             0.167E+01
            -0.131E+00             0.175E+01
            -0.123E+00             0.183E+01
            -0.114E+00             0.191E+01
            -0.106E+00             0.198E+01
            -0.974E-01             0.205E+01
            -0.889E-01             0.212E+01
            -0.804E-01             0.219E+01
            -0.720E-01             0.225E+01
            -0.635E-01             0.230E+01
            -0.550E-01             0.235E+01
            -0.466E-01             0.240E+01
            -0.381E-01             0.243E+01
            -0.296E-01             0.247E+01
            -0.212E-01             0.249E+01
            -0.127E-01             0.251E+01
            -0.423E-02             0.252E+01
             0.423E-02             0.252E+01
             0.127E-01             0.252E+01
             0.212E-01             0.251E+01
             0.296E-01             0.249E+01
             0.381E-01             0.247E+01
             0.466E-01             0.243E+01
             0.550E-01             0.240E+01
             0.635E-01             0.235E+01
             0.720E-01             0.230E+01
             0.804E-01             0.225E+01
             0.889E-01             0.219E+01
             0.974E-01             0.212E+01
             0.106E+00             0.205E+01
             0.114E+00             0.198E+01
             0.123E+00             0.191E+01
             0.131E+00             0.183E+01
             0.140E+00             0.175E+01
             0.148E+00             0.167E+01
             0.157E+00             0.159E+01
             0.165E+00             0.150E+01
             0.174E+00             0.142E+01
             0.182E+00             0.134E+01
             0.191E+00             0.126E+01
             0.199E+00             0.118E+01
             0.207E+00             0.110E+01
             0.216E+00             0.103E+01
             0.224E+00             0.957E+00
             0.233E+00             0.887E+00
             0.241E+00             0.820E+00
             0.250E+00             0.755E+00
             0.258E+00             0.694E+00
             0.267E+00             0.636E+00
             0.275E+00             0.581E+00
             0.284E+00             0.529E+00
             0.292E+00             0.481E+00
             0.301E+00             0.435E+00
             0.309E+00             0.393E+00
             0.318E+00             0.354E+00
             0.326E+00             0.318E+00
             0.334E+00             0.285E+00
             0.343E+00             0.254E+00
             0.351E+00             0.226E+00
             0.360E+00             0.201E+00
             0.368E+00             0.178E+00
             0.377E+00             0.157E+00
             0.385E+00             0.138E+00
             0.394E+00             0.121E+00
             0.402E+00             0.106E+00
             0.411E+00             0.927E-01
             0.419E+00             0.806E-01
             0.428E+00             0.700E-01
             0.436E+00             0.605E-01
             0.445E+00             0.522E-01
             0.453E+00             0.449E-01
             0.461E+00             0.385E-01
             0.470E+00             0.330E-01
             0.478E+00             0.281E-01
             0.487E+00             0.239E-01
             0.495E+00             0.203E-01
             0.504E+00             0.171E-01
             0.512E+00             0.144E-01
             0.521E+00             0.121E-01
             0.529E+00             0.102E-01
             0.538E+00             0.851E-02
             0.546E+00             0.710E-02
             0.555E+00             0.590E-02
             0.563E+00             0.489E-02
             0.572E+00             0.404E-02
             0.580E+00             0.333E-02
             0.588E+00             0.273E-02
             0.597E+00             0.224E-02
             0.605E+00             0.183E-02
             0.614E+00             0.149E-02
             0.622E+00             0.121E-02
             0.631E+00             0.981E-03
             0.639E+00             0.792E-03
             0.648E+00             0.638E-03
             0.656E+00             0.512E-03
             0.665E+00             0.410E-03
             0.673E+00             0.328E-03
             0.682E+00             0.261E-03
             0.690E+00             0.207E-03
             0.699E+00             0.164E-03
             0.707E+00             0.129E-03
             0.715E+00             0.102E-03
             0.724E+00             0.799E-04
             0.732E+00             0.626E-04
             0.741E+00             0.488E-04
             0.749E+00             0.380E-04
             0.758E+00             0.295E-04
             0.766E+00             0.228E-04
             0.775E+00             0.176E-04
             0.783E+00             0.135E-04
             0.792E+00             0.104E-04
             0.800E+00             0.794E-05
             0.809E+00             0.606E-05
             0.817E+00             0.461E-05
             0.826E+00             0.349E-05
             0.834E+00             0.264E-05
             0.843E+00             0.199E-05
             0.851E+00             0.150E-05
             0.859E+00             0.112E-05
             0.868E+00             0.840E-06
             0.876E+00             0.626E-06
             0.885E+00             0.465E-06
             0.893E+00             0.345E-06
             0.902E+00             0.255E-06
             0.910E+00             0.188E-06
             0.919E+00             0.138E-06
             0.927E+00             0.101E-06
             0.936E+00             0.739E-07
             0.944E+00             0.538E-07
             0.953E+00             0.391E-07
             0.961E+00             0.283E-07
             0.970E+00             0.205E-07
             0.978E+00             0.147E-07
             0.986E+00             0.106E-07
             0.995E+00             0.758E-08
             0.100E+01             0.542E-08
             0.101E+01             0.386E-08
             0.102E+01             0.274E-08
             0.103E+01             0.194E-08
             0.104E+01             0.137E-08
             0.105E+01             0.964E-09
             0.105E+01             0.677E-09
             0.106E+01             0.474E-09
             0.107E+01             0.331E-09
             0.108E+01             0.230E-09
             0.109E+01             0.160E-09
             0.110E+01             0.111E-09
             0.110E+01             0.763E-10
             0.111E+01             0.525E-10
             0.112E+01             0.360E-10
             0.113E+01             0.246E-10
             0.114E+01             0.168E-10
             0.115E+01             0.114E-10
             0.116E+01             0.776E-11
             0.116E+01             0.525E-11
             0.117E+01             0.354E-11
             0.118E+01             0.238E-11
             0.119E+01             0.160E-11
             0.120E+01             0.107E-11
             0.121E+01             0.712E-12
             0.122E+01             0.473E-12
             0.122E+01             0.314E-12
             0.123E+01             0.207E-12
             0.124E+01             0.137E-12
             0.125E+01             0.899E-13
             0.126E+01             0.589E-13
             0.127E+01             0.385E-13
             0.127E+01             0.251E-13
             0.128E+01             0.163E-13
             0.129E+01             0.106E-13
             0.130E+01             0.683E-14
             0.131E+01             0.440E-14
             0.132E+01             0.283E-14
             0.133E+01             0.181E-14
             0.133E+01             0.116E-14
             0.134E+01             0.738E-15
             0.135E+01             0.469E-15
             0.136E+01             0.297E-15
             0.137E+01             0.188E-15
             0.138E+01             0.118E-15
             0.138E+01             0.742E-16
             0.139E+01             0.465E-16
             0.140E+01             0.290E-16
             0.141E+01             0.181E-16
             0.142E+01             0.112E-16
             0.143E+01             0.695E-17
             0.144E+01             0.429E-17
             0.144E+01             0.264E-17
             0.145E+01             0.162E-17
             0.146E+01             0.993E-18
             0.147E+01             0.606E-18
             0.148E+01             0.369E-18
             0.149E+01             0.224E-18
             0.149E+01             0.136E-18
             0.150E+01             0.818E-19
             0.151E+01             0.492E-19
             0.152E+01             0.295E-19
             0.153E+01             0.177E-19
             0.154E+01             0.105E-19
             0.155E+01             0.627E-20
             0.155E+01             0.372E-20
             0.156E+01             0.220E-20
             0.157E+01             0.130E-20
             0.158E+01             0.764E-21
             0.159E+01             0.448E-21
             0.160E+01             0.262E-21
             0.160E+01             0.153E-21
             0.161E+01             0.890E-22
             0.162E+01             0.516E-22
             0.163E+01             0.299E-22
             0.164E+01             0.172E-22
             0.165E+01             0.992E-23
             0.166E+01             0.567E-23
             0.166E+01             0.323E-23
             0.167E+01             0.184E-23
             0.168E+01             0.106E-23
             0.169E+01             0.604E-24
             0.170E+01             0.341E-24
             0.171E+01             0.191E-24
             0.171E+01             0.107E-24
             0.172E+01             0.579E-25
             0.173E+01             0.313E-25
             0.174E+01             0.189E-25
             0.175E+01             0.109E-25
             0.176E+01             0.650E-26
             0.177E+01             0.353E-26
             0.177E+01             0.201E-26
             0.178E+01             0.105E-26
             0.179E+01             0.795E-27
             0.180E+01             0.251E-27
             0.181E+01             0.737E-28
             0.182E+01             0.304E-28
             0.182E+01             0.328E-28
             0.183E+01             0.212E-28
             0.184E+01             0.385E-28
             0.185E+01             0.159E-29
             0.186E+01             0.959E-29
             0.187E+01             0.552E-30
             0.188E+01             0.222E-29
             0.188E+01             0.774E-29
             0.189E+01             0.974E-29
             0.190E+01             0.564E-29
             0.191E+01             0.114E-28
             0.192E+01             0.345E-29
             0.193E+01             0.630E-29
             0.193E+01             0.299E-28
             0.194E+01             0.220E-28
             0.195E+01             0.721E-30
             0.196E+01             0.189E-28
             0.197E+01             0.428E-28
             0.198E+01             0.558E-28
             0.199E+01             0.617E-28
             0.199E+01             0.132E-28
             0.200E+01             0.448E-28
             0.201E+01             0.128E-29
             0.202E+01             0.345E-30
             0.203E+01             0.492E-29
             0.204E+01             0.124E-28
             0.204E+01             0.205E-28
             0.205E+01             0.440E-29
             0.206E+01             0.236E-29
             0.207E+01             0.233E-29
             0.208E+01             0.345E-30
             0.209E+01             0.891E-30
             0.210E+01             0.495E-29
             0.210E+01             0.157E-28
             0.211E+01             0.621E-29
             0.212E+01             0.107E-28
             0.213E+01             0.403E-31
             0.214E+01             0.200E-30
             0.215E+01             0.576E-29
             0.215E+01             0.918E-31
             0.216E+01             0.212E-29
             0.217E+01             0.173E-28
             0.218E+01             0.760E-30
             0.219E+01             0.231E-29
             0.220E+01             0.904E-29
             0.221E+01             0.151E-28
             0.221E+01             0.423E-28
             0.222E+01             0.616E-29
             0.223E+01             0.568E-29
             0.224E+01             0.342E-29
             0.225E+01             0.141E-28
             0.226E+01             0.620E-29
             0.227E+01             0.134E-28
             0.227E+01             0.641E-29
             0.228E+01             0.118E-28
             0.229E+01             0.199E-30
             0.230E+01             0.137E-28
             0.231E+01             0.336E-30
             0.232E+01             0.210E-29
             0.232E+01             0.216E-28
             0.233E+01             0.732E-30
             0.234E+01             0.118E-28
             0.235E+01             0.711E-29
             0.236E+01             0.894E-29
             0.237E+01             0.708E-29
             0.238E+01             0.612E-29
             0.238E+01             0.444E-29
             0.239E+01             0.204E-30
             0.240E+01             0.148E-28
             0.241E+01             0.301E-29
             0.242E+01             0.125E-29
             0.243E+01             0.546E-30
             0.243E+01             0.200E-29
             0.244E+01             0.951E-31
             0.245E+01             0.242E-29
             0.246E+01             0.109E-29
             0.247E+01             0.128E-29
             0.248E+01             0.713E-29
             0.249E+01             0.191E-31
             0.249E+01             0.317E-29
             0.250E+01             0.887E-30
             0.251E+01             0.773E-29
             0.252E+01             0.157E-29
             0.253E+01             0.276E-30
             0.254E+01             0.243E-29
             0.254E+01             0.226E-29
             0.255E+01             0.270E-29
             0.256E+01             0.192E-29
             0.257E+01             0.299E-29
             0.258E+01             0.191E-31
             0.259E+01             0.199E-28
             0.260E+01             0.962E-29
             0.260E+01             0.165E-30
             0.261E+01             0.646E-29
             0.262E+01             0.133E-29
             0.263E+01             0.761E-29
             0.264E+01             0.737E-29
             0.265E+01             0.141E-28
             0.265E+01             0.996E-30
             0.266E+01             0.222E-29
             0.267E+01             0.954E-31
             0.268E+01             0.250E-29
             0.269E+01             0.104E-28
             0.270E+01             0.110E-29
             0.271E+01             0.301E-29
             0.271E+01             0.953E-29
             0.272E+01             0.628E-29
             0.273E+01             0.619E-31
             0.274E+01             0.615E-29
             0.275E+01             0.182E-32
             0.276E+01             0.210E-29
             0.276E+01             0.376E-29
             0.277E+01             0.216E-29
             0.278E+01             0.208E-29
             0.279E+01             0.891E-29
             0.280E+01             0.579E-29
             0.281E+01             0.651E-30
             0.282E+01             0.282E-29
             0.282E+01             0.291E-30
             0.283E+01             0.316E-29
             0.284E+01             0.496E-29
             0.285E+01             0.737E-29
             0.286E+01             0.128E-28
             0.287E+01             0.171E-29
             0.287E+01             0.811E-29
             0.288E+01             0.159E-28
             0.289E+01             0.398E-29
             0.290E+01             0.185E-28
             0.291E+01             0.933E-29
             0.292E+01             0.157E-29
             0.293E+01             0.814E-30
             0.293E+01             0.851E-29
             0.294E+01             0.395E-32
             0.295E+01             0.105E-29
             0.296E+01             0.863E-29
             0.297E+01             0.586E-33
             0.298E+01             0.851E-29
             0.298E+01             0.115E-28
             0.299E+01             0.526E-29
             0.300E+01             0.628E-30
             0.301E+01             0.670E-29
             0.302E+01             0.332E-29
             0.303E+01             0.559E-29
             0.304E+01             0.671E-29
             0.304E+01             0.716E-31
             0.305E+01             0.876E-29
             0.306E+01             0.131E-30
             0.307E+01             0.964E-29
             0.308E+01             0.549E-30
             0.309E+01             0.334E-29
             0.309E+01             0.935E-30
             0.310E+01             0.113E-28
             0.311E+01             0.243E-28
             0.312E+01             0.155E-29
             0.313E+01             0.131E-28
             0.314E+01             0.126E-28
             0.315E+01             0.884E-30
             0.315E+01             0.498E-29
             0.316E+01             0.453E-29
             0.317E+01             0.532E-29
             0.318E+01             0.806E-29
             0.319E+01             0.450E-32
             0.320E+01             0.408E-29
             0.320E+01             0.233E-28
             0.321E+01             0.352E-28
             0.322E+01             0.223E-29
             0.323E+01             0.270E-28
             0.324E+01             0.117E-29
             0.325E+01             0.869E-29
             0.326E+01             0.180E-28
             0.326E+01             0.228E-28
             0.327E+01             0.196E-29
             0.328E+01             0.206E-29
             0.329E+01             0.591E-29
             0.330E+01             0.153E-29
             0.331E+01             0.962E-30
             0.331E+01             0.118E-28
             0.332E+01             0.310E-29
             0.333E+01             0.190E-29
             0.334E+01             0.692E-30
             0.335E+01             0.811E-30
             0.336E+01             0.182E-30
             0.337E+01             0.107E-28
             0.337E+01             0.234E-29
             0.338E+01             0.277E-31
             0.339E+01             0.613E-30
             0.340E+01             0.121E-30
             0.341E+01             0.409E-29
             0.342E+01             0.662E-29
             0.343E+01             0.704E-30
             0.343E+01             0.295E-29
             0.344E+01             0.201E-29
             0.345E+01             0.142E-28
             0.346E+01             0.544E-30
             0.347E+01             0.405E-31
             0.348E+01             0.675E-30
             0.348E+01             0.216E-30
             0.349E+01             0.916E-29
             0.350E+01             0.719E-30
             0.351E+01             0.791E-30
             0.352E+01             0.414E-29
             0.353E+01             0.543E-30
             0.354E+01             0.285E-29
             0.354E+01             0.121E-29
             0.355E+01             0.473E-29
             0.356E+01             0.969E-30
             0.357E+01             0.479E-29
             0.358E+01             0.275E-29
             0.359E+01             0.158E-28
             0.359E+01             0.179E-28
             0.360E+01             0.315E-30
             0.361E+01             0.283E-30
             0.362E+01             0.343E-30
             0.363E+01             0.156E-29
             0.364E+01             0.377E-29
             0.365E+01             0.191E-30
             0.365E+01             0.340E-29
             0.366E+01             0.439E-32
             0.367E+01             0.149E-29
             0.368E+01             0.262E-29
             0.369E+01             0.293E-30
             0.370E+01             0.749E-29
             0.370E+01             0.760E-30
             0.371E+01             0.834E-32
             0.372E+01             0.346E-29
             0.373E+01             0.248E-29
             0.374E+01             0.638E-29
             0.375E+01             0.454E-30
             0.376E+01             0.194E-29
             0.376E+01             0.256E-31
             0.377E+01             0.242E-29
             0.378E+01             0.109E-29
             0.379E+01             0.573E-32
             0.380E+01             0.846E-31
             0.381E+01             0.547E-29
             0.381E+01             0.320E-29
             0.382E+01             0.315E-30
             0.383E+01             0.337E-30
             0.384E+01             0.311E-29
             0.385E+01             0.317E-32
             0.386E+01             0.186E-30
             0.387E+01             0.459E-30
             0.387E+01             0.303E-30
             0.388E+01             0.449E-29
             0.389E+01             0.655E-30
             0.390E+01             0.260E-29
             0.391E+01             0.103E-29
             0.392E+01             0.202E-28
             0.392E+01             0.680E-32
             0.393E+01             0.163E-29
             0.394E+01             0.334E-29
             0.395E+01             0.104E-28
             0.396E+01             0.990E-30
             0.397E+01             0.270E-29
             0.398E+01             0.110E-30
             0.398E+01             0.171E-28
             0.399E+01             0.593E-30
             0.400E+01             0.186E-30
             0.401E+01             0.183E-30
             0.402E+01             0.129E-29
             0.403E+01             0.962E-32
             0.403E+01             0.658E-29
             0.404E+01             0.277E-29
             0.405E+01             0.992E-31
             0.406E+01             0.233E-29
             0.407E+01             0.224E-29
             0.408E+01             0.280E-30
             0.409E+01             0.106E-28
             0.409E+01             0.869E-30
             0.410E+01             0.574E-30
             0.411E+01             0.847E-29
             0.412E+01             0.177E-29
             0.413E+01             0.159E-29
             0.414E+01             0.231E-29
             0.414E+01             0.152E-30
             0.415E+01             0.158E-29
             0.416E+01             0.740E-29
             0.417E+01             0.967E-30
             0.418E+01             0.504E-29
             0.419E+01             0.343E-29
             0.420E+01             0.135E-29
             0.420E+01             0.393E-29
             0.421E+01             0.905E-32
             0.422E+01             0.461E-29
             0.423E+01             0.948E-31
             0.424E+01             0.203E-30
             0.425E+01             0.331E-29
             0.425E+01             0.271E-29
             0.426E+01             0.254E-29
             0.427E+01             0.318E-30
             0.428E+01             0.913E-29
             0.429E+01             0.843E-29
             0.430E+01             0.847E-29
             0.431E+01             0.168E-28
             0.431E+01             0.614E-29
             0.432E+01             0.138E-29
             0.433E+01             0.569E-31
             0.434E+01             0.953E-31
             0.435E+01             0.640E-30
             0.436E+01             0.494E-30
             0.436E+01             0.210E-29
             0.437E+01             0.147E-30
             0.438E+01             0.583E-30
             0.439E+01             0.117E-30
             0.440E+01             0.637E-31
             0.441E+01             0.287E-32
             0.442E+01             0.627E-32
             0.442E+01             0.284E-29
             0.443E+01             0.193E-28
             0.444E+01             0.157E-30
             0.445E+01             0.178E-28
             0.446E+01             0.196E-29
             0.447E+01             0.181E-30
             0.448E+01             0.117E-29
             0.448E+01             0.662E-29
             0.449E+01             0.744E-29
             0.450E+01             0.792E-29
             0.451E+01             0.434E-30
             0.452E+01             0.605E-30
             0.453E+01             0.338E-29
             0.453E+01             0.215E-28
             0.454E+01             0.427E-30
             0.455E+01             0.901E-31
             0.456E+01             0.320E-29
             0.457E+01             0.106E-29
             0.458E+01             0.442E-29
             0.459E+01             0.380E-30
             0.459E+01             0.742E-30
             0.460E+01             0.386E-30
             0.461E+01             0.102E-30
             0.462E+01             0.965E-30
             0.463E+01             0.466E-29
             0.464E+01             0.553E-30
             0.464E+01             0.280E-29
             0.465E+01             0.572E-30
             0.466E+01             0.134E-29
             0.467E+01             0.961E-30
             0.468E+01             0.136E-28
             0.469E+01             0.239E-29
             0.470E+01             0.164E-30
             0.470E+01             0.301E-29
             0.471E+01             0.363E-29
             0.472E+01             0.156E-29
             0.473E+01             0.234E-30
             0.474E+01             0.117E-29
             0.475E+01             0.103E-29
             0.475E+01             0.263E-29
             0.476E+01             0.455E-31
             0.477E+01             0.165E-30
             0.478E+01             0.106E-29
             0.479E+01             0.972E-29
             0.480E+01             0.598E-30
             0.481E+01             0.286E-29
             0.481E+01             0.878E-31
             0.482E+01             0.168E-30
             0.483E+01             0.370E-29
             0.484E+01             0.427E-29
             0.485E+01             0.628E-30
             0.486E+01             0.602E-29
             0.486E+01             0.289E-30
             0.487E+01             0.950E-29
             0.488E+01             0.790E-30
             0.489E+01             0.136E-30
             0.490E+01             0.425E-29
             0.491E+01             0.826E-31
             0.492E+01             0.261E-30
             0.492E+01             0.446E-29
             0.493E+01             0.343E-30
             0.494E+01             0.180E-29
             0.495E+01             0.369E-30
             0.496E+01             0.182E-29
             0.497E+01             0.155E-29
             0.497E+01             0.120E-30
             0.498E+01             0.723E-30
             0.499E+01             0.552E-29
             0.500E+01             0.425E-30
