            -0.300E+01             0.179E-75
            -0.299E+01             0.768E-75
            -0.299E+01             0.194E-74
            -0.298E+01             0.405E-74
            -0.298E+01             0.771E-74
            -0.297E+01             0.140E-73
            -0.297E+01             0.247E-73
            -0.296E+01             0.430E-73
            -0.296E+01             0.742E-73
            -0.295E+01             0.127E-72
            -0.295E+01             0.218E-72
            -0.295E+01             0.371E-72
            -0.294E+01             0.632E-72
            -0.294E+01             0.107E-71
            -0.293E+01             0.182E-71
            -0.293E+01             0.309E-71
            -0.292E+01             0.524E-71
            -0.292E+01             0.887E-71
            -0.291E+01             0.150E-70
            -0.291E+01             0.254E-70
            -0.290E+01             0.428E-70
            -0.290E+01             0.723E-70
            -0.290E+01             0.122E-69
            -0.289E+01             0.205E-69
            -0.289E+01             0.345E-69
            -0.288E+01             0.581E-69
            -0.288E+01             0.976E-69
            -0.287E+01             0.164E-68
            -0.287E+01             0.275E-68
            -0.286E+01             0.461E-68
            -0.286E+01             0.772E-68
            -0.285E+01             0.129E-67
            -0.285E+01             0.216E-67
            -0.285E+01             0.361E-67
            -0.284E+01             0.603E-67
            -0.284E+01             0.101E-66
            -0.283E+01             0.167E-66
            -0.283E+01             0.279E-66
            -0.282E+01             0.464E-66
            -0.282E+01             0.772E-66
            -0.281E+01             0.128E-65
            -0.281E+01             0.213E-65
            -0.280E+01             0.353E-65
            -0.280E+01             0.585E-65
            -0.280E+01             0.968E-65
            -0.279E+01             0.160E-64
            -0.279E+01             0.265E-64
            -0.278E+01             0.437E-64
            -0.278E+01             0.721E-64
            -0.277E+01             0.119E-63
            -0.277E+01             0.196E-63
            -0.276E+01             0.322E-63
            -0.276E+01             0.530E-63
            -0.275E+01             0.872E-63
            -0.275E+01             0.143E-62
            -0.275E+01             0.235E-62
            -0.274E+01             0.385E-62
            -0.274E+01             0.631E-62
            -0.273E+01             0.103E-61
            -0.273E+01             0.169E-61
            -0.272E+01             0.276E-61
            -0.272E+01             0.450E-61
            -0.271E+01             0.734E-61
            -0.271E+01             0.120E-60
            -0.270E+01             0.195E-60
            -0.270E+01             0.317E-60
            -0.270E+01             0.516E-60
            -0.269E+01             0.838E-60
            -0.269E+01             0.136E-59
            -0.268E+01             0.221E-59
            -0.268E+01             0.358E-59
            -0.267E+01             0.579E-59
            -0.267E+01             0.937E-59
            -0.266E+01             0.151E-58
            -0.266E+01             0.245E-58
            -0.265E+01             0.395E-58
            -0.265E+01             0.636E-58
            -0.265E+01             0.103E-57
            -0.264E+01             0.165E-57
            -0.264E+01             0.266E-57
            -0.263E+01             0.427E-57
            -0.263E+01             0.685E-57
            -0.262E+01             0.110E-56
            -0.262E+01             0.176E-56
            -0.261E+01             0.282E-56
            -0.261E+01             0.452E-56
            -0.260E+01             0.723E-56
            -0.260E+01             0.116E-55
            -0.260E+01             0.184E-55
            -0.259E+01             0.294E-55
            -0.259E+01             0.469E-55
            -0.258E+01             0.747E-55
            -0.258E+01             0.119E-54
            -0.257E+01             0.189E-54
            -0.257E+01             0.300E-54
            -0.256E+01             0.477E-54
            -0.256E+01             0.756E-54
            -0.255E+01             0.120E-53
            -0.255E+01             0.190E-53
            -0.255E+01             0.300E-53
            -0.254E+01             0.475E-53
            -0.254E+01             0.750E-53
            -0.253E+01             0.118E-52
            -0.253E+01             0.187E-52
            -0.252E+01             0.294E-52
            -0.252E+01             0.463E-52
            -0.251E+01             0.728E-52
            -0.251E+01             0.114E-51
            -0.250E+01             0.180E-51
            -0.250E+01             0.282E-51
            -0.250E+01             0.442E-51
            -0.249E+01             0.693E-51
            -0.249E+01             0.108E-50
            -0.248E+01             0.170E-50
            -0.248E+01             0.265E-50
            -0.247E+01             0.414E-50
            -0.247E+01             0.646E-50
            -0.246E+01             0.101E-49
            -0.246E+01             0.157E-49
            -0.245E+01             0.244E-49
            -0.245E+01             0.379E-49
            -0.245E+01             0.589E-49
            -0.244E+01             0.915E-49
            -0.244E+01             0.142E-48
            -0.243E+01             0.220E-48
            -0.243E+01             0.341E-48
            -0.242E+01             0.527E-48
            -0.242E+01             0.815E-48
            -0.241E+01             0.126E-47
            -0.241E+01             0.194E-47
            -0.240E+01             0.300E-47
            -0.240E+01             0.462E-47
            -0.240E+01             0.711E-47
            -0.239E+01             0.109E-46
            -0.239E+01             0.168E-46
            -0.238E+01             0.258E-46
            -0.238E+01             0.396E-46
            -0.237E+01             0.607E-46
            -0.237E+01             0.930E-46
            -0.236E+01             0.142E-45
            -0.236E+01             0.218E-45
            -0.236E+01             0.333E-45
            -0.235E+01             0.508E-45
            -0.235E+01             0.775E-45
            -0.234E+01             0.118E-44
            -0.234E+01             0.180E-44
            -0.233E+01             0.274E-44
            -0.233E+01             0.417E-44
            -0.232E+01             0.633E-44
            -0.232E+01             0.961E-44
            -0.231E+01             0.146E-43
            -0.231E+01             0.221E-43
            -0.231E+01             0.334E-43
            -0.230E+01             0.506E-43
            -0.230E+01             0.765E-43
            -0.229E+01             0.116E-42
            -0.229E+01             0.174E-42
            -0.228E+01             0.263E-42
            -0.228E+01             0.396E-42
            -0.227E+01             0.597E-42
            -0.227E+01             0.898E-42
            -0.226E+01             0.135E-41
            -0.226E+01             0.203E-41
            -0.226E+01             0.304E-41
            -0.225E+01             0.456E-41
            -0.225E+01             0.683E-41
            -0.224E+01             0.102E-40
            -0.224E+01             0.153E-40
            -0.223E+01             0.228E-40
            -0.223E+01             0.341E-40
            -0.222E+01             0.509E-40
            -0.222E+01             0.759E-40
            -0.221E+01             0.113E-39
            -0.221E+01             0.168E-39
            -0.221E+01             0.250E-39
            -0.220E+01             0.372E-39
            -0.220E+01             0.552E-39
            -0.219E+01             0.818E-39
            -0.219E+01             0.121E-38
            -0.218E+01             0.180E-38
            -0.218E+01             0.266E-38
            -0.217E+01             0.393E-38
            -0.217E+01             0.580E-38
            -0.216E+01             0.856E-38
            -0.216E+01             0.126E-37
            -0.216E+01             0.186E-37
            -0.215E+01             0.274E-37
            -0.215E+01             0.403E-37
            -0.214E+01             0.592E-37
            -0.214E+01             0.869E-37
            -0.213E+01             0.128E-36
            -0.213E+01             0.187E-36
            -0.212E+01             0.274E-36
            -0.212E+01             0.401E-36
            -0.211E+01             0.587E-36
            -0.211E+01             0.857E-36
            -0.211E+01             0.125E-35
            -0.210E+01             0.183E-35
            -0.210E+01             0.266E-35
            -0.209E+01             0.388E-35
            -0.209E+01             0.564E-35
            -0.208E+01             0.820E-35
            -0.208E+01             0.119E-34
            -0.207E+01             0.173E-34
            -0.207E+01             0.251E-34
            -0.206E+01             0.363E-34
            -0.206E+01             0.526E-34
            -0.206E+01             0.761E-34
            -0.205E+01             0.110E-33
            -0.205E+01             0.159E-33
            -0.204E+01             0.229E-33
            -0.204E+01             0.331E-33
            -0.203E+01             0.477E-33
            -0.203E+01             0.686E-33
            -0.202E+01             0.987E-33
            -0.202E+01             0.142E-32
            -0.201E+01             0.204E-32
            -0.201E+01             0.292E-32
            -0.201E+01             0.419E-32
            -0.200E+01             0.600E-32
            -0.200E+01             0.859E-32
            -0.199E+01             0.123E-31
            -0.199E+01             0.175E-31
            -0.198E+01             0.250E-31
            -0.198E+01             0.357E-31
            -0.197E+01             0.509E-31
            -0.197E+01             0.725E-31
            -0.196E+01             0.103E-30
            -0.196E+01             0.147E-30
            -0.196E+01             0.208E-30
            -0.195E+01             0.296E-30
            -0.195E+01             0.419E-30
            -0.194E+01             0.594E-30
            -0.194E+01             0.841E-30
            -0.193E+01             0.119E-29
            -0.193E+01             0.168E-29
            -0.192E+01             0.238E-29
            -0.192E+01             0.335E-29
            -0.191E+01             0.473E-29
            -0.191E+01             0.666E-29
            -0.191E+01             0.937E-29
            -0.190E+01             0.132E-28
            -0.190E+01             0.185E-28
            -0.189E+01             0.260E-28
            -0.189E+01             0.365E-28
            -0.188E+01             0.511E-28
            -0.188E+01             0.716E-28
            -0.187E+01             0.100E-27
            -0.187E+01             0.140E-27
            -0.186E+01             0.196E-27
            -0.186E+01             0.273E-27
            -0.186E+01             0.381E-27
            -0.185E+01             0.531E-27
            -0.185E+01             0.739E-27
            -0.184E+01             0.103E-26
            -0.184E+01             0.143E-26
            -0.183E+01             0.199E-26
            -0.183E+01             0.276E-26
            -0.182E+01             0.382E-26
            -0.182E+01             0.529E-26
            -0.181E+01             0.733E-26
            -0.181E+01             0.101E-25
            -0.181E+01             0.140E-25
            -0.180E+01             0.193E-25
            -0.180E+01             0.267E-25
            -0.179E+01             0.368E-25
            -0.179E+01             0.507E-25
            -0.178E+01             0.697E-25
            -0.178E+01             0.959E-25
            -0.177E+01             0.132E-24
            -0.177E+01             0.181E-24
            -0.176E+01             0.248E-24
            -0.176E+01             0.340E-24
            -0.176E+01             0.465E-24
            -0.175E+01             0.637E-24
            -0.175E+01             0.870E-24
            -0.174E+01             0.119E-23
            -0.174E+01             0.162E-23
            -0.173E+01             0.221E-23
            -0.173E+01             0.301E-23
            -0.172E+01             0.410E-23
            -0.172E+01             0.558E-23
            -0.171E+01             0.759E-23
            -0.171E+01             0.103E-22
            -0.171E+01             0.140E-22
            -0.170E+01             0.189E-22
            -0.170E+01             0.257E-22
            -0.169E+01             0.347E-22
            -0.169E+01             0.470E-22
            -0.168E+01             0.634E-22
            -0.168E+01             0.857E-22
            -0.167E+01             0.116E-21
            -0.167E+01             0.156E-21
            -0.166E+01             0.210E-21
            -0.166E+01             0.282E-21
            -0.166E+01             0.379E-21
            -0.165E+01             0.509E-21
            -0.165E+01             0.684E-21
            -0.164E+01             0.917E-21
            -0.164E+01             0.123E-20
            -0.163E+01             0.164E-20
            -0.163E+01             0.220E-20
            -0.162E+01             0.294E-20
            -0.162E+01             0.392E-20
            -0.161E+01             0.524E-20
            -0.161E+01             0.698E-20
            -0.161E+01             0.930E-20
            -0.160E+01             0.124E-19
            -0.160E+01             0.165E-19
            -0.159E+01             0.219E-19
            -0.159E+01             0.290E-19
            -0.158E+01             0.385E-19
            -0.158E+01             0.510E-19
            -0.157E+01             0.676E-19
            -0.157E+01             0.894E-19
            -0.156E+01             0.118E-18
            -0.156E+01             0.156E-18
            -0.156E+01             0.206E-18
            -0.155E+01             0.272E-18
            -0.155E+01             0.358E-18
            -0.154E+01             0.471E-18
            -0.154E+01             0.620E-18
            -0.153E+01             0.814E-18
            -0.153E+01             0.107E-17
            -0.152E+01             0.140E-17
            -0.152E+01             0.184E-17
            -0.151E+01             0.241E-17
            -0.151E+01             0.315E-17
            -0.151E+01             0.412E-17
            -0.150E+01             0.539E-17
            -0.150E+01             0.703E-17
            -0.149E+01             0.917E-17
            -0.149E+01             0.119E-16
            -0.148E+01             0.156E-16
            -0.148E+01             0.202E-16
            -0.147E+01             0.263E-16
            -0.147E+01             0.342E-16
            -0.146E+01             0.443E-16
            -0.146E+01             0.575E-16
            -0.146E+01             0.745E-16
            -0.145E+01             0.964E-16
            -0.145E+01             0.125E-15
            -0.144E+01             0.161E-15
            -0.144E+01             0.208E-15
            -0.143E+01             0.268E-15
            -0.143E+01             0.346E-15
            -0.142E+01             0.446E-15
            -0.142E+01             0.573E-15
            -0.141E+01             0.737E-15
            -0.141E+01             0.947E-15
            -0.141E+01             0.122E-14
            -0.140E+01             0.156E-14
            -0.140E+01             0.200E-14
            -0.139E+01             0.256E-14
            -0.139E+01             0.327E-14
            -0.138E+01             0.418E-14
            -0.138E+01             0.534E-14
            -0.137E+01             0.682E-14
            -0.137E+01             0.869E-14
            -0.136E+01             0.111E-13
            -0.136E+01             0.141E-13
            -0.136E+01             0.179E-13
            -0.135E+01             0.228E-13
            -0.135E+01             0.289E-13
            -0.134E+01             0.367E-13
            -0.134E+01             0.465E-13
            -0.133E+01             0.588E-13
            -0.133E+01             0.744E-13
            -0.132E+01             0.941E-13
            -0.132E+01             0.119E-12
            -0.131E+01             0.150E-12
            -0.131E+01             0.189E-12
            -0.131E+01             0.238E-12
            -0.130E+01             0.300E-12
            -0.130E+01             0.377E-12
            -0.129E+01             0.474E-12
            -0.129E+01             0.595E-12
            -0.128E+01             0.747E-12
            -0.128E+01             0.936E-12
            -0.127E+01             0.117E-11
            -0.127E+01             0.147E-11
            -0.126E+01             0.183E-11
            -0.126E+01             0.229E-11
            -0.126E+01             0.286E-11
            -0.125E+01             0.357E-11
            -0.125E+01             0.445E-11
            -0.124E+01             0.554E-11
            -0.124E+01             0.689E-11
            -0.123E+01             0.856E-11
            -0.123E+01             0.106E-10
            -0.122E+01             0.132E-10
            -0.122E+01             0.163E-10
            -0.121E+01             0.202E-10
            -0.121E+01             0.251E-10
            -0.121E+01             0.310E-10
            -0.120E+01             0.383E-10
            -0.120E+01             0.473E-10
            -0.119E+01             0.583E-10
            -0.119E+01             0.718E-10
            -0.118E+01             0.884E-10
            -0.118E+01             0.109E-09
            -0.117E+01             0.134E-09
            -0.117E+01             0.164E-09
            -0.117E+01             0.202E-09
            -0.116E+01             0.247E-09
            -0.116E+01             0.303E-09
            -0.115E+01             0.371E-09
            -0.115E+01             0.453E-09
            -0.114E+01             0.554E-09
            -0.114E+01             0.676E-09
            -0.113E+01             0.824E-09
            -0.113E+01             0.100E-08
            -0.112E+01             0.122E-08
            -0.112E+01             0.149E-08
            -0.112E+01             0.181E-08
            -0.111E+01             0.220E-08
            -0.111E+01             0.267E-08
            -0.110E+01             0.323E-08
            -0.110E+01             0.392E-08
            -0.109E+01             0.474E-08
            -0.109E+01             0.573E-08
            -0.108E+01             0.693E-08
            -0.108E+01             0.837E-08
            -0.107E+01             0.101E-07
            -0.107E+01             0.122E-07
            -0.107E+01             0.146E-07
            -0.106E+01             0.176E-07
            -0.106E+01             0.212E-07
            -0.105E+01             0.254E-07
            -0.105E+01             0.305E-07
            -0.104E+01             0.366E-07
            -0.104E+01             0.438E-07
            -0.103E+01             0.525E-07
            -0.103E+01             0.628E-07
            -0.102E+01             0.750E-07
            -0.102E+01             0.895E-07
            -0.102E+01             0.107E-06
            -0.101E+01             0.127E-06
            -0.101E+01             0.152E-06
            -0.100E+01             0.180E-06
            -0.997E+00             0.214E-06
            -0.992E+00             0.255E-06
            -0.988E+00             0.302E-06
            -0.983E+00             0.358E-06
            -0.979E+00             0.424E-06
            -0.974E+00             0.502E-06
            -0.970E+00             0.594E-06
            -0.965E+00             0.701E-06
            -0.961E+00             0.828E-06
            -0.956E+00             0.977E-06
            -0.952E+00             0.115E-05
            -0.947E+00             0.135E-05
            -0.942E+00             0.159E-05
            -0.938E+00             0.187E-05
            -0.933E+00             0.220E-05
            -0.929E+00             0.258E-05
            -0.924E+00             0.303E-05
            -0.920E+00             0.354E-05
            -0.915E+00             0.415E-05
            -0.911E+00             0.485E-05
            -0.906E+00             0.566E-05
            -0.902E+00             0.661E-05
            -0.897E+00             0.771E-05
            -0.893E+00             0.898E-05
            -0.888E+00             0.105E-04
            -0.883E+00             0.122E-04
            -0.879E+00             0.141E-04
            -0.874E+00             0.164E-04
            -0.870E+00             0.190E-04
            -0.865E+00             0.221E-04
            -0.861E+00             0.255E-04
            -0.856E+00             0.296E-04
            -0.852E+00             0.342E-04
            -0.847E+00             0.395E-04
            -0.843E+00             0.455E-04
            -0.838E+00             0.525E-04
            -0.833E+00             0.605E-04
            -0.829E+00             0.696E-04
            -0.824E+00             0.800E-04
            -0.820E+00             0.919E-04
            -0.815E+00             0.106E-03
            -0.811E+00             0.121E-03
            -0.806E+00             0.139E-03
            -0.802E+00             0.159E-03
            -0.797E+00             0.182E-03
            -0.793E+00             0.207E-03
            -0.788E+00             0.237E-03
            -0.783E+00             0.270E-03
            -0.779E+00             0.308E-03
            -0.774E+00             0.351E-03
            -0.770E+00             0.399E-03
            -0.765E+00             0.453E-03
            -0.761E+00             0.515E-03
            -0.756E+00             0.584E-03
            -0.752E+00             0.662E-03
            -0.747E+00             0.750E-03
            -0.743E+00             0.848E-03
            -0.738E+00             0.959E-03
            -0.734E+00             0.108E-02
            -0.729E+00             0.122E-02
            -0.724E+00             0.138E-02
            -0.720E+00             0.155E-02
            -0.715E+00             0.175E-02
            -0.711E+00             0.196E-02
            -0.706E+00             0.221E-02
            -0.702E+00             0.248E-02
            -0.697E+00             0.278E-02
            -0.693E+00             0.311E-02
            -0.688E+00             0.348E-02
            -0.684E+00             0.390E-02
            -0.679E+00             0.435E-02
            -0.674E+00             0.486E-02
            -0.670E+00             0.542E-02
            -0.665E+00             0.604E-02
            -0.661E+00             0.672E-02
            -0.656E+00             0.748E-02
            -0.652E+00             0.831E-02
            -0.647E+00             0.922E-02
            -0.643E+00             0.102E-01
            -0.638E+00             0.113E-01
            -0.634E+00             0.125E-01
            -0.629E+00             0.139E-01
            -0.625E+00             0.153E-01
            -0.620E+00             0.169E-01
            -0.615E+00             0.187E-01
            -0.611E+00             0.206E-01
            -0.606E+00             0.226E-01
            -0.602E+00             0.249E-01
            -0.597E+00             0.274E-01
            -0.593E+00             0.300E-01
            -0.588E+00             0.330E-01
            -0.584E+00             0.361E-01
            -0.579E+00             0.395E-01
            -0.575E+00             0.432E-01
            -0.570E+00             0.472E-01
            -0.565E+00             0.516E-01
            -0.561E+00             0.562E-01
            -0.556E+00             0.613E-01
            -0.552E+00             0.667E-01
            -0.547E+00             0.725E-01
            -0.543E+00             0.788E-01
            -0.538E+00             0.855E-01
            -0.534E+00             0.927E-01
            -0.529E+00             0.100E+00
            -0.525E+00             0.109E+00
            -0.520E+00             0.117E+00
            -0.516E+00             0.127E+00
            -0.511E+00             0.137E+00
            -0.506E+00             0.148E+00
            -0.502E+00             0.159E+00
            -0.497E+00             0.171E+00
            -0.493E+00             0.184E+00
            -0.488E+00             0.197E+00
            -0.484E+00             0.212E+00
            -0.479E+00             0.227E+00
            -0.475E+00             0.243E+00
            -0.470E+00             0.260E+00
            -0.466E+00             0.277E+00
            -0.461E+00             0.296E+00
            -0.456E+00             0.316E+00
            -0.452E+00             0.336E+00
            -0.447E+00             0.358E+00
            -0.443E+00             0.380E+00
            -0.438E+00             0.404E+00
            -0.434E+00             0.428E+00
            -0.429E+00             0.454E+00
            -0.425E+00             0.480E+00
            -0.420E+00             0.508E+00
            -0.416E+00             0.536E+00
            -0.411E+00             0.566E+00
            -0.407E+00             0.596E+00
            -0.402E+00             0.628E+00
            -0.397E+00             0.660E+00
            -0.393E+00             0.694E+00
            -0.388E+00             0.728E+00
            -0.384E+00             0.763E+00
            -0.379E+00             0.799E+00
            -0.375E+00             0.836E+00
            -0.370E+00             0.873E+00
            -0.366E+00             0.911E+00
            -0.361E+00             0.950E+00
            -0.357E+00             0.989E+00
            -0.352E+00             0.103E+01
            -0.347E+00             0.107E+01
            -0.343E+00             0.111E+01
            -0.338E+00             0.115E+01
            -0.334E+00             0.119E+01
            -0.329E+00             0.123E+01
            -0.325E+00             0.127E+01
            -0.320E+00             0.131E+01
            -0.316E+00             0.135E+01
            -0.311E+00             0.139E+01
            -0.307E+00             0.143E+01
            -0.302E+00             0.147E+01
            -0.298E+00             0.150E+01
            -0.293E+00             0.154E+01
            -0.288E+00             0.157E+01
            -0.284E+00             0.161E+01
            -0.279E+00             0.164E+01
            -0.275E+00             0.167E+01
            -0.270E+00             0.170E+01
            -0.266E+00             0.172E+01
            -0.261E+00             0.175E+01
            -0.257E+00             0.177E+01
            -0.252E+00             0.179E+01
            -0.248E+00             0.181E+01
            -0.243E+00             0.182E+01
            -0.238E+00             0.184E+01
            -0.234E+00             0.184E+01
            -0.229E+00             0.185E+01
            -0.225E+00             0.186E+01
            -0.220E+00             0.186E+01
            -0.216E+00             0.185E+01
            -0.211E+00             0.185E+01
            -0.207E+00             0.184E+01
            -0.202E+00             0.183E+01
            -0.198E+00             0.181E+01
            -0.193E+00             0.180E+01
            -0.188E+00             0.177E+01
            -0.184E+00             0.175E+01
            -0.179E+00             0.172E+01
            -0.175E+00             0.169E+01
            -0.170E+00             0.166E+01
            -0.166E+00             0.162E+01
            -0.161E+00             0.158E+01
            -0.157E+00             0.154E+01
            -0.152E+00             0.149E+01
            -0.148E+00             0.145E+01
            -0.143E+00             0.140E+01
            -0.139E+00             0.135E+01
            -0.134E+00             0.129E+01
            -0.129E+00             0.124E+01
            -0.125E+00             0.118E+01
            -0.120E+00             0.112E+01
            -0.116E+00             0.107E+01
            -0.111E+00             0.101E+01
            -0.107E+00             0.946E+00
            -0.102E+00             0.886E+00
            -0.977E-01             0.825E+00
            -0.931E-01             0.766E+00
            -0.886E-01             0.706E+00
            -0.840E-01             0.648E+00
            -0.795E-01             0.590E+00
            -0.749E-01             0.534E+00
            -0.704E-01             0.480E+00
            -0.659E-01             0.427E+00
            -0.613E-01             0.376E+00
            -0.568E-01             0.328E+00
            -0.522E-01             0.283E+00
            -0.477E-01             0.240E+00
            -0.431E-01             0.200E+00
            -0.386E-01             0.163E+00
            -0.341E-01             0.130E+00
            -0.295E-01             0.100E+00
            -0.250E-01             0.739E-01
            -0.204E-01             0.515E-01
            -0.159E-01             0.331E-01
            -0.114E-01             0.187E-01
            -0.681E-02             0.832E-02
            -0.227E-02             0.208E-02
             0.227E-02             0.272E-23
             0.681E-02             0.208E-02
             0.114E-01             0.832E-02
             0.159E-01             0.187E-01
             0.204E-01             0.331E-01
             0.250E-01             0.515E-01
             0.295E-01             0.739E-01
             0.341E-01             0.100E+00
             0.386E-01             0.130E+00
             0.431E-01             0.163E+00
             0.477E-01             0.200E+00
             0.522E-01             0.240E+00
             0.568E-01             0.283E+00
             0.613E-01             0.328E+00
             0.659E-01             0.376E+00
             0.704E-01             0.427E+00
             0.749E-01             0.480E+00
             0.795E-01             0.534E+00
             0.840E-01             0.590E+00
             0.886E-01             0.648E+00
             0.931E-01             0.706E+00
             0.977E-01             0.766E+00
             0.102E+00             0.825E+00
             0.107E+00             0.886E+00
             0.111E+00             0.946E+00
             0.116E+00             0.101E+01
             0.120E+00             0.107E+01
             0.125E+00             0.112E+01
             0.129E+00             0.118E+01
             0.134E+00             0.124E+01
             0.139E+00             0.129E+01
             0.143E+00             0.135E+01
             0.148E+00             0.140E+01
             0.152E+00             0.145E+01
             0.157E+00             0.149E+01
             0.161E+00             0.154E+01
             0.166E+00             0.158E+01
             0.170E+00             0.162E+01
             0.175E+00             0.166E+01
             0.179E+00             0.169E+01
             0.184E+00             0.172E+01
             0.188E+00             0.175E+01
             0.193E+00             0.177E+01
             0.198E+00             0.180E+01
             0.202E+00             0.181E+01
             0.207E+00             0.183E+01
             0.211E+00             0.184E+01
             0.216E+00             0.185E+01
             0.220E+00             0.185E+01
             0.225E+00             0.186E+01
             0.229E+00             0.186E+01
             0.234E+00             0.185E+01
             0.238E+00             0.184E+01
             0.243E+00             0.184E+01
             0.248E+00             0.182E+01
             0.252E+00             0.181E+01
             0.257E+00             0.179E+01
             0.261E+00             0.177E+01
             0.266E+00             0.175E+01
             0.270E+00             0.172E+01
             0.275E+00             0.170E+01
             0.279E+00             0.167E+01
             0.284E+00             0.164E+01
             0.288E+00             0.161E+01
             0.293E+00             0.157E+01
             0.298E+00             0.154E+01
             0.302E+00             0.150E+01
             0.307E+00             0.147E+01
             0.311E+00             0.143E+01
             0.316E+00             0.139E+01
             0.320E+00             0.135E+01
             0.325E+00             0.131E+01
             0.329E+00             0.127E+01
             0.334E+00             0.123E+01
             0.338E+00             0.119E+01
             0.343E+00             0.115E+01
             0.347E+00             0.111E+01
             0.352E+00             0.107E+01
             0.357E+00             0.103E+01
             0.361E+00             0.989E+00
             0.366E+00             0.950E+00
             0.370E+00             0.911E+00
             0.375E+00             0.873E+00
             0.379E+00             0.836E+00
             0.384E+00             0.799E+00
             0.388E+00             0.763E+00
             0.393E+00             0.728E+00
             0.397E+00             0.694E+00
             0.402E+00             0.660E+00
             0.407E+00             0.628E+00
             0.411E+00             0.596E+00
             0.416E+00             0.566E+00
             0.420E+00             0.536E+00
             0.425E+00             0.508E+00
             0.429E+00             0.480E+00
             0.434E+00             0.454E+00
             0.438E+00             0.428E+00
             0.443E+00             0.404E+00
             0.447E+00             0.380E+00
             0.452E+00             0.358E+00
             0.456E+00             0.336E+00
             0.461E+00             0.316E+00
             0.466E+00             0.296E+00
             0.470E+00             0.277E+00
             0.475E+00             0.260E+00
             0.479E+00             0.243E+00
             0.484E+00             0.227E+00
             0.488E+00             0.212E+00
             0.493E+00             0.197E+00
             0.497E+00             0.184E+00
             0.502E+00             0.171E+00
             0.506E+00             0.159E+00
             0.511E+00             0.148E+00
             0.516E+00             0.137E+00
             0.520E+00             0.127E+00
             0.525E+00             0.117E+00
             0.529E+00             0.109E+00
             0.534E+00             0.100E+00
             0.538E+00             0.927E-01
             0.543E+00             0.855E-01
             0.547E+00             0.788E-01
             0.552E+00             0.725E-01
             0.556E+00             0.667E-01
             0.561E+00             0.613E-01
             0.565E+00             0.562E-01
             0.570E+00             0.516E-01
             0.575E+00             0.472E-01
             0.579E+00             0.432E-01
             0.584E+00             0.395E-01
             0.588E+00             0.361E-01
             0.593E+00             0.330E-01
             0.597E+00             0.300E-01
             0.602E+00             0.274E-01
             0.606E+00             0.249E-01
             0.611E+00             0.226E-01
             0.615E+00             0.206E-01
             0.620E+00             0.187E-01
             0.625E+00             0.169E-01
             0.629E+00             0.153E-01
             0.634E+00             0.139E-01
             0.638E+00             0.125E-01
             0.643E+00             0.113E-01
             0.647E+00             0.102E-01
             0.652E+00             0.922E-02
             0.656E+00             0.831E-02
             0.661E+00             0.748E-02
             0.665E+00             0.672E-02
             0.670E+00             0.604E-02
             0.674E+00             0.542E-02
             0.679E+00             0.486E-02
             0.684E+00             0.435E-02
             0.688E+00             0.390E-02
             0.693E+00             0.348E-02
             0.697E+00             0.311E-02
             0.702E+00             0.278E-02
             0.706E+00             0.248E-02
             0.711E+00             0.221E-02
             0.715E+00             0.196E-02
             0.720E+00             0.175E-02
             0.724E+00             0.155E-02
             0.729E+00             0.138E-02
             0.734E+00             0.122E-02
             0.738E+00             0.108E-02
             0.743E+00             0.959E-03
             0.747E+00             0.848E-03
             0.752E+00             0.750E-03
             0.756E+00             0.662E-03
             0.761E+00             0.584E-03
             0.765E+00             0.515E-03
             0.770E+00             0.453E-03
             0.774E+00             0.399E-03
             0.779E+00             0.351E-03
             0.783E+00             0.308E-03
             0.788E+00             0.270E-03
             0.793E+00             0.237E-03
             0.797E+00             0.207E-03
             0.802E+00             0.182E-03
             0.806E+00             0.159E-03
             0.811E+00             0.139E-03
             0.815E+00             0.121E-03
             0.820E+00             0.106E-03
             0.824E+00             0.919E-04
             0.829E+00             0.800E-04
             0.833E+00             0.696E-04
             0.838E+00             0.605E-04
             0.843E+00             0.525E-04
             0.847E+00             0.455E-04
             0.852E+00             0.395E-04
             0.856E+00             0.342E-04
             0.861E+00             0.296E-04
             0.865E+00             0.255E-04
             0.870E+00             0.221E-04
             0.874E+00             0.190E-04
             0.879E+00             0.164E-04
             0.883E+00             0.141E-04
             0.888E+00             0.122E-04
             0.893E+00             0.105E-04
             0.897E+00             0.898E-05
             0.902E+00             0.771E-05
             0.906E+00             0.661E-05
             0.911E+00             0.566E-05
             0.915E+00             0.485E-05
             0.920E+00             0.415E-05
             0.924E+00             0.354E-05
             0.929E+00             0.303E-05
             0.933E+00             0.258E-05
             0.938E+00             0.220E-05
             0.942E+00             0.187E-05
             0.947E+00             0.159E-05
             0.952E+00             0.135E-05
             0.956E+00             0.115E-05
             0.961E+00             0.977E-06
             0.965E+00             0.828E-06
             0.970E+00             0.701E-06
             0.974E+00             0.594E-06
             0.979E+00             0.502E-06
             0.983E+00             0.424E-06
             0.988E+00             0.358E-06
             0.992E+00             0.302E-06
             0.997E+00             0.255E-06
             0.100E+01             0.214E-06
             0.101E+01             0.180E-06
             0.101E+01             0.152E-06
             0.102E+01             0.127E-06
             0.102E+01             0.107E-06
             0.102E+01             0.895E-07
             0.103E+01             0.750E-07
             0.103E+01             0.628E-07
             0.104E+01             0.525E-07
             0.104E+01             0.438E-07
             0.105E+01             0.366E-07
             0.105E+01             0.305E-07
             0.106E+01             0.254E-07
             0.106E+01             0.212E-07
             0.107E+01             0.176E-07
             0.107E+01             0.146E-07
             0.107E+01             0.122E-07
             0.108E+01             0.101E-07
             0.108E+01             0.837E-08
             0.109E+01             0.693E-08
             0.109E+01             0.573E-08
             0.110E+01             0.474E-08
             0.110E+01             0.392E-08
             0.111E+01             0.323E-08
             0.111E+01             0.267E-08
             0.112E+01             0.220E-08
             0.112E+01             0.181E-08
             0.112E+01             0.149E-08
             0.113E+01             0.122E-08
             0.113E+01             0.100E-08
             0.114E+01             0.824E-09
             0.114E+01             0.676E-09
             0.115E+01             0.554E-09
             0.115E+01             0.453E-09
             0.116E+01             0.371E-09
             0.116E+01             0.303E-09
             0.117E+01             0.247E-09
             0.117E+01             0.202E-09
             0.117E+01             0.164E-09
             0.118E+01             0.134E-09
             0.118E+01             0.109E-09
             0.119E+01             0.884E-10
             0.119E+01             0.718E-10
             0.120E+01             0.583E-10
             0.120E+01             0.473E-10
             0.121E+01             0.383E-10
             0.121E+01             0.310E-10
             0.121E+01             0.251E-10
             0.122E+01             0.202E-10
             0.122E+01             0.163E-10
             0.123E+01             0.132E-10
             0.123E+01             0.106E-10
             0.124E+01             0.856E-11
             0.124E+01             0.689E-11
             0.125E+01             0.554E-11
             0.125E+01             0.445E-11
             0.126E+01             0.357E-11
             0.126E+01             0.286E-11
             0.126E+01             0.229E-11
             0.127E+01             0.183E-11
             0.127E+01             0.147E-11
             0.128E+01             0.117E-11
             0.128E+01             0.936E-12
             0.129E+01             0.747E-12
             0.129E+01             0.595E-12
             0.130E+01             0.474E-12
             0.130E+01             0.377E-12
             0.131E+01             0.300E-12
             0.131E+01             0.238E-12
             0.131E+01             0.189E-12
             0.132E+01             0.150E-12
             0.132E+01             0.119E-12
             0.133E+01             0.941E-13
             0.133E+01             0.744E-13
             0.134E+01             0.588E-13
             0.134E+01             0.465E-13
             0.135E+01             0.367E-13
             0.135E+01             0.289E-13
             0.136E+01             0.228E-13
             0.136E+01             0.179E-13
             0.136E+01             0.141E-13
             0.137E+01             0.111E-13
             0.137E+01             0.869E-14
             0.138E+01             0.682E-14
             0.138E+01             0.534E-14
             0.139E+01             0.418E-14
             0.139E+01             0.327E-14
             0.140E+01             0.256E-14
             0.140E+01             0.200E-14
             0.141E+01             0.156E-14
             0.141E+01             0.122E-14
             0.141E+01             0.947E-15
             0.142E+01             0.737E-15
             0.142E+01             0.573E-15
             0.143E+01             0.446E-15
             0.143E+01             0.346E-15
             0.144E+01             0.268E-15
             0.144E+01             0.208E-15
             0.145E+01             0.161E-15
             0.145E+01             0.125E-15
             0.146E+01             0.964E-16
             0.146E+01             0.745E-16
             0.146E+01             0.575E-16
             0.147E+01             0.443E-16
             0.147E+01             0.342E-16
             0.148E+01             0.263E-16
             0.148E+01             0.202E-16
             0.149E+01             0.156E-16
             0.149E+01             0.119E-16
             0.150E+01             0.917E-17
             0.150E+01             0.703E-17
             0.151E+01             0.539E-17
             0.151E+01             0.412E-17
             0.151E+01             0.315E-17
             0.152E+01             0.241E-17
             0.152E+01             0.184E-17
             0.153E+01             0.140E-17
             0.153E+01             0.107E-17
             0.154E+01             0.814E-18
             0.154E+01             0.620E-18
             0.155E+01             0.471E-18
             0.155E+01             0.358E-18
             0.156E+01             0.272E-18
             0.156E+01             0.206E-18
             0.156E+01             0.156E-18
             0.157E+01             0.118E-18
             0.157E+01             0.894E-19
             0.158E+01             0.676E-19
             0.158E+01             0.510E-19
             0.159E+01             0.385E-19
             0.159E+01             0.290E-19
             0.160E+01             0.219E-19
             0.160E+01             0.165E-19
             0.161E+01             0.124E-19
             0.161E+01             0.930E-20
             0.161E+01             0.698E-20
             0.162E+01             0.524E-20
             0.162E+01             0.392E-20
             0.163E+01             0.294E-20
             0.163E+01             0.220E-20
             0.164E+01             0.164E-20
             0.164E+01             0.123E-20
             0.165E+01             0.917E-21
             0.165E+01             0.683E-21
             0.166E+01             0.509E-21
             0.166E+01             0.379E-21
             0.166E+01             0.282E-21
             0.167E+01             0.210E-21
             0.167E+01             0.156E-21
             0.168E+01             0.116E-21
             0.168E+01             0.857E-22
             0.169E+01             0.634E-22
             0.169E+01             0.470E-22
             0.170E+01             0.348E-22
             0.170E+01             0.257E-22
             0.171E+01             0.190E-22
             0.171E+01             0.140E-22
             0.171E+01             0.103E-22
             0.172E+01             0.757E-23
             0.172E+01             0.561E-23
             0.173E+01             0.412E-23
             0.173E+01             0.300E-23
             0.174E+01             0.221E-23
             0.174E+01             0.163E-23
             0.175E+01             0.120E-23
             0.175E+01             0.859E-24
             0.176E+01             0.634E-24
             0.176E+01             0.463E-24
             0.176E+01             0.330E-24
             0.177E+01             0.244E-24
             0.177E+01             0.183E-24
             0.178E+01             0.129E-24
             0.178E+01             0.904E-25
             0.179E+01             0.681E-25
             0.179E+01             0.503E-25
             0.180E+01             0.386E-25
             0.180E+01             0.272E-25
             0.181E+01             0.211E-25
             0.181E+01             0.140E-25
             0.181E+01             0.113E-25
             0.182E+01             0.809E-26
             0.182E+01             0.572E-26
             0.183E+01             0.443E-26
             0.183E+01             0.281E-26
             0.184E+01             0.213E-26
             0.184E+01             0.190E-26
             0.185E+01             0.801E-27
             0.185E+01             0.691E-27
             0.186E+01             0.569E-27
             0.186E+01             0.509E-27
             0.186E+01             0.803E-28
             0.187E+01             0.959E-28
             0.187E+01             0.278E-28
             0.188E+01             0.255E-28
             0.188E+01             0.137E-29
             0.189E+01             0.877E-28
             0.189E+01             0.127E-28
             0.190E+01             0.330E-28
             0.190E+01             0.356E-30
             0.191E+01             0.210E-29
             0.191E+01             0.343E-30
             0.191E+01             0.454E-29
             0.192E+01             0.235E-29
             0.192E+01             0.350E-30
             0.193E+01             0.328E-30
             0.193E+01             0.641E-29
             0.194E+01             0.909E-28
             0.194E+01             0.118E-29
             0.195E+01             0.305E-29
             0.195E+01             0.205E-28
             0.196E+01             0.940E-30
             0.196E+01             0.312E-28
             0.196E+01             0.379E-29
             0.197E+01             0.604E-30
             0.197E+01             0.132E-29
             0.198E+01             0.736E-29
             0.198E+01             0.220E-28
             0.199E+01             0.960E-29
             0.199E+01             0.159E-28
             0.200E+01             0.736E-29
             0.200E+01             0.202E-28
             0.201E+01             0.171E-28
             0.201E+01             0.467E-28
             0.201E+01             0.616E-29
             0.202E+01             0.146E-29
             0.202E+01             0.175E-29
             0.203E+01             0.333E-29
             0.203E+01             0.904E-32
             0.204E+01             0.235E-29
             0.204E+01             0.501E-30
             0.205E+01             0.879E-29
             0.205E+01             0.257E-29
             0.206E+01             0.537E-29
             0.206E+01             0.659E-29
             0.206E+01             0.841E-29
             0.207E+01             0.122E-28
             0.207E+01             0.998E-30
             0.208E+01             0.518E-29
             0.208E+01             0.135E-28
             0.209E+01             0.512E-29
             0.209E+01             0.250E-28
             0.210E+01             0.327E-29
             0.210E+01             0.160E-30
             0.211E+01             0.377E-29
             0.211E+01             0.175E-28
             0.211E+01             0.435E-29
             0.212E+01             0.220E-29
             0.212E+01             0.213E-30
             0.213E+01             0.426E-29
             0.213E+01             0.147E-30
             0.214E+01             0.139E-30
             0.214E+01             0.159E-29
             0.215E+01             0.220E-28
             0.215E+01             0.226E-29
             0.216E+01             0.200E-28
             0.216E+01             0.418E-29
             0.216E+01             0.125E-28
             0.217E+01             0.111E-28
             0.217E+01             0.348E-29
             0.218E+01             0.965E-29
             0.218E+01             0.268E-30
             0.219E+01             0.341E-29
             0.219E+01             0.271E-29
             0.220E+01             0.446E-28
             0.220E+01             0.175E-29
             0.221E+01             0.869E-29
             0.221E+01             0.412E-29
             0.221E+01             0.192E-29
             0.222E+01             0.807E-30
             0.222E+01             0.226E-30
             0.223E+01             0.187E-34
             0.223E+01             0.141E-29
             0.224E+01             0.557E-28
             0.224E+01             0.189E-28
             0.225E+01             0.791E-30
             0.225E+01             0.786E-30
             0.226E+01             0.255E-28
             0.226E+01             0.561E-29
             0.226E+01             0.912E-29
             0.227E+01             0.167E-28
             0.227E+01             0.352E-30
             0.228E+01             0.610E-29
             0.228E+01             0.389E-29
             0.229E+01             0.143E-30
             0.229E+01             0.340E-28
             0.230E+01             0.322E-29
             0.230E+01             0.117E-28
             0.231E+01             0.303E-29
             0.231E+01             0.188E-29
             0.231E+01             0.171E-28
             0.232E+01             0.182E-29
             0.232E+01             0.114E-32
             0.233E+01             0.167E-29
             0.233E+01             0.397E-28
             0.234E+01             0.247E-30
             0.234E+01             0.186E-29
             0.235E+01             0.201E-29
             0.235E+01             0.318E-30
             0.236E+01             0.150E-29
             0.236E+01             0.978E-29
             0.236E+01             0.208E-28
             0.237E+01             0.415E-29
             0.237E+01             0.402E-29
             0.238E+01             0.803E-29
             0.238E+01             0.118E-29
             0.239E+01             0.101E-29
             0.239E+01             0.122E-28
             0.240E+01             0.206E-29
             0.240E+01             0.199E-29
             0.240E+01             0.184E-29
             0.241E+01             0.942E-30
             0.241E+01             0.165E-28
             0.242E+01             0.197E-28
             0.242E+01             0.404E-29
             0.243E+01             0.100E-28
             0.243E+01             0.309E-28
             0.244E+01             0.446E-29
             0.244E+01             0.156E-30
             0.245E+01             0.569E-30
             0.245E+01             0.419E-28
             0.245E+01             0.361E-31
             0.246E+01             0.280E-29
             0.246E+01             0.146E-28
             0.247E+01             0.228E-28
             0.247E+01             0.526E-30
             0.248E+01             0.561E-30
             0.248E+01             0.112E-28
             0.249E+01             0.133E-28
             0.249E+01             0.335E-30
             0.250E+01             0.971E-30
             0.250E+01             0.147E-29
             0.250E+01             0.216E-29
             0.251E+01             0.814E-29
             0.251E+01             0.528E-29
             0.252E+01             0.512E-30
             0.252E+01             0.225E-29
             0.253E+01             0.491E-30
             0.253E+01             0.579E-30
             0.254E+01             0.263E-29
             0.254E+01             0.125E-28
             0.255E+01             0.952E-29
             0.255E+01             0.886E-29
             0.255E+01             0.235E-30
             0.256E+01             0.144E-28
             0.256E+01             0.436E-29
             0.257E+01             0.563E-30
             0.257E+01             0.345E-29
             0.258E+01             0.915E-30
             0.258E+01             0.319E-28
             0.259E+01             0.715E-29
             0.259E+01             0.559E-29
             0.260E+01             0.185E-28
             0.260E+01             0.381E-29
             0.260E+01             0.632E-29
             0.261E+01             0.198E-28
             0.261E+01             0.670E-29
             0.262E+01             0.557E-31
             0.262E+01             0.372E-28
             0.263E+01             0.855E-29
             0.263E+01             0.286E-29
             0.264E+01             0.576E-31
             0.264E+01             0.286E-31
             0.265E+01             0.237E-29
             0.265E+01             0.585E-32
             0.265E+01             0.899E-29
             0.266E+01             0.105E-28
             0.266E+01             0.917E-30
             0.267E+01             0.251E-29
             0.267E+01             0.257E-30
             0.268E+01             0.128E-30
             0.268E+01             0.829E-29
             0.269E+01             0.250E-31
             0.269E+01             0.908E-29
             0.270E+01             0.353E-32
             0.270E+01             0.100E-29
             0.270E+01             0.944E-32
             0.271E+01             0.518E-31
             0.271E+01             0.745E-29
             0.272E+01             0.217E-28
             0.272E+01             0.174E-28
             0.273E+01             0.142E-29
             0.273E+01             0.137E-28
             0.274E+01             0.546E-29
             0.274E+01             0.133E-29
             0.275E+01             0.353E-29
             0.275E+01             0.277E-30
             0.275E+01             0.209E-28
             0.276E+01             0.679E-29
             0.276E+01             0.335E-31
             0.277E+01             0.291E-30
             0.277E+01             0.112E-29
             0.278E+01             0.770E-34
             0.278E+01             0.527E-29
             0.279E+01             0.128E-29
             0.279E+01             0.109E-28
             0.280E+01             0.725E-29
             0.280E+01             0.130E-29
             0.280E+01             0.164E-28
             0.281E+01             0.925E-30
             0.281E+01             0.300E-30
             0.282E+01             0.360E-29
             0.282E+01             0.350E-29
             0.283E+01             0.159E-30
             0.283E+01             0.740E-31
             0.284E+01             0.410E-30
             0.284E+01             0.208E-28
             0.285E+01             0.154E-29
             0.285E+01             0.610E-30
             0.285E+01             0.587E-29
             0.286E+01             0.217E-29
             0.286E+01             0.982E-30
             0.287E+01             0.178E-28
             0.287E+01             0.115E-29
             0.288E+01             0.237E-29
             0.288E+01             0.789E-29
             0.289E+01             0.281E-30
             0.289E+01             0.197E-29
             0.290E+01             0.681E-30
             0.290E+01             0.213E-29
             0.290E+01             0.305E-29
             0.291E+01             0.184E-31
             0.291E+01             0.826E-30
             0.292E+01             0.151E-29
             0.292E+01             0.402E-32
             0.293E+01             0.508E-30
             0.293E+01             0.506E-29
             0.294E+01             0.437E-32
             0.294E+01             0.144E-28
             0.295E+01             0.343E-29
             0.295E+01             0.505E-29
             0.295E+01             0.669E-33
             0.296E+01             0.180E-30
             0.296E+01             0.239E-29
             0.297E+01             0.151E-29
             0.297E+01             0.114E-30
             0.298E+01             0.438E-29
             0.298E+01             0.142E-29
             0.299E+01             0.861E-29
             0.299E+01             0.156E-28
             0.300E+01             0.315E-31
             0.300E+01             0.240E-29
