            -0.399E+01             0.297E-60
            -0.398E+01             0.170E-61
            -0.398E+01             0.488E-60
            -0.397E+01             0.874E-61
            -0.396E+01             0.310E-61
            -0.395E+01             0.394E-61
            -0.395E+01             0.181E-62
            -0.394E+01             0.293E-61
            -0.393E+01             0.269E-59
            -0.392E+01             0.889E-61
            -0.392E+01             0.140E-61
            -0.391E+01             0.782E-63
            -0.390E+01             0.477E-60
            -0.389E+01             0.159E-60
            -0.388E+01             0.134E-60
            -0.388E+01             0.498E-61
            -0.387E+01             0.440E-61
            -0.386E+01             0.546E-60
            -0.385E+01             0.247E-64
            -0.385E+01             0.359E-60
            -0.384E+01             0.599E-62
            -0.383E+01             0.115E-59
            -0.382E+01             0.795E-61
            -0.382E+01             0.199E-60
            -0.381E+01             0.207E-60
            -0.380E+01             0.107E-60
            -0.379E+01             0.252E-61
            -0.378E+01             0.138E-60
            -0.378E+01             0.199E-60
            -0.377E+01             0.250E-60
            -0.376E+01             0.282E-60
            -0.375E+01             0.576E-61
            -0.375E+01             0.734E-61
            -0.374E+01             0.473E-61
            -0.373E+01             0.340E-60
            -0.372E+01             0.534E-60
            -0.372E+01             0.451E-61
            -0.371E+01             0.778E-60
            -0.370E+01             0.561E-63
            -0.369E+01             0.101E-60
            -0.368E+01             0.651E-62
            -0.368E+01             0.643E-61
            -0.367E+01             0.498E-61
            -0.366E+01             0.596E-60
            -0.365E+01             0.181E-61
            -0.365E+01             0.512E-61
            -0.364E+01             0.201E-60
            -0.363E+01             0.111E-62
            -0.362E+01             0.448E-60
            -0.362E+01             0.192E-60
            -0.361E+01             0.316E-63
            -0.360E+01             0.399E-61
            -0.359E+01             0.137E-60
            -0.359E+01             0.195E-61
            -0.358E+01             0.542E-61
            -0.357E+01             0.166E-60
            -0.356E+01             0.160E-61
            -0.355E+01             0.114E-62
            -0.355E+01             0.761E-60
            -0.354E+01             0.385E-60
            -0.353E+01             0.309E-60
            -0.352E+01             0.233E-60
            -0.352E+01             0.209E-61
            -0.351E+01             0.381E-60
            -0.350E+01             0.300E-61
            -0.349E+01             0.200E-60
            -0.349E+01             0.911E-61
            -0.348E+01             0.340E-60
            -0.347E+01             0.957E-61
            -0.346E+01             0.893E-64
            -0.345E+01             0.406E-61
            -0.345E+01             0.891E-60
            -0.344E+01             0.233E-61
            -0.343E+01             0.680E-61
            -0.342E+01             0.708E-60
            -0.342E+01             0.632E-60
            -0.341E+01             0.581E-60
            -0.340E+01             0.530E-61
            -0.339E+01             0.178E-59
            -0.339E+01             0.419E-60
            -0.338E+01             0.120E-61
            -0.337E+01             0.574E-60
            -0.336E+01             0.177E-61
            -0.335E+01             0.268E-60
            -0.335E+01             0.751E-61
            -0.334E+01             0.492E-61
            -0.333E+01             0.487E-60
            -0.332E+01             0.291E-61
            -0.332E+01             0.283E-60
            -0.331E+01             0.302E-60
            -0.330E+01             0.996E-60
            -0.329E+01             0.450E-61
            -0.329E+01             0.924E-60
            -0.328E+01             0.605E-62
            -0.327E+01             0.171E-59
            -0.326E+01             0.976E-60
            -0.325E+01             0.512E-60
            -0.325E+01             0.235E-60
            -0.324E+01             0.109E-62
            -0.323E+01             0.415E-61
            -0.322E+01             0.472E-60
            -0.322E+01             0.456E-62
            -0.321E+01             0.288E-61
            -0.320E+01             0.172E-60
            -0.319E+01             0.451E-60
            -0.319E+01             0.548E-61
            -0.318E+01             0.865E-60
            -0.317E+01             0.165E-60
            -0.316E+01             0.129E-59
            -0.315E+01             0.665E-62
            -0.315E+01             0.273E-60
            -0.314E+01             0.279E-60
            -0.313E+01             0.977E-65
            -0.312E+01             0.172E-61
            -0.312E+01             0.811E-61
            -0.311E+01             0.977E-62
            -0.310E+01             0.103E-63
            -0.309E+01             0.287E-60
            -0.309E+01             0.121E-60
            -0.308E+01             0.201E-61
            -0.307E+01             0.450E-61
            -0.306E+01             0.909E-60
            -0.305E+01             0.256E-60
            -0.305E+01             0.763E-60
            -0.304E+01             0.274E-61
            -0.303E+01             0.271E-61
            -0.302E+01             0.379E-61
            -0.302E+01             0.920E-61
            -0.301E+01             0.260E-60
            -0.300E+01             0.171E-60
            -0.299E+01             0.280E-61
            -0.299E+01             0.486E-60
            -0.298E+01             0.863E-61
            -0.297E+01             0.139E-60
            -0.296E+01             0.162E-60
            -0.295E+01             0.258E-62
            -0.295E+01             0.604E-61
            -0.294E+01             0.201E-59
            -0.293E+01             0.709E-61
            -0.292E+01             0.342E-61
            -0.292E+01             0.742E-60
            -0.291E+01             0.418E-63
            -0.290E+01             0.893E-61
            -0.289E+01             0.117E-60
            -0.289E+01             0.702E-63
            -0.288E+01             0.149E-61
            -0.287E+01             0.214E-60
            -0.286E+01             0.147E-61
            -0.285E+01             0.294E-60
            -0.285E+01             0.705E-61
            -0.284E+01             0.424E-63
            -0.283E+01             0.197E-60
            -0.282E+01             0.140E-62
            -0.282E+01             0.119E-60
            -0.281E+01             0.133E-60
            -0.280E+01             0.314E-60
            -0.279E+01             0.412E-65
            -0.279E+01             0.105E-60
            -0.278E+01             0.110E-60
            -0.277E+01             0.591E-60
            -0.276E+01             0.163E-60
            -0.276E+01             0.626E-60
            -0.275E+01             0.252E-60
            -0.274E+01             0.219E-60
            -0.273E+01             0.481E-64
            -0.272E+01             0.105E-61
            -0.272E+01             0.177E-60
            -0.271E+01             0.590E-61
            -0.270E+01             0.652E-60
            -0.269E+01             0.149E-59
            -0.269E+01             0.477E-59
            -0.268E+01             0.365E-59
            -0.267E+01             0.133E-58
            -0.266E+01             0.247E-58
            -0.266E+01             0.455E-58
            -0.265E+01             0.994E-58
            -0.264E+01             0.216E-57
            -0.263E+01             0.470E-57
            -0.262E+01             0.103E-56
            -0.262E+01             0.243E-56
            -0.261E+01             0.521E-56
            -0.260E+01             0.114E-55
            -0.259E+01             0.252E-55
            -0.259E+01             0.552E-55
            -0.258E+01             0.121E-54
            -0.257E+01             0.265E-54
            -0.256E+01             0.577E-54
            -0.256E+01             0.125E-53
            -0.255E+01             0.272E-53
            -0.254E+01             0.589E-53
            -0.253E+01             0.127E-52
            -0.252E+01             0.274E-52
            -0.252E+01             0.589E-52
            -0.251E+01             0.126E-51
            -0.250E+01             0.270E-51
            -0.249E+01             0.577E-51
            -0.249E+01             0.123E-50
            -0.248E+01             0.261E-50
            -0.247E+01             0.554E-50
            -0.246E+01             0.117E-49
            -0.246E+01             0.247E-49
            -0.245E+01             0.520E-49
            -0.244E+01             0.109E-48
            -0.243E+01             0.229E-48
            -0.242E+01             0.479E-48
            -0.242E+01             0.998E-48
            -0.241E+01             0.208E-47
            -0.240E+01             0.431E-47
            -0.239E+01             0.893E-47
            -0.239E+01             0.184E-46
            -0.238E+01             0.380E-46
            -0.237E+01             0.782E-46
            -0.236E+01             0.160E-45
            -0.236E+01             0.328E-45
            -0.235E+01             0.670E-45
            -0.234E+01             0.137E-44
            -0.233E+01             0.278E-44
            -0.232E+01             0.563E-44
            -0.232E+01             0.114E-43
            -0.231E+01             0.230E-43
            -0.230E+01             0.463E-43
            -0.229E+01             0.929E-43
            -0.229E+01             0.186E-42
            -0.228E+01             0.372E-42
            -0.227E+01             0.742E-42
            -0.226E+01             0.148E-41
            -0.226E+01             0.293E-41
            -0.225E+01             0.581E-41
            -0.224E+01             0.115E-40
            -0.223E+01             0.226E-40
            -0.222E+01             0.445E-40
            -0.222E+01             0.873E-40
            -0.221E+01             0.171E-39
            -0.220E+01             0.334E-39
            -0.219E+01             0.650E-39
            -0.219E+01             0.126E-38
            -0.218E+01             0.245E-38
            -0.217E+01             0.474E-38
            -0.216E+01             0.914E-38
            -0.216E+01             0.176E-37
            -0.215E+01             0.338E-37
            -0.214E+01             0.648E-37
            -0.213E+01             0.124E-36
            -0.212E+01             0.236E-36
            -0.212E+01             0.450E-36
            -0.211E+01             0.853E-36
            -0.210E+01             0.162E-35
            -0.209E+01             0.305E-35
            -0.209E+01             0.576E-35
            -0.208E+01             0.108E-34
            -0.207E+01             0.203E-34
            -0.206E+01             0.380E-34
            -0.206E+01             0.710E-34
            -0.205E+01             0.132E-33
            -0.204E+01             0.246E-33
            -0.203E+01             0.455E-33
            -0.202E+01             0.842E-33
            -0.202E+01             0.155E-32
            -0.201E+01             0.286E-32
            -0.200E+01             0.526E-32
            -0.199E+01             0.963E-32
            -0.199E+01             0.176E-31
            -0.198E+01             0.321E-31
            -0.197E+01             0.584E-31
            -0.196E+01             0.106E-30
            -0.196E+01             0.192E-30
            -0.195E+01             0.347E-30
            -0.194E+01             0.625E-30
            -0.193E+01             0.112E-29
            -0.193E+01             0.201E-29
            -0.192E+01             0.360E-29
            -0.191E+01             0.643E-29
            -0.190E+01             0.115E-28
            -0.189E+01             0.204E-28
            -0.189E+01             0.361E-28
            -0.188E+01             0.638E-28
            -0.187E+01             0.113E-27
            -0.186E+01             0.198E-27
            -0.186E+01             0.348E-27
            -0.185E+01             0.609E-27
            -0.184E+01             0.106E-26
            -0.183E+01             0.186E-26
            -0.183E+01             0.323E-26
            -0.182E+01             0.560E-26
            -0.181E+01             0.969E-26
            -0.180E+01             0.167E-25
            -0.179E+01             0.288E-25
            -0.179E+01             0.495E-25
            -0.178E+01             0.849E-25
            -0.177E+01             0.145E-24
            -0.176E+01             0.248E-24
            -0.176E+01             0.422E-24
            -0.175E+01             0.717E-24
            -0.174E+01             0.121E-23
            -0.173E+01             0.205E-23
            -0.173E+01             0.346E-23
            -0.172E+01             0.582E-23
            -0.171E+01             0.977E-23
            -0.170E+01             0.164E-22
            -0.169E+01             0.273E-22
            -0.169E+01             0.455E-22
            -0.168E+01             0.757E-22
            -0.167E+01             0.125E-21
            -0.166E+01             0.208E-21
            -0.166E+01             0.343E-21
            -0.165E+01             0.564E-21
            -0.164E+01             0.926E-21
            -0.163E+01             0.152E-20
            -0.163E+01             0.248E-20
            -0.162E+01             0.405E-20
            -0.161E+01             0.658E-20
            -0.160E+01             0.107E-19
            -0.159E+01             0.173E-19
            -0.159E+01             0.279E-19
            -0.158E+01             0.450E-19
            -0.157E+01             0.724E-19
            -0.156E+01             0.116E-18
            -0.156E+01             0.186E-18
            -0.155E+01             0.296E-18
            -0.154E+01             0.472E-18
            -0.153E+01             0.750E-18
            -0.153E+01             0.119E-17
            -0.152E+01             0.188E-17
            -0.151E+01             0.296E-17
            -0.150E+01             0.466E-17
            -0.149E+01             0.731E-17
            -0.149E+01             0.115E-16
            -0.148E+01             0.179E-16
            -0.147E+01             0.279E-16
            -0.146E+01             0.433E-16
            -0.146E+01             0.672E-16
            -0.145E+01             0.104E-15
            -0.144E+01             0.160E-15
            -0.143E+01             0.247E-15
            -0.143E+01             0.379E-15
            -0.142E+01             0.581E-15
            -0.141E+01             0.888E-15
            -0.140E+01             0.135E-14
            -0.139E+01             0.206E-14
            -0.139E+01             0.313E-14
            -0.138E+01             0.473E-14
            -0.137E+01             0.715E-14
            -0.136E+01             0.108E-13
            -0.136E+01             0.162E-13
            -0.135E+01             0.243E-13
            -0.134E+01             0.363E-13
            -0.133E+01             0.542E-13
            -0.133E+01             0.806E-13
            -0.132E+01             0.120E-12
            -0.131E+01             0.177E-12
            -0.130E+01             0.262E-12
            -0.129E+01             0.386E-12
            -0.129E+01             0.568E-12
            -0.128E+01             0.834E-12
            -0.127E+01             0.122E-11
            -0.126E+01             0.178E-11
            -0.126E+01             0.259E-11
            -0.125E+01             0.377E-11
            -0.124E+01             0.546E-11
            -0.123E+01             0.790E-11
            -0.123E+01             0.114E-10
            -0.122E+01             0.164E-10
            -0.121E+01             0.235E-10
            -0.120E+01             0.337E-10
            -0.120E+01             0.481E-10
            -0.119E+01             0.686E-10
            -0.118E+01             0.975E-10
            -0.117E+01             0.138E-09
            -0.116E+01             0.195E-09
            -0.116E+01             0.276E-09
            -0.115E+01             0.388E-09
            -0.114E+01             0.545E-09
            -0.113E+01             0.764E-09
            -0.113E+01             0.107E-08
            -0.112E+01             0.149E-08
            -0.111E+01             0.207E-08
            -0.110E+01             0.287E-08
            -0.110E+01             0.397E-08
            -0.109E+01             0.548E-08
            -0.108E+01             0.755E-08
            -0.107E+01             0.104E-07
            -0.106E+01             0.142E-07
            -0.106E+01             0.194E-07
            -0.105E+01             0.265E-07
            -0.104E+01             0.360E-07
            -0.103E+01             0.488E-07
            -0.103E+01             0.661E-07
            -0.102E+01             0.892E-07
            -0.101E+01             0.120E-06
            -0.100E+01             0.161E-06
            -0.995E+00             0.216E-06
            -0.988E+00             0.289E-06
            -0.980E+00             0.386E-06
            -0.972E+00             0.513E-06
            -0.964E+00             0.681E-06
            -0.957E+00             0.901E-06
            -0.949E+00             0.119E-05
            -0.941E+00             0.157E-05
            -0.934E+00             0.206E-05
            -0.926E+00             0.270E-05
            -0.918E+00             0.353E-05
            -0.911E+00             0.460E-05
            -0.903E+00             0.598E-05
            -0.895E+00             0.776E-05
            -0.888E+00             0.100E-04
            -0.880E+00             0.130E-04
            -0.872E+00             0.167E-04
            -0.865E+00             0.215E-04
            -0.857E+00             0.275E-04
            -0.849E+00             0.351E-04
            -0.841E+00             0.448E-04
            -0.834E+00             0.570E-04
            -0.826E+00             0.723E-04
            -0.818E+00             0.914E-04
            -0.811E+00             0.115E-03
            -0.803E+00             0.145E-03
            -0.795E+00             0.182E-03
            -0.788E+00             0.228E-03
            -0.780E+00             0.285E-03
            -0.772E+00             0.356E-03
            -0.765E+00             0.442E-03
            -0.757E+00             0.548E-03
            -0.749E+00             0.678E-03
            -0.742E+00             0.836E-03
            -0.734E+00             0.103E-02
            -0.726E+00             0.126E-02
            -0.719E+00             0.154E-02
            -0.711E+00             0.188E-02
            -0.703E+00             0.229E-02
            -0.695E+00             0.279E-02
            -0.688E+00             0.338E-02
            -0.680E+00             0.408E-02
            -0.672E+00             0.491E-02
            -0.665E+00             0.591E-02
            -0.657E+00             0.708E-02
            -0.649E+00             0.846E-02
            -0.642E+00             0.101E-01
            -0.634E+00             0.120E-01
            -0.626E+00             0.142E-01
            -0.619E+00             0.168E-01
            -0.611E+00             0.199E-01
            -0.603E+00             0.234E-01
            -0.596E+00             0.274E-01
            -0.588E+00             0.321E-01
            -0.580E+00             0.375E-01
            -0.573E+00             0.436E-01
            -0.565E+00             0.506E-01
            -0.557E+00             0.586E-01
            -0.549E+00             0.677E-01
            -0.542E+00             0.779E-01
            -0.534E+00             0.894E-01
            -0.526E+00             0.102E+00
            -0.519E+00             0.117E+00
            -0.511E+00             0.133E+00
            -0.503E+00             0.151E+00
            -0.496E+00             0.171E+00
            -0.488E+00             0.193E+00
            -0.480E+00             0.218E+00
            -0.473E+00             0.244E+00
            -0.465E+00             0.273E+00
            -0.457E+00             0.305E+00
            -0.450E+00             0.340E+00
            -0.442E+00             0.377E+00
            -0.434E+00             0.417E+00
            -0.427E+00             0.460E+00
            -0.419E+00             0.506E+00
            -0.411E+00             0.555E+00
            -0.403E+00             0.606E+00
            -0.396E+00             0.661E+00
            -0.388E+00             0.718E+00
            -0.380E+00             0.777E+00
            -0.373E+00             0.839E+00
            -0.365E+00             0.903E+00
            -0.357E+00             0.969E+00
            -0.350E+00             0.104E+01
            -0.342E+00             0.110E+01
            -0.334E+00             0.117E+01
            -0.327E+00             0.124E+01
            -0.319E+00             0.131E+01
            -0.311E+00             0.138E+01
            -0.304E+00             0.144E+01
            -0.296E+00             0.150E+01
            -0.288E+00             0.156E+01
            -0.280E+00             0.162E+01
            -0.273E+00             0.167E+01
            -0.265E+00             0.172E+01
            -0.257E+00             0.176E+01
            -0.250E+00             0.179E+01
            -0.242E+00             0.182E+01
            -0.234E+00             0.184E+01
            -0.227E+00             0.185E+01
            -0.219E+00             0.186E+01
            -0.211E+00             0.185E+01
            -0.204E+00             0.184E+01
            -0.196E+00             0.181E+01
            -0.188E+00             0.178E+01
            -0.181E+00             0.174E+01
            -0.173E+00             0.169E+01
            -0.165E+00             0.163E+01
            -0.158E+00             0.156E+01
            -0.150E+00             0.149E+01
            -0.142E+00             0.141E+01
            -0.134E+00             0.132E+01
            -0.127E+00             0.122E+01
            -0.119E+00             0.113E+01
            -0.111E+00             0.103E+01
            -0.104E+00             0.927E+00
            -0.961E-01             0.825E+00
            -0.884E-01             0.724E+00
            -0.807E-01             0.625E+00
            -0.730E-01             0.530E+00
            -0.653E-01             0.439E+00
            -0.576E-01             0.354E+00
            -0.500E-01             0.276E+00
            -0.423E-01             0.206E+00
            -0.346E-01             0.145E+00
            -0.269E-01             0.936E-01
            -0.192E-01             0.531E-01
            -0.115E-01             0.237E-01
            -0.384E-02             0.596E-02
             0.384E-02             0.289E-24
             0.115E-01             0.596E-02
             0.192E-01             0.237E-01
             0.269E-01             0.531E-01
             0.346E-01             0.936E-01
             0.423E-01             0.145E+00
             0.500E-01             0.206E+00
             0.576E-01             0.276E+00
             0.653E-01             0.354E+00
             0.730E-01             0.439E+00
             0.807E-01             0.530E+00
             0.884E-01             0.625E+00
             0.961E-01             0.724E+00
             0.104E+00             0.825E+00
             0.111E+00             0.927E+00
             0.119E+00             0.103E+01
             0.127E+00             0.113E+01
             0.134E+00             0.122E+01
             0.142E+00             0.132E+01
             0.150E+00             0.141E+01
             0.158E+00             0.149E+01
             0.165E+00             0.156E+01
             0.173E+00             0.163E+01
             0.181E+00             0.169E+01
             0.188E+00             0.174E+01
             0.196E+00             0.178E+01
             0.204E+00             0.181E+01
             0.211E+00             0.184E+01
             0.219E+00             0.185E+01
             0.227E+00             0.186E+01
             0.234E+00             0.185E+01
             0.242E+00             0.184E+01
             0.250E+00             0.182E+01
             0.257E+00             0.179E+01
             0.265E+00             0.176E+01
             0.273E+00             0.172E+01
             0.280E+00             0.167E+01
             0.288E+00             0.162E+01
             0.296E+00             0.156E+01
             0.304E+00             0.150E+01
             0.311E+00             0.144E+01
             0.319E+00             0.138E+01
             0.327E+00             0.131E+01
             0.334E+00             0.124E+01
             0.342E+00             0.117E+01
             0.350E+00             0.110E+01
             0.357E+00             0.104E+01
             0.365E+00             0.969E+00
             0.373E+00             0.903E+00
             0.380E+00             0.839E+00
             0.388E+00             0.777E+00
             0.396E+00             0.718E+00
             0.403E+00             0.661E+00
             0.411E+00             0.606E+00
             0.419E+00             0.555E+00
             0.427E+00             0.506E+00
             0.434E+00             0.460E+00
             0.442E+00             0.417E+00
             0.450E+00             0.377E+00
             0.457E+00             0.340E+00
             0.465E+00             0.305E+00
             0.473E+00             0.273E+00
             0.480E+00             0.244E+00
             0.488E+00             0.218E+00
             0.496E+00             0.193E+00
             0.503E+00             0.171E+00
             0.511E+00             0.151E+00
             0.519E+00             0.133E+00
             0.526E+00             0.117E+00
             0.534E+00             0.102E+00
             0.542E+00             0.894E-01
             0.549E+00             0.779E-01
             0.557E+00             0.677E-01
             0.565E+00             0.586E-01
             0.573E+00             0.506E-01
             0.580E+00             0.436E-01
             0.588E+00             0.375E-01
             0.596E+00             0.321E-01
             0.603E+00             0.274E-01
             0.611E+00             0.234E-01
             0.619E+00             0.199E-01
             0.626E+00             0.168E-01
             0.634E+00             0.142E-01
             0.642E+00             0.120E-01
             0.649E+00             0.101E-01
             0.657E+00             0.846E-02
             0.665E+00             0.708E-02
             0.672E+00             0.591E-02
             0.680E+00             0.491E-02
             0.688E+00             0.408E-02
             0.695E+00             0.338E-02
             0.703E+00             0.279E-02
             0.711E+00             0.229E-02
             0.719E+00             0.188E-02
             0.726E+00             0.154E-02
             0.734E+00             0.126E-02
             0.742E+00             0.103E-02
             0.749E+00             0.836E-03
             0.757E+00             0.678E-03
             0.765E+00             0.548E-03
             0.772E+00             0.442E-03
             0.780E+00             0.356E-03
             0.788E+00             0.285E-03
             0.795E+00             0.228E-03
             0.803E+00             0.182E-03
             0.811E+00             0.145E-03
             0.818E+00             0.115E-03
             0.826E+00             0.914E-04
             0.834E+00             0.723E-04
             0.841E+00             0.570E-04
             0.849E+00             0.448E-04
             0.857E+00             0.351E-04
             0.865E+00             0.275E-04
             0.872E+00             0.215E-04
             0.880E+00             0.167E-04
             0.888E+00             0.130E-04
             0.895E+00             0.100E-04
             0.903E+00             0.776E-05
             0.911E+00             0.598E-05
             0.918E+00             0.460E-05
             0.926E+00             0.353E-05
             0.934E+00             0.270E-05
             0.941E+00             0.206E-05
             0.949E+00             0.157E-05
             0.957E+00             0.119E-05
             0.964E+00             0.901E-06
             0.972E+00             0.681E-06
             0.980E+00             0.513E-06
             0.988E+00             0.386E-06
             0.995E+00             0.289E-06
             0.100E+01             0.216E-06
             0.101E+01             0.161E-06
             0.102E+01             0.120E-06
             0.103E+01             0.892E-07
             0.103E+01             0.661E-07
             0.104E+01             0.488E-07
             0.105E+01             0.360E-07
             0.106E+01             0.265E-07
             0.106E+01             0.194E-07
             0.107E+01             0.142E-07
             0.108E+01             0.104E-07
             0.109E+01             0.755E-08
             0.110E+01             0.548E-08
             0.110E+01             0.397E-08
             0.111E+01             0.287E-08
             0.112E+01             0.207E-08
             0.113E+01             0.149E-08
             0.113E+01             0.107E-08
             0.114E+01             0.764E-09
             0.115E+01             0.545E-09
             0.116E+01             0.388E-09
             0.116E+01             0.276E-09
             0.117E+01             0.195E-09
             0.118E+01             0.138E-09
             0.119E+01             0.975E-10
             0.120E+01             0.686E-10
             0.120E+01             0.481E-10
             0.121E+01             0.337E-10
             0.122E+01             0.235E-10
             0.123E+01             0.164E-10
             0.123E+01             0.114E-10
             0.124E+01             0.790E-11
             0.125E+01             0.546E-11
             0.126E+01             0.377E-11
             0.126E+01             0.259E-11
             0.127E+01             0.178E-11
             0.128E+01             0.122E-11
             0.129E+01             0.834E-12
             0.129E+01             0.568E-12
             0.130E+01             0.386E-12
             0.131E+01             0.262E-12
             0.132E+01             0.177E-12
             0.133E+01             0.120E-12
             0.133E+01             0.806E-13
             0.134E+01             0.542E-13
             0.135E+01             0.363E-13
             0.136E+01             0.243E-13
             0.136E+01             0.162E-13
             0.137E+01             0.108E-13
             0.138E+01             0.715E-14
             0.139E+01             0.473E-14
             0.139E+01             0.313E-14
             0.140E+01             0.206E-14
             0.141E+01             0.135E-14
             0.142E+01             0.888E-15
             0.143E+01             0.581E-15
             0.143E+01             0.379E-15
             0.144E+01             0.247E-15
             0.145E+01             0.160E-15
             0.146E+01             0.104E-15
             0.146E+01             0.672E-16
             0.147E+01             0.433E-16
             0.148E+01             0.279E-16
             0.149E+01             0.179E-16
             0.149E+01             0.115E-16
             0.150E+01             0.731E-17
             0.151E+01             0.466E-17
             0.152E+01             0.296E-17
             0.153E+01             0.188E-17
             0.153E+01             0.119E-17
             0.154E+01             0.750E-18
             0.155E+01             0.472E-18
             0.156E+01             0.296E-18
             0.156E+01             0.186E-18
             0.157E+01             0.116E-18
             0.158E+01             0.724E-19
             0.159E+01             0.450E-19
             0.159E+01             0.279E-19
             0.160E+01             0.173E-19
             0.161E+01             0.107E-19
             0.162E+01             0.658E-20
             0.163E+01             0.405E-20
             0.163E+01             0.248E-20
             0.164E+01             0.152E-20
             0.165E+01             0.926E-21
             0.166E+01             0.564E-21
             0.166E+01             0.343E-21
             0.167E+01             0.208E-21
             0.168E+01             0.125E-21
             0.169E+01             0.756E-22
             0.169E+01             0.455E-22
             0.170E+01             0.273E-22
             0.171E+01             0.164E-22
             0.172E+01             0.979E-23
             0.173E+01             0.584E-23
             0.173E+01             0.349E-23
             0.174E+01             0.208E-23
             0.175E+01             0.122E-23
             0.176E+01             0.713E-24
             0.176E+01             0.421E-24
             0.177E+01             0.247E-24
             0.178E+01             0.145E-24
             0.179E+01             0.839E-25
             0.179E+01             0.505E-25
             0.180E+01             0.294E-25
             0.181E+01             0.179E-25
             0.182E+01             0.983E-26
             0.183E+01             0.544E-26
             0.183E+01             0.320E-26
             0.184E+01             0.196E-26
             0.185E+01             0.745E-27
             0.186E+01             0.385E-27
             0.186E+01             0.119E-27
             0.187E+01             0.152E-27
             0.188E+01             0.383E-28
             0.189E+01             0.123E-27
             0.189E+01             0.118E-27
             0.190E+01             0.187E-27
             0.191E+01             0.557E-28
             0.192E+01             0.464E-30
             0.193E+01             0.204E-31
             0.193E+01             0.219E-29
             0.194E+01             0.206E-29
             0.195E+01             0.708E-30
             0.196E+01             0.214E-29
             0.196E+01             0.119E-28
             0.197E+01             0.855E-29
             0.198E+01             0.318E-29
             0.199E+01             0.342E-29
             0.199E+01             0.478E-28
             0.200E+01             0.471E-29
             0.201E+01             0.226E-29
             0.202E+01             0.823E-29
             0.202E+01             0.143E-28
             0.203E+01             0.299E-31
             0.204E+01             0.174E-29
             0.205E+01             0.479E-28
             0.206E+01             0.872E-29
             0.206E+01             0.312E-28
             0.207E+01             0.391E-29
             0.208E+01             0.171E-29
             0.209E+01             0.477E-29
             0.209E+01             0.145E-31
             0.210E+01             0.160E-29
             0.211E+01             0.107E-30
             0.212E+01             0.103E-28
             0.212E+01             0.316E-28
             0.213E+01             0.225E-29
             0.214E+01             0.118E-29
             0.215E+01             0.245E-29
             0.216E+01             0.294E-30
             0.216E+01             0.498E-31
             0.217E+01             0.245E-29
             0.218E+01             0.153E-29
             0.219E+01             0.543E-29
             0.219E+01             0.142E-28
             0.220E+01             0.108E-28
             0.221E+01             0.320E-29
             0.222E+01             0.302E-30
             0.222E+01             0.836E-30
             0.223E+01             0.816E-31
             0.224E+01             0.495E-31
             0.225E+01             0.135E-29
             0.226E+01             0.258E-28
             0.226E+01             0.327E-28
             0.227E+01             0.293E-28
             0.228E+01             0.565E-30
             0.229E+01             0.580E-29
             0.229E+01             0.971E-29
             0.230E+01             0.145E-29
             0.231E+01             0.260E-28
             0.232E+01             0.203E-29
             0.232E+01             0.103E-30
             0.233E+01             0.168E-29
             0.234E+01             0.500E-28
             0.235E+01             0.120E-28
             0.236E+01             0.512E-31
             0.236E+01             0.601E-29
             0.237E+01             0.177E-29
             0.238E+01             0.832E-29
             0.239E+01             0.248E-29
             0.239E+01             0.428E-30
             0.240E+01             0.133E-29
             0.241E+01             0.216E-30
             0.242E+01             0.709E-29
             0.242E+01             0.136E-28
             0.243E+01             0.475E-30
             0.244E+01             0.358E-29
             0.245E+01             0.167E-29
             0.246E+01             0.413E-29
             0.246E+01             0.120E-29
             0.247E+01             0.142E-29
             0.248E+01             0.836E-29
             0.249E+01             0.126E-29
             0.249E+01             0.140E-30
             0.250E+01             0.219E-31
             0.251E+01             0.901E-29
             0.252E+01             0.785E-30
             0.252E+01             0.412E-31
             0.253E+01             0.603E-30
             0.254E+01             0.366E-32
             0.255E+01             0.433E-29
             0.256E+01             0.460E-29
             0.256E+01             0.951E-30
             0.257E+01             0.485E-29
             0.258E+01             0.291E-30
             0.259E+01             0.458E-30
             0.259E+01             0.313E-29
             0.260E+01             0.436E-30
             0.261E+01             0.152E-29
             0.262E+01             0.331E-29
             0.262E+01             0.421E-31
             0.263E+01             0.270E-32
             0.264E+01             0.240E-31
             0.265E+01             0.281E-29
             0.266E+01             0.803E-31
             0.266E+01             0.258E-31
             0.267E+01             0.875E-31
             0.268E+01             0.247E-29
             0.269E+01             0.278E-30
             0.269E+01             0.355E-29
             0.270E+01             0.162E-28
             0.271E+01             0.795E-30
             0.272E+01             0.526E-29
             0.272E+01             0.121E-30
             0.273E+01             0.726E-30
             0.274E+01             0.366E-29
             0.275E+01             0.481E-32
             0.276E+01             0.256E-29
             0.276E+01             0.514E-29
             0.277E+01             0.891E-29
             0.278E+01             0.124E-29
             0.279E+01             0.900E-30
             0.279E+01             0.184E-29
             0.280E+01             0.300E-29
             0.281E+01             0.247E-29
             0.282E+01             0.147E-29
             0.282E+01             0.374E-29
             0.283E+01             0.427E-29
             0.284E+01             0.929E-29
             0.285E+01             0.317E-29
             0.285E+01             0.367E-29
             0.286E+01             0.286E-29
             0.287E+01             0.681E-29
             0.288E+01             0.697E-29
             0.289E+01             0.376E-29
             0.289E+01             0.139E-28
             0.290E+01             0.503E-30
             0.291E+01             0.810E-29
             0.292E+01             0.643E-29
             0.292E+01             0.169E-30
             0.293E+01             0.184E-30
             0.294E+01             0.170E-31
             0.295E+01             0.133E-28
             0.295E+01             0.214E-29
             0.296E+01             0.880E-31
             0.297E+01             0.214E-32
             0.298E+01             0.162E-31
             0.299E+01             0.886E-31
             0.299E+01             0.708E-29
             0.300E+01             0.683E-30
             0.301E+01             0.214E-29
             0.302E+01             0.275E-30
             0.302E+01             0.374E-30
             0.303E+01             0.570E-29
             0.304E+01             0.948E-30
             0.305E+01             0.164E-30
             0.305E+01             0.410E-30
             0.306E+01             0.679E-29
             0.307E+01             0.577E-30
             0.308E+01             0.694E-29
             0.309E+01             0.268E-30
             0.309E+01             0.376E-29
             0.310E+01             0.125E-29
             0.311E+01             0.102E-29
             0.312E+01             0.399E-29
             0.312E+01             0.556E-29
             0.313E+01             0.336E-31
             0.314E+01             0.290E-29
             0.315E+01             0.592E-30
             0.315E+01             0.259E-29
             0.316E+01             0.120E-30
             0.317E+01             0.158E-28
             0.318E+01             0.434E-31
             0.319E+01             0.220E-29
             0.319E+01             0.319E-30
             0.320E+01             0.760E-31
             0.321E+01             0.459E-30
             0.322E+01             0.112E-30
             0.322E+01             0.555E-29
             0.323E+01             0.101E-29
             0.324E+01             0.391E-31
             0.325E+01             0.558E-29
             0.325E+01             0.286E-33
             0.326E+01             0.319E-30
             0.327E+01             0.784E-32
             0.328E+01             0.388E-30
             0.329E+01             0.544E-30
             0.329E+01             0.581E-30
             0.330E+01             0.238E-29
             0.331E+01             0.108E-30
             0.332E+01             0.125E-29
             0.332E+01             0.666E-30
             0.333E+01             0.793E-31
             0.334E+01             0.833E-30
             0.335E+01             0.128E-30
             0.335E+01             0.160E-29
             0.336E+01             0.500E-30
             0.337E+01             0.784E-30
             0.338E+01             0.164E-30
             0.339E+01             0.354E-29
             0.339E+01             0.190E-31
             0.340E+01             0.137E-28
             0.341E+01             0.183E-29
             0.342E+01             0.942E-30
             0.342E+01             0.146E-29
             0.343E+01             0.807E-30
             0.344E+01             0.864E-29
             0.345E+01             0.541E-29
             0.345E+01             0.134E-29
             0.346E+01             0.384E-29
             0.347E+01             0.590E-34
             0.348E+01             0.232E-30
             0.349E+01             0.145E-29
             0.349E+01             0.536E-30
             0.350E+01             0.126E-28
             0.351E+01             0.288E-29
             0.352E+01             0.138E-29
             0.352E+01             0.623E-35
             0.353E+01             0.482E-31
             0.354E+01             0.111E-29
             0.355E+01             0.428E-32
             0.355E+01             0.155E-28
             0.356E+01             0.248E-29
             0.357E+01             0.942E-32
             0.358E+01             0.204E-30
             0.359E+01             0.284E-29
             0.359E+01             0.236E-30
             0.360E+01             0.121E-29
             0.361E+01             0.295E-29
             0.362E+01             0.103E-30
             0.362E+01             0.716E-32
             0.363E+01             0.539E-32
             0.364E+01             0.688E-30
             0.365E+01             0.199E-29
             0.365E+01             0.479E-33
             0.366E+01             0.535E-32
             0.367E+01             0.667E-31
             0.368E+01             0.112E-29
             0.368E+01             0.105E-29
             0.369E+01             0.163E-30
             0.370E+01             0.305E-29
             0.371E+01             0.109E-28
             0.372E+01             0.935E-30
             0.372E+01             0.216E-30
             0.373E+01             0.844E-29
             0.374E+01             0.916E-29
             0.375E+01             0.106E-29
             0.375E+01             0.179E-31
             0.376E+01             0.694E-30
             0.377E+01             0.869E-30
             0.378E+01             0.120E-29
             0.378E+01             0.254E-29
             0.379E+01             0.720E-31
             0.380E+01             0.895E-30
             0.381E+01             0.141E-30
             0.382E+01             0.118E-28
             0.382E+01             0.470E-30
             0.383E+01             0.109E-29
             0.384E+01             0.648E-30
             0.385E+01             0.407E-30
             0.385E+01             0.827E-30
             0.386E+01             0.165E-28
             0.387E+01             0.160E-29
             0.388E+01             0.210E-30
             0.388E+01             0.265E-29
             0.389E+01             0.259E-30
             0.390E+01             0.127E-33
             0.391E+01             0.191E-30
             0.392E+01             0.630E-31
             0.392E+01             0.138E-29
             0.393E+01             0.208E-29
             0.394E+01             0.126E-29
             0.395E+01             0.361E-29
             0.395E+01             0.893E-29
             0.396E+01             0.260E-29
             0.397E+01             0.131E-29
             0.398E+01             0.298E-30
             0.398E+01             0.132E-28
             0.399E+01             0.576E-30
             0.400E+01             0.518E-30
