            -0.998E+01             0.000E+00
            -0.996E+01             0.000E+00
            -0.993E+01             0.000E+00
            -0.991E+01             0.000E+00
            -0.989E+01             0.000E+00
            -0.987E+01             0.000E+00
            -0.984E+01             0.000E+00
            -0.982E+01             0.000E+00
            -0.980E+01             0.000E+00
            -0.978E+01             0.000E+00
            -0.976E+01             0.000E+00
            -0.973E+01             0.000E+00
            -0.971E+01             0.000E+00
            -0.969E+01             0.000E+00
            -0.967E+01             0.000E+00
            -0.964E+01             0.000E+00
            -0.962E+01             0.000E+00
            -0.960E+01             0.000E+00
            -0.958E+01             0.000E+00
            -0.956E+01             0.000E+00
            -0.953E+01             0.000E+00
            -0.951E+01             0.000E+00
            -0.949E+01             0.000E+00
            -0.947E+01             0.000E+00
            -0.945E+01             0.000E+00
            -0.942E+01             0.000E+00
            -0.940E+01             0.000E+00
            -0.938E+01             0.000E+00
            -0.936E+01             0.000E+00
            -0.933E+01             0.000E+00
            -0.931E+01             0.000E+00
            -0.929E+01             0.000E+00
            -0.927E+01             0.000E+00
            -0.925E+01             0.000E+00
            -0.922E+01             0.000E+00
            -0.920E+01             0.000E+00
            -0.918E+01             0.000E+00
            -0.916E+01             0.000E+00
            -0.913E+01             0.000E+00
            -0.911E+01             0.000E+00
            -0.909E+01             0.000E+00
            -0.907E+01             0.000E+00
            -0.905E+01             0.000E+00
            -0.902E+01             0.000E+00
            -0.900E+01             0.000E+00
            -0.898E+01             0.000E+00
            -0.896E+01             0.000E+00
            -0.893E+01             0.000E+00
            -0.891E+01             0.000E+00
            -0.889E+01             0.000E+00
            -0.887E+01             0.000E+00
            -0.885E+01             0.000E+00
            -0.882E+01             0.000E+00
            -0.880E+01             0.000E+00
            -0.878E+01             0.000E+00
            -0.876E+01             0.000E+00
            -0.873E+01             0.000E+00
            -0.871E+01             0.000E+00
            -0.869E+01             0.000E+00
            -0.867E+01             0.000E+00
            -0.865E+01             0.000E+00
            -0.862E+01             0.000E+00
            -0.860E+01             0.000E+00
            -0.858E+01             0.000E+00
            -0.856E+01             0.000E+00
            -0.853E+01             0.000E+00
            -0.851E+01             0.000E+00
            -0.849E+01             0.000E+00
            -0.847E+01             0.000E+00
            -0.845E+01             0.000E+00
            -0.842E+01             0.000E+00
            -0.840E+01             0.000E+00
            -0.838E+01             0.000E+00
            -0.836E+01             0.000E+00
            -0.834E+01             0.000E+00
            -0.831E+01             0.000E+00
            -0.829E+01             0.000E+00
            -0.827E+01             0.000E+00
            -0.825E+01             0.000E+00
            -0.822E+01             0.000E+00
            -0.820E+01             0.000E+00
            -0.818E+01             0.000E+00
            -0.816E+01             0.000E+00
            -0.814E+01             0.000E+00
            -0.811E+01             0.000E+00
            -0.809E+01             0.000E+00
            -0.807E+01             0.000E+00
            -0.805E+01             0.000E+00
            -0.802E+01             0.000E+00
            -0.800E+01             0.000E+00
            -0.798E+01             0.000E+00
            -0.796E+01             0.000E+00
            -0.794E+01             0.000E+00
            -0.791E+01             0.000E+00
            -0.789E+01             0.000E+00
            -0.787E+01             0.000E+00
            -0.785E+01             0.000E+00
            -0.782E+01             0.000E+00
            -0.780E+01             0.000E+00
            -0.778E+01             0.000E+00
            -0.776E+01             0.000E+00
            -0.774E+01             0.000E+00
            -0.771E+01             0.000E+00
            -0.769E+01             0.000E+00
            -0.767E+01             0.000E+00
            -0.765E+01             0.000E+00
            -0.762E+01             0.000E+00
            -0.760E+01             0.000E+00
            -0.758E+01             0.000E+00
            -0.756E+01             0.000E+00
            -0.754E+01             0.000E+00
            -0.751E+01             0.000E+00
            -0.749E+01             0.000E+00
            -0.747E+01             0.000E+00
            -0.745E+01             0.000E+00
            -0.743E+01             0.000E+00
            -0.740E+01             0.000E+00
            -0.738E+01             0.000E+00
            -0.736E+01             0.100-319
            -0.734E+01             0.418-318
            -0.731E+01             0.555-314
            -0.729E+01             0.122-311
            -0.727E+01             0.587-311
            -0.725E+01             0.274-309
            -0.723E+01             0.574-306
            -0.720E+01             0.308-305
            -0.718E+01             0.392-305
            -0.716E+01             0.107-301
            -0.714E+01             0.765-298
            -0.711E+01             0.807-299
            -0.709E+01             0.146-295
            -0.707E+01             0.363-294
            -0.705E+01             0.147-291
            -0.703E+01             0.334-290
            -0.700E+01             0.243-289
            -0.698E+01             0.321-287
            -0.696E+01             0.756-283
            -0.694E+01             0.107-280
            -0.691E+01             0.949-279
            -0.689E+01             0.133-277
            -0.687E+01             0.240-275
            -0.685E+01             0.671-274
            -0.683E+01             0.129-271
            -0.680E+01             0.133-271
            -0.678E+01             0.311-268
            -0.676E+01             0.234-268
            -0.674E+01             0.249-263
            -0.671E+01             0.129-261
            -0.669E+01             0.258-260
            -0.667E+01             0.934-259
            -0.665E+01             0.181-260
            -0.663E+01             0.290-254
            -0.660E+01             0.155-252
            -0.658E+01             0.691-250
            -0.656E+01             0.578-248
            -0.654E+01             0.539-246
            -0.651E+01             0.929-246
            -0.649E+01             0.212-244
            -0.647E+01             0.175-240
            -0.645E+01             0.400-239
            -0.643E+01             0.138-237
            -0.640E+01             0.717-237
            -0.638E+01             0.508-235
            -0.636E+01             0.963-233
            -0.634E+01             0.240-231
            -0.632E+01             0.355-228
            -0.629E+01             0.148-227
            -0.627E+01             0.478-227
            -0.625E+01             0.104-223
            -0.623E+01             0.284-223
            -0.620E+01             0.532-219
            -0.618E+01             0.668-217
            -0.616E+01             0.471-218
            -0.614E+01             0.295-213
            -0.612E+01             0.175-214
            -0.609E+01             0.381-209
            -0.607E+01             0.870-209
            -0.605E+01             0.535-207
            -0.603E+01             0.162-205
            -0.600E+01             0.455-203
            -0.598E+01             0.327-202
            -0.596E+01             0.354-202
            -0.594E+01             0.587-198
            -0.592E+01             0.666-199
            -0.589E+01             0.122-194
            -0.587E+01             0.183-193
            -0.585E+01             0.142-192
            -0.583E+01             0.116-190
            -0.580E+01             0.541-189
            -0.578E+01             0.487-187
            -0.576E+01             0.298-185
            -0.574E+01             0.236-183
            -0.572E+01             0.937-182
            -0.569E+01             0.208-180
            -0.567E+01             0.933-178
            -0.565E+01             0.292-176
            -0.563E+01             0.158-175
            -0.560E+01             0.678-175
            -0.558E+01             0.526-171
            -0.556E+01             0.309-173
            -0.554E+01             0.190-168
            -0.552E+01             0.102-167
            -0.549E+01             0.114-166
            -0.547E+01             0.473-163
            -0.545E+01             0.867-163
            -0.543E+01             0.144-161
            -0.541E+01             0.189-159
            -0.538E+01             0.599-158
            -0.536E+01             0.662-157
            -0.534E+01             0.171-154
            -0.532E+01             0.136-154
            -0.529E+01             0.913-153
            -0.527E+01             0.773-152
            -0.525E+01             0.233-148
            -0.523E+01             0.103-146
            -0.521E+01             0.248-147
            -0.518E+01             0.107-144
            -0.516E+01             0.255-143
            -0.514E+01             0.128-141
            -0.512E+01             0.540-141
            -0.509E+01             0.103-137
            -0.507E+01             0.441-138
            -0.505E+01             0.681-136
            -0.503E+01             0.139-136
            -0.501E+01             0.253-133
            -0.498E+01             0.473-132
            -0.496E+01             0.529-131
            -0.494E+01             0.722-129
            -0.492E+01             0.192-132
            -0.489E+01             0.803-127
            -0.487E+01             0.103-124
            -0.485E+01             0.139-122
            -0.483E+01             0.625-123
            -0.481E+01             0.307-121
            -0.478E+01             0.104-121
            -0.476E+01             0.275-118
            -0.474E+01             0.126-118
            -0.472E+01             0.688-118
            -0.469E+01             0.929-116
            -0.467E+01             0.898-114
            -0.465E+01             0.182-111
            -0.463E+01             0.294-111
            -0.461E+01             0.841-110
            -0.458E+01             0.114-112
            -0.456E+01             0.968-108
            -0.454E+01             0.235-110
            -0.452E+01             0.125-105
            -0.450E+01             0.273-103
            -0.447E+01             0.192-104
            -0.445E+01             0.846-101
            -0.443E+01             0.563-102
            -0.441E+01             0.132E-99
            -0.438E+01             0.600E-98
            -0.436E+01             0.290E-96
            -0.434E+01             0.315E-95
            -0.432E+01             0.385E-95
            -0.430E+01             0.621E-95
            -0.427E+01             0.154E-92
            -0.425E+01             0.296E-94
            -0.423E+01             0.617E-92
            -0.421E+01             0.252E-89
            -0.418E+01             0.254E-89
            -0.416E+01             0.706E-87
            -0.414E+01             0.599E-86
            -0.412E+01             0.101E-86
            -0.410E+01             0.568E-85
            -0.407E+01             0.482E-84
            -0.405E+01             0.412E-83
            -0.403E+01             0.167E-82
            -0.401E+01             0.473E-81
            -0.398E+01             0.277E-79
            -0.396E+01             0.125E-79
            -0.394E+01             0.233E-77
            -0.392E+01             0.666E-78
            -0.390E+01             0.159E-76
            -0.387E+01             0.703E-77
            -0.385E+01             0.276E-74
            -0.383E+01             0.158E-73
            -0.381E+01             0.187E-75
            -0.378E+01             0.101E-76
            -0.376E+01             0.216E-71
            -0.374E+01             0.149E-70
            -0.372E+01             0.128E-70
            -0.370E+01             0.707E-70
            -0.367E+01             0.166E-69
            -0.365E+01             0.639E-68
            -0.363E+01             0.287E-68
            -0.361E+01             0.477E-66
            -0.358E+01             0.390E-66
            -0.356E+01             0.376E-69
            -0.354E+01             0.392E-68
            -0.352E+01             0.281E-64
            -0.350E+01             0.935E-65
            -0.347E+01             0.407E-64
            -0.345E+01             0.476E-63
            -0.343E+01             0.661E-66
            -0.341E+01             0.338E-64
            -0.339E+01             0.493E-65
            -0.336E+01             0.295E-63
            -0.334E+01             0.351E-63
            -0.332E+01             0.450E-62
            -0.330E+01             0.135E-62
            -0.327E+01             0.112E-62
            -0.325E+01             0.241E-60
            -0.323E+01             0.141E-60
            -0.321E+01             0.378E-63
            -0.319E+01             0.788E-61
            -0.316E+01             0.384E-62
            -0.314E+01             0.114E-59
            -0.312E+01             0.150E-61
            -0.310E+01             0.375E-60
            -0.307E+01             0.327E-61
            -0.305E+01             0.372E-60
            -0.303E+01             0.144E-61
            -0.301E+01             0.256E-60
            -0.299E+01             0.108E-64
            -0.296E+01             0.432E-63
            -0.294E+01             0.625E-61
            -0.292E+01             0.587E-61
            -0.290E+01             0.360E-60
            -0.287E+01             0.161E-60
            -0.285E+01             0.225E-63
            -0.283E+01             0.164E-60
            -0.281E+01             0.107E-60
            -0.279E+01             0.108E-61
            -0.276E+01             0.212E-59
            -0.274E+01             0.505E-61
            -0.272E+01             0.205E-59
            -0.270E+01             0.517E-59
            -0.267E+01             0.590E-58
            -0.265E+01             0.471E-57
            -0.263E+01             0.445E-56
            -0.261E+01             0.415E-55
            -0.259E+01             0.371E-54
            -0.256E+01             0.326E-53
            -0.254E+01             0.282E-52
            -0.252E+01             0.240E-51
            -0.250E+01             0.200E-50
            -0.248E+01             0.164E-49
            -0.245E+01             0.132E-48
            -0.243E+01             0.105E-47
            -0.241E+01             0.817E-47
            -0.239E+01             0.625E-46
            -0.236E+01             0.470E-45
            -0.234E+01             0.347E-44
            -0.232E+01             0.252E-43
            -0.230E+01             0.179E-42
            -0.228E+01             0.126E-41
            -0.225E+01             0.864E-41
            -0.223E+01             0.584E-40
            -0.221E+01             0.388E-39
            -0.219E+01             0.253E-38
            -0.216E+01             0.162E-37
            -0.214E+01             0.102E-36
            -0.212E+01             0.629E-36
            -0.210E+01             0.382E-35
            -0.208E+01             0.227E-34
            -0.205E+01             0.133E-33
            -0.203E+01             0.764E-33
            -0.201E+01             0.431E-32
            -0.199E+01             0.239E-31
            -0.196E+01             0.130E-30
            -0.194E+01             0.694E-30
            -0.192E+01             0.364E-29
            -0.190E+01             0.187E-28
            -0.188E+01             0.946E-28
            -0.185E+01             0.470E-27
            -0.183E+01             0.229E-26
            -0.181E+01             0.109E-25
            -0.179E+01             0.513E-25
            -0.176E+01             0.236E-24
            -0.174E+01             0.107E-23
            -0.172E+01             0.473E-23
            -0.170E+01             0.206E-22
            -0.168E+01             0.881E-22
            -0.165E+01             0.369E-21
            -0.163E+01             0.152E-20
            -0.161E+01             0.613E-20
            -0.159E+01             0.243E-19
            -0.156E+01             0.944E-19
            -0.154E+01             0.360E-18
            -0.152E+01             0.135E-17
            -0.150E+01             0.494E-17
            -0.148E+01             0.178E-16
            -0.145E+01             0.629E-16
            -0.143E+01             0.218E-15
            -0.141E+01             0.741E-15
            -0.139E+01             0.247E-14
            -0.137E+01             0.807E-14
            -0.134E+01             0.259E-13
            -0.132E+01             0.814E-13
            -0.130E+01             0.251E-12
            -0.128E+01             0.759E-12
            -0.125E+01             0.225E-11
            -0.123E+01             0.655E-11
            -0.121E+01             0.187E-10
            -0.119E+01             0.522E-10
            -0.117E+01             0.143E-09
            -0.114E+01             0.385E-09
            -0.112E+01             0.101E-08
            -0.110E+01             0.262E-08
            -0.108E+01             0.662E-08
            -0.105E+01             0.164E-07
            -0.103E+01             0.399E-07
            -0.101E+01             0.952E-07
            -0.988E+00             0.222E-06
            -0.966E+00             0.509E-06
            -0.943E+00             0.114E-05
            -0.921E+00             0.251E-05
            -0.899E+00             0.539E-05
            -0.877E+00             0.114E-04
            -0.855E+00             0.235E-04
            -0.832E+00             0.475E-04
            -0.810E+00             0.941E-04
            -0.788E+00             0.183E-03
            -0.766E+00             0.347E-03
            -0.744E+00             0.646E-03
            -0.721E+00             0.118E-02
            -0.699E+00             0.210E-02
            -0.677E+00             0.366E-02
            -0.655E+00             0.625E-02
            -0.633E+00             0.104E-01
            -0.610E+00             0.171E-01
            -0.588E+00             0.273E-01
            -0.566E+00             0.427E-01
            -0.544E+00             0.652E-01
            -0.522E+00             0.975E-01
            -0.499E+00             0.142E+00
            -0.477E+00             0.203E+00
            -0.455E+00             0.283E+00
            -0.433E+00             0.384E+00
            -0.411E+00             0.509E+00
            -0.388E+00             0.659E+00
            -0.366E+00             0.830E+00
            -0.344E+00             0.102E+01
            -0.322E+00             0.122E+01
            -0.300E+00             0.141E+01
            -0.277E+00             0.159E+01
            -0.255E+00             0.173E+01
            -0.233E+00             0.183E+01
            -0.211E+00             0.186E+01
            -0.189E+00             0.182E+01
            -0.166E+00             0.170E+01
            -0.144E+00             0.151E+01
            -0.122E+00             0.126E+01
            -0.999E-01             0.975E+00
            -0.777E-01             0.682E+00
            -0.555E-01             0.411E+00
            -0.333E-01             0.192E+00
            -0.111E-01             0.494E-01
             0.111E-01             0.359E-25
             0.333E-01             0.494E-01
             0.555E-01             0.192E+00
             0.777E-01             0.411E+00
             0.999E-01             0.682E+00
             0.122E+00             0.975E+00
             0.144E+00             0.126E+01
             0.166E+00             0.151E+01
             0.189E+00             0.170E+01
             0.211E+00             0.182E+01
             0.233E+00             0.186E+01
             0.255E+00             0.183E+01
             0.277E+00             0.173E+01
             0.300E+00             0.159E+01
             0.322E+00             0.141E+01
             0.344E+00             0.122E+01
             0.366E+00             0.102E+01
             0.388E+00             0.830E+00
             0.411E+00             0.659E+00
             0.433E+00             0.509E+00
             0.455E+00             0.384E+00
             0.477E+00             0.283E+00
             0.499E+00             0.203E+00
             0.522E+00             0.142E+00
             0.544E+00             0.975E-01
             0.566E+00             0.652E-01
             0.588E+00             0.427E-01
             0.610E+00             0.273E-01
             0.633E+00             0.171E-01
             0.655E+00             0.104E-01
             0.677E+00             0.625E-02
             0.699E+00             0.366E-02
             0.721E+00             0.210E-02
             0.744E+00             0.118E-02
             0.766E+00             0.646E-03
             0.788E+00             0.347E-03
             0.810E+00             0.183E-03
             0.832E+00             0.941E-04
             0.855E+00             0.475E-04
             0.877E+00             0.235E-04
             0.899E+00             0.114E-04
             0.921E+00             0.539E-05
             0.943E+00             0.251E-05
             0.966E+00             0.114E-05
             0.988E+00             0.509E-06
             0.101E+01             0.222E-06
             0.103E+01             0.952E-07
             0.105E+01             0.399E-07
             0.108E+01             0.164E-07
             0.110E+01             0.662E-08
             0.112E+01             0.262E-08
             0.114E+01             0.101E-08
             0.117E+01             0.385E-09
             0.119E+01             0.143E-09
             0.121E+01             0.522E-10
             0.123E+01             0.187E-10
             0.125E+01             0.655E-11
             0.128E+01             0.225E-11
             0.130E+01             0.759E-12
             0.132E+01             0.251E-12
             0.134E+01             0.814E-13
             0.137E+01             0.259E-13
             0.139E+01             0.807E-14
             0.141E+01             0.247E-14
             0.143E+01             0.741E-15
             0.145E+01             0.218E-15
             0.148E+01             0.629E-16
             0.150E+01             0.178E-16
             0.152E+01             0.494E-17
             0.154E+01             0.135E-17
             0.156E+01             0.360E-18
             0.159E+01             0.944E-19
             0.161E+01             0.243E-19
             0.163E+01             0.613E-20
             0.165E+01             0.152E-20
             0.168E+01             0.369E-21
             0.170E+01             0.882E-22
             0.172E+01             0.206E-22
             0.174E+01             0.475E-23
             0.176E+01             0.108E-23
             0.179E+01             0.247E-24
             0.181E+01             0.552E-25
             0.183E+01             0.136E-25
             0.185E+01             0.293E-26
             0.188E+01             0.441E-27
             0.190E+01             0.246E-27
             0.192E+01             0.303E-29
             0.194E+01             0.153E-29
             0.196E+01             0.867E-29
             0.199E+01             0.508E-29
             0.201E+01             0.117E-30
             0.203E+01             0.131E-28
             0.205E+01             0.551E-28
             0.208E+01             0.602E-30
             0.210E+01             0.419E-29
             0.212E+01             0.783E-29
             0.214E+01             0.580E-33
             0.216E+01             0.245E-28
             0.219E+01             0.270E-28
             0.221E+01             0.184E-28
             0.223E+01             0.238E-29
             0.225E+01             0.140E-28
             0.228E+01             0.148E-30
             0.230E+01             0.850E-29
             0.232E+01             0.105E-28
             0.234E+01             0.581E-30
             0.236E+01             0.201E-29
             0.239E+01             0.307E-30
             0.241E+01             0.165E-28
             0.243E+01             0.333E-28
             0.245E+01             0.171E-28
             0.248E+01             0.128E-30
             0.250E+01             0.342E-29
             0.252E+01             0.267E-30
             0.254E+01             0.139E-28
             0.256E+01             0.488E-31
             0.259E+01             0.701E-29
             0.261E+01             0.782E-29
             0.263E+01             0.135E-28
             0.265E+01             0.123E-28
             0.267E+01             0.218E-28
             0.270E+01             0.816E-29
             0.272E+01             0.197E-29
             0.274E+01             0.235E-28
             0.276E+01             0.677E-33
             0.279E+01             0.261E-30
             0.281E+01             0.191E-28
             0.283E+01             0.697E-29
             0.285E+01             0.138E-28
             0.287E+01             0.412E-28
             0.290E+01             0.390E-28
             0.292E+01             0.120E-28
             0.294E+01             0.542E-29
             0.296E+01             0.133E-28
             0.299E+01             0.790E-29
             0.301E+01             0.415E-29
             0.303E+01             0.350E-31
             0.305E+01             0.521E-30
             0.307E+01             0.160E-29
             0.310E+01             0.896E-29
             0.312E+01             0.425E-30
             0.314E+01             0.258E-29
             0.316E+01             0.214E-29
             0.319E+01             0.352E-30
             0.321E+01             0.218E-29
             0.323E+01             0.430E-30
             0.325E+01             0.534E-29
             0.327E+01             0.125E-29
             0.330E+01             0.857E-32
             0.332E+01             0.375E-30
             0.334E+01             0.263E-29
             0.336E+01             0.382E-31
             0.339E+01             0.315E-29
             0.341E+01             0.546E-31
             0.343E+01             0.288E-32
             0.345E+01             0.221E-30
             0.347E+01             0.141E-29
             0.350E+01             0.362E-30
             0.352E+01             0.814E-31
             0.354E+01             0.137E-30
             0.356E+01             0.119E-30
             0.358E+01             0.121E-33
             0.361E+01             0.171E-29
             0.363E+01             0.169E-29
             0.365E+01             0.430E-29
             0.367E+01             0.275E-30
             0.370E+01             0.216E-29
             0.372E+01             0.153E-29
             0.374E+01             0.823E-30
             0.376E+01             0.242E-29
             0.378E+01             0.172E-29
             0.381E+01             0.190E-29
             0.383E+01             0.926E-30
             0.385E+01             0.111E-32
             0.387E+01             0.813E-30
             0.390E+01             0.562E-30
             0.392E+01             0.322E-30
             0.394E+01             0.246E-29
             0.396E+01             0.198E-29
             0.398E+01             0.463E-31
             0.401E+01             0.483E-29
             0.403E+01             0.850E-31
             0.405E+01             0.424E-30
             0.407E+01             0.954E-32
             0.410E+01             0.388E-30
             0.412E+01             0.405E-30
             0.414E+01             0.231E-30
             0.416E+01             0.127E-30
             0.418E+01             0.314E-30
             0.421E+01             0.608E-30
             0.423E+01             0.150E-29
             0.425E+01             0.656E-32
             0.427E+01             0.540E-30
             0.430E+01             0.236E-30
             0.432E+01             0.329E-30
             0.434E+01             0.111E-29
             0.436E+01             0.255E-29
             0.438E+01             0.284E-30
             0.441E+01             0.478E-30
             0.443E+01             0.117E-29
             0.445E+01             0.540E-31
             0.447E+01             0.496E-30
             0.450E+01             0.151E-30
             0.452E+01             0.123E-30
             0.454E+01             0.249E-31
             0.456E+01             0.647E-31
             0.458E+01             0.317E-30
             0.461E+01             0.115E-31
             0.463E+01             0.234E-30
             0.465E+01             0.650E-32
             0.467E+01             0.443E-31
             0.469E+01             0.912E-30
             0.472E+01             0.975E-30
             0.474E+01             0.282E-30
             0.476E+01             0.205E-30
             0.478E+01             0.341E-30
             0.481E+01             0.371E-30
             0.483E+01             0.185E-30
             0.485E+01             0.220E-31
             0.487E+01             0.219E-30
             0.489E+01             0.202E-31
             0.492E+01             0.338E-31
             0.494E+01             0.299E-31
             0.496E+01             0.652E-30
             0.498E+01             0.161E-29
             0.501E+01             0.213E-31
             0.503E+01             0.337E-31
             0.505E+01             0.234E-30
             0.507E+01             0.564E-31
             0.509E+01             0.285E-30
             0.512E+01             0.254E-31
             0.514E+01             0.418E-31
             0.516E+01             0.424E-33
             0.518E+01             0.214E-30
             0.521E+01             0.559E-30
             0.523E+01             0.336E-30
             0.525E+01             0.509E-30
             0.527E+01             0.261E-31
             0.529E+01             0.152E-30
             0.532E+01             0.406E-30
             0.534E+01             0.193E-29
             0.536E+01             0.182E-31
             0.538E+01             0.159E-30
             0.541E+01             0.426E-34
             0.543E+01             0.216E-31
             0.545E+01             0.586E-32
             0.547E+01             0.493E-30
             0.549E+01             0.462E-31
             0.552E+01             0.424E-30
             0.554E+01             0.122E-29
             0.556E+01             0.711E-31
             0.558E+01             0.229E-30
             0.560E+01             0.215E-31
             0.563E+01             0.457E-30
             0.565E+01             0.109E-29
             0.567E+01             0.494E-30
             0.569E+01             0.131E-29
             0.572E+01             0.152E-29
             0.574E+01             0.789E-31
             0.576E+01             0.189E-31
             0.578E+01             0.787E-30
             0.580E+01             0.544E-31
             0.583E+01             0.127E-29
             0.585E+01             0.347E-32
             0.587E+01             0.139E-29
             0.589E+01             0.973E-30
             0.592E+01             0.644E-30
             0.594E+01             0.163E-29
             0.596E+01             0.535E-29
             0.598E+01             0.183E-29
             0.600E+01             0.407E-31
             0.603E+01             0.467E-30
             0.605E+01             0.107E-29
             0.607E+01             0.625E-30
             0.609E+01             0.146E-31
             0.612E+01             0.321E-31
             0.614E+01             0.359E-30
             0.616E+01             0.124E-32
             0.618E+01             0.473E-30
             0.620E+01             0.222E-30
             0.623E+01             0.566E-32
             0.625E+01             0.216E-29
             0.627E+01             0.261E-30
             0.629E+01             0.197E-29
             0.632E+01             0.283E-29
             0.634E+01             0.398E-30
             0.636E+01             0.880E-31
             0.638E+01             0.823E-31
             0.640E+01             0.132E-31
             0.643E+01             0.478E-29
             0.645E+01             0.556E-30
             0.647E+01             0.543E-30
             0.649E+01             0.587E-30
             0.651E+01             0.397E-30
             0.654E+01             0.625E-29
             0.656E+01             0.190E-29
             0.658E+01             0.110E-29
             0.660E+01             0.714E-30
             0.663E+01             0.183E-30
             0.665E+01             0.112E-30
             0.667E+01             0.411E-30
             0.669E+01             0.278E-29
             0.671E+01             0.107E-29
             0.674E+01             0.214E-29
             0.676E+01             0.444E-29
             0.678E+01             0.550E-29
             0.680E+01             0.312E-30
             0.683E+01             0.276E-30
             0.685E+01             0.106E-29
             0.687E+01             0.134E-31
             0.689E+01             0.560E-33
             0.691E+01             0.173E-29
             0.694E+01             0.175E-29
             0.696E+01             0.126E-29
             0.698E+01             0.261E-29
             0.700E+01             0.571E-29
             0.703E+01             0.756E-30
             0.705E+01             0.420E-29
             0.707E+01             0.303E-29
             0.709E+01             0.124E-29
             0.711E+01             0.107E-28
             0.714E+01             0.153E-28
             0.716E+01             0.498E-30
             0.718E+01             0.315E-29
             0.720E+01             0.363E-31
             0.723E+01             0.262E-29
             0.725E+01             0.737E-29
             0.727E+01             0.734E-31
             0.729E+01             0.644E-34
             0.731E+01             0.295E-31
             0.734E+01             0.814E-29
             0.736E+01             0.632E-29
             0.738E+01             0.169E-29
             0.740E+01             0.148E-29
             0.743E+01             0.420E-30
             0.745E+01             0.829E-30
             0.747E+01             0.107E-29
             0.749E+01             0.296E-30
             0.751E+01             0.433E-29
             0.754E+01             0.256E-29
             0.756E+01             0.684E-29
             0.758E+01             0.492E-30
             0.760E+01             0.653E-29
             0.762E+01             0.764E-31
             0.765E+01             0.503E-30
             0.767E+01             0.537E-29
             0.769E+01             0.321E-29
             0.771E+01             0.101E-29
             0.774E+01             0.170E-31
             0.776E+01             0.600E-30
             0.778E+01             0.459E-30
             0.780E+01             0.244E-29
             0.782E+01             0.636E-30
             0.785E+01             0.644E-30
             0.787E+01             0.132E-29
             0.789E+01             0.148E-29
             0.791E+01             0.613E-30
             0.794E+01             0.109E-29
             0.796E+01             0.310E-30
             0.798E+01             0.663E-29
             0.800E+01             0.423E-29
             0.802E+01             0.148E-29
             0.805E+01             0.643E-31
             0.807E+01             0.184E-29
             0.809E+01             0.211E-30
             0.811E+01             0.161E-31
             0.814E+01             0.551E-32
             0.816E+01             0.370E-30
             0.818E+01             0.202E-30
             0.820E+01             0.740E-31
             0.822E+01             0.812E-30
             0.825E+01             0.801E-30
             0.827E+01             0.402E-29
             0.829E+01             0.105E-29
             0.831E+01             0.714E-30
             0.834E+01             0.321E-30
             0.836E+01             0.134E-30
             0.838E+01             0.362E-31
             0.840E+01             0.309E-32
             0.842E+01             0.413E-29
             0.845E+01             0.415E-30
             0.847E+01             0.160E-30
             0.849E+01             0.741E-32
             0.851E+01             0.141E-30
             0.853E+01             0.917E-31
             0.856E+01             0.151E-31
             0.858E+01             0.265E-30
             0.860E+01             0.864E-32
             0.862E+01             0.121E-31
             0.865E+01             0.180E-30
             0.867E+01             0.710E-33
             0.869E+01             0.348E-31
             0.871E+01             0.128E-31
             0.873E+01             0.385E-35
             0.876E+01             0.246E-32
             0.878E+01             0.295E-33
             0.880E+01             0.379E-32
             0.882E+01             0.783E-34
             0.885E+01             0.112E-34
             0.887E+01             0.111E-35
             0.889E+01             0.810E-36
             0.891E+01             0.728E-36
             0.893E+01             0.166E-37
             0.896E+01             0.755E-38
             0.898E+01             0.779E-38
             0.900E+01             0.851E-39
             0.902E+01             0.857E-39
             0.905E+01             0.605E-42
             0.907E+01             0.119E-40
             0.909E+01             0.283E-40
             0.911E+01             0.309E-41
             0.913E+01             0.386E-45
             0.916E+01             0.147E-42
             0.918E+01             0.121E-42
             0.920E+01             0.470E-44
             0.922E+01             0.491E-45
             0.925E+01             0.199E-45
             0.927E+01             0.281E-46
             0.929E+01             0.358E-47
             0.931E+01             0.872E-49
             0.933E+01             0.257E-49
             0.936E+01             0.372E-50
             0.938E+01             0.133E-51
             0.940E+01             0.512E-52
             0.942E+01             0.258E-53
             0.945E+01             0.255E-54
             0.947E+01             0.507E-55
             0.949E+01             0.465E-56
             0.951E+01             0.702E-59
             0.953E+01             0.333E-58
             0.956E+01             0.308E-58
             0.958E+01             0.253E-59
             0.960E+01             0.216E-62
             0.962E+01             0.238E-58
             0.964E+01             0.703E-59
             0.967E+01             0.261E-60
             0.969E+01             0.164E-58
             0.971E+01             0.512E-58
             0.973E+01             0.512E-59
             0.976E+01             0.210E-59
             0.978E+01             0.991E-59
             0.980E+01             0.446E-59
             0.982E+01             0.647E-61
             0.984E+01             0.112E-58
             0.987E+01             0.707E-59
             0.989E+01             0.442E-60
             0.991E+01             0.272E-59
             0.993E+01             0.173E-59
             0.996E+01             0.299E-59
             0.998E+01             0.155E-59
             0.100E+02             0.565E-59
