            -0.300E+01             0.251E-73
            -0.299E+01             0.106E-72
            -0.299E+01             0.263E-72
            -0.298E+01             0.533E-72
            -0.298E+01             0.980E-72
            -0.298E+01             0.171E-71
            -0.297E+01             0.289E-71
            -0.297E+01             0.481E-71
            -0.296E+01             0.790E-71
            -0.296E+01             0.129E-70
            -0.295E+01             0.210E-70
            -0.295E+01             0.340E-70
            -0.295E+01             0.549E-70
            -0.294E+01             0.886E-70
            -0.294E+01             0.143E-69
            -0.293E+01             0.230E-69
            -0.293E+01             0.370E-69
            -0.293E+01             0.595E-69
            -0.292E+01             0.957E-69
            -0.292E+01             0.154E-68
            -0.291E+01             0.246E-68
            -0.291E+01             0.395E-68
            -0.291E+01             0.633E-68
            -0.290E+01             0.101E-67
            -0.290E+01             0.162E-67
            -0.289E+01             0.259E-67
            -0.289E+01             0.414E-67
            -0.289E+01             0.661E-67
            -0.288E+01             0.105E-66
            -0.288E+01             0.168E-66
            -0.287E+01             0.268E-66
            -0.287E+01             0.427E-66
            -0.286E+01             0.679E-66
            -0.286E+01             0.108E-65
            -0.286E+01             0.171E-65
            -0.285E+01             0.272E-65
            -0.285E+01             0.432E-65
            -0.284E+01             0.685E-65
            -0.284E+01             0.109E-64
            -0.284E+01             0.172E-64
            -0.283E+01             0.272E-64
            -0.283E+01             0.430E-64
            -0.282E+01             0.680E-64
            -0.282E+01             0.107E-63
            -0.282E+01             0.170E-63
            -0.281E+01             0.267E-63
            -0.281E+01             0.421E-63
            -0.280E+01             0.664E-63
            -0.280E+01             0.104E-62
            -0.279E+01             0.164E-62
            -0.279E+01             0.258E-62
            -0.279E+01             0.406E-62
            -0.278E+01             0.637E-62
            -0.278E+01             0.999E-62
            -0.277E+01             0.157E-61
            -0.277E+01             0.245E-61
            -0.277E+01             0.384E-61
            -0.276E+01             0.601E-61
            -0.276E+01             0.939E-61
            -0.275E+01             0.147E-60
            -0.275E+01             0.229E-60
            -0.275E+01             0.357E-60
            -0.274E+01             0.557E-60
            -0.274E+01             0.868E-60
            -0.273E+01             0.135E-59
            -0.273E+01             0.210E-59
            -0.272E+01             0.327E-59
            -0.272E+01             0.508E-59
            -0.272E+01             0.789E-59
            -0.271E+01             0.122E-58
            -0.271E+01             0.190E-58
            -0.270E+01             0.294E-58
            -0.270E+01             0.456E-58
            -0.270E+01             0.705E-58
            -0.269E+01             0.109E-57
            -0.269E+01             0.168E-57
            -0.268E+01             0.260E-57
            -0.268E+01             0.401E-57
            -0.268E+01             0.619E-57
            -0.267E+01             0.954E-57
            -0.267E+01             0.147E-56
            -0.266E+01             0.226E-56
            -0.266E+01             0.348E-56
            -0.266E+01             0.535E-56
            -0.265E+01             0.821E-56
            -0.265E+01             0.126E-55
            -0.264E+01             0.193E-55
            -0.264E+01             0.296E-55
            -0.263E+01             0.454E-55
            -0.263E+01             0.695E-55
            -0.263E+01             0.106E-54
            -0.262E+01             0.162E-54
            -0.262E+01             0.248E-54
            -0.261E+01             0.379E-54
            -0.261E+01             0.578E-54
            -0.261E+01             0.881E-54
            -0.260E+01             0.134E-53
            -0.260E+01             0.204E-53
            -0.259E+01             0.311E-53
            -0.259E+01             0.473E-53
            -0.259E+01             0.718E-53
            -0.258E+01             0.109E-52
            -0.258E+01             0.165E-52
            -0.257E+01             0.251E-52
            -0.257E+01             0.380E-52
            -0.256E+01             0.575E-52
            -0.256E+01             0.871E-52
            -0.256E+01             0.132E-51
            -0.255E+01             0.199E-51
            -0.255E+01             0.300E-51
            -0.254E+01             0.453E-51
            -0.254E+01             0.684E-51
            -0.254E+01             0.103E-50
            -0.253E+01             0.155E-50
            -0.253E+01             0.233E-50
            -0.252E+01             0.351E-50
            -0.252E+01             0.528E-50
            -0.252E+01             0.792E-50
            -0.251E+01             0.119E-49
            -0.251E+01             0.178E-49
            -0.250E+01             0.267E-49
            -0.250E+01             0.400E-49
            -0.249E+01             0.599E-49
            -0.249E+01             0.896E-49
            -0.249E+01             0.134E-48
            -0.248E+01             0.200E-48
            -0.248E+01             0.299E-48
            -0.247E+01             0.445E-48
            -0.247E+01             0.664E-48
            -0.247E+01             0.989E-48
            -0.246E+01             0.147E-47
            -0.246E+01             0.219E-47
            -0.245E+01             0.325E-47
            -0.245E+01             0.483E-47
            -0.245E+01             0.718E-47
            -0.244E+01             0.106E-46
            -0.244E+01             0.158E-46
            -0.243E+01             0.234E-46
            -0.243E+01             0.346E-46
            -0.243E+01             0.512E-46
            -0.242E+01             0.757E-46
            -0.242E+01             0.112E-45
            -0.241E+01             0.165E-45
            -0.241E+01             0.244E-45
            -0.240E+01             0.359E-45
            -0.240E+01             0.529E-45
            -0.240E+01             0.779E-45
            -0.239E+01             0.115E-44
            -0.239E+01             0.169E-44
            -0.238E+01             0.248E-44
            -0.238E+01             0.364E-44
            -0.238E+01             0.534E-44
            -0.237E+01             0.783E-44
            -0.237E+01             0.115E-43
            -0.236E+01             0.168E-43
            -0.236E+01             0.246E-43
            -0.236E+01             0.359E-43
            -0.235E+01             0.525E-43
            -0.235E+01             0.767E-43
            -0.234E+01             0.112E-42
            -0.234E+01             0.163E-42
            -0.233E+01             0.238E-42
            -0.233E+01             0.346E-42
            -0.233E+01             0.504E-42
            -0.232E+01             0.733E-42
            -0.232E+01             0.107E-41
            -0.231E+01             0.155E-41
            -0.231E+01             0.225E-41
            -0.231E+01             0.326E-41
            -0.230E+01             0.472E-41
            -0.230E+01             0.684E-41
            -0.229E+01             0.990E-41
            -0.229E+01             0.143E-40
            -0.229E+01             0.207E-40
            -0.228E+01             0.299E-40
            -0.228E+01             0.431E-40
            -0.227E+01             0.622E-40
            -0.227E+01             0.897E-40
            -0.226E+01             0.129E-39
            -0.226E+01             0.186E-39
            -0.226E+01             0.268E-39
            -0.225E+01             0.385E-39
            -0.225E+01             0.553E-39
            -0.224E+01             0.793E-39
            -0.224E+01             0.114E-38
            -0.224E+01             0.163E-38
            -0.223E+01             0.234E-38
            -0.223E+01             0.335E-38
            -0.222E+01             0.479E-38
            -0.222E+01             0.684E-38
            -0.222E+01             0.978E-38
            -0.221E+01             0.140E-37
            -0.221E+01             0.199E-37
            -0.220E+01             0.284E-37
            -0.220E+01             0.405E-37
            -0.220E+01             0.576E-37
            -0.219E+01             0.819E-37
            -0.219E+01             0.117E-36
            -0.218E+01             0.166E-36
            -0.218E+01             0.235E-36
            -0.217E+01             0.334E-36
            -0.217E+01             0.473E-36
            -0.217E+01             0.670E-36
            -0.216E+01             0.949E-36
            -0.216E+01             0.134E-35
            -0.215E+01             0.190E-35
            -0.215E+01             0.268E-35
            -0.215E+01             0.379E-35
            -0.214E+01             0.535E-35
            -0.214E+01             0.754E-35
            -0.213E+01             0.106E-34
            -0.213E+01             0.150E-34
            -0.213E+01             0.211E-34
            -0.212E+01             0.296E-34
            -0.212E+01             0.416E-34
            -0.211E+01             0.584E-34
            -0.211E+01             0.820E-34
            -0.210E+01             0.115E-33
            -0.210E+01             0.161E-33
            -0.210E+01             0.226E-33
            -0.209E+01             0.316E-33
            -0.209E+01             0.442E-33
            -0.208E+01             0.617E-33
            -0.208E+01             0.862E-33
            -0.208E+01             0.120E-32
            -0.207E+01             0.168E-32
            -0.207E+01             0.234E-32
            -0.206E+01             0.326E-32
            -0.206E+01             0.454E-32
            -0.206E+01             0.631E-32
            -0.205E+01             0.877E-32
            -0.205E+01             0.122E-31
            -0.204E+01             0.169E-31
            -0.204E+01             0.234E-31
            -0.203E+01             0.325E-31
            -0.203E+01             0.450E-31
            -0.203E+01             0.623E-31
            -0.202E+01             0.862E-31
            -0.202E+01             0.119E-30
            -0.201E+01             0.165E-30
            -0.201E+01             0.227E-30
            -0.201E+01             0.313E-30
            -0.200E+01             0.432E-30
            -0.200E+01             0.595E-30
            -0.199E+01             0.819E-30
            -0.199E+01             0.113E-29
            -0.199E+01             0.155E-29
            -0.198E+01             0.213E-29
            -0.198E+01             0.292E-29
            -0.197E+01             0.401E-29
            -0.197E+01             0.550E-29
            -0.197E+01             0.753E-29
            -0.196E+01             0.103E-28
            -0.196E+01             0.141E-28
            -0.195E+01             0.193E-28
            -0.195E+01             0.263E-28
            -0.194E+01             0.360E-28
            -0.194E+01             0.491E-28
            -0.194E+01             0.669E-28
            -0.193E+01             0.911E-28
            -0.193E+01             0.124E-27
            -0.192E+01             0.169E-27
            -0.192E+01             0.229E-27
            -0.192E+01             0.312E-27
            -0.191E+01             0.423E-27
            -0.191E+01             0.574E-27
            -0.190E+01             0.779E-27
            -0.190E+01             0.105E-26
            -0.190E+01             0.143E-26
            -0.189E+01             0.193E-26
            -0.189E+01             0.261E-26
            -0.188E+01             0.353E-26
            -0.188E+01             0.477E-26
            -0.187E+01             0.643E-26
            -0.187E+01             0.867E-26
            -0.187E+01             0.117E-25
            -0.186E+01             0.157E-25
            -0.186E+01             0.212E-25
            -0.185E+01             0.285E-25
            -0.185E+01             0.383E-25
            -0.185E+01             0.514E-25
            -0.184E+01             0.689E-25
            -0.184E+01             0.924E-25
            -0.183E+01             0.124E-24
            -0.183E+01             0.166E-24
            -0.183E+01             0.222E-24
            -0.182E+01             0.297E-24
            -0.182E+01             0.396E-24
            -0.181E+01             0.529E-24
            -0.181E+01             0.707E-24
            -0.180E+01             0.942E-24
            -0.180E+01             0.126E-23
            -0.180E+01             0.167E-23
            -0.179E+01             0.222E-23
            -0.179E+01             0.296E-23
            -0.178E+01             0.393E-23
            -0.178E+01             0.522E-23
            -0.178E+01             0.693E-23
            -0.177E+01             0.919E-23
            -0.177E+01             0.122E-22
            -0.176E+01             0.161E-22
            -0.176E+01             0.213E-22
            -0.176E+01             0.282E-22
            -0.175E+01             0.373E-22
            -0.175E+01             0.492E-22
            -0.174E+01             0.650E-22
            -0.174E+01             0.857E-22
            -0.174E+01             0.113E-21
            -0.173E+01             0.149E-21
            -0.173E+01             0.196E-21
            -0.172E+01             0.257E-21
            -0.172E+01             0.338E-21
            -0.171E+01             0.444E-21
            -0.171E+01             0.583E-21
            -0.171E+01             0.764E-21
            -0.170E+01             0.100E-20
            -0.170E+01             0.131E-20
            -0.169E+01             0.172E-20
            -0.169E+01             0.224E-20
            -0.169E+01             0.293E-20
            -0.168E+01             0.383E-20
            -0.168E+01             0.500E-20
            -0.167E+01             0.652E-20
            -0.167E+01             0.850E-20
            -0.167E+01             0.111E-19
            -0.166E+01             0.144E-19
            -0.166E+01             0.187E-19
            -0.165E+01             0.243E-19
            -0.165E+01             0.316E-19
            -0.164E+01             0.410E-19
            -0.164E+01             0.532E-19
            -0.164E+01             0.689E-19
            -0.163E+01             0.893E-19
            -0.163E+01             0.116E-18
            -0.162E+01             0.149E-18
            -0.162E+01             0.193E-18
            -0.162E+01             0.249E-18
            -0.161E+01             0.322E-18
            -0.161E+01             0.415E-18
            -0.160E+01             0.535E-18
            -0.160E+01             0.689E-18
            -0.160E+01             0.886E-18
            -0.159E+01             0.114E-17
            -0.159E+01             0.146E-17
            -0.158E+01             0.188E-17
            -0.158E+01             0.241E-17
            -0.157E+01             0.310E-17
            -0.157E+01             0.397E-17
            -0.157E+01             0.508E-17
            -0.156E+01             0.650E-17
            -0.156E+01             0.832E-17
            -0.155E+01             0.106E-16
            -0.155E+01             0.136E-16
            -0.155E+01             0.173E-16
            -0.154E+01             0.221E-16
            -0.154E+01             0.281E-16
            -0.153E+01             0.358E-16
            -0.153E+01             0.456E-16
            -0.153E+01             0.580E-16
            -0.152E+01             0.737E-16
            -0.152E+01             0.936E-16
            -0.151E+01             0.119E-15
            -0.151E+01             0.151E-15
            -0.151E+01             0.191E-15
            -0.150E+01             0.242E-15
            -0.150E+01             0.306E-15
            -0.149E+01             0.387E-15
            -0.149E+01             0.489E-15
            -0.148E+01             0.617E-15
            -0.148E+01             0.778E-15
            -0.148E+01             0.982E-15
            -0.147E+01             0.124E-14
            -0.147E+01             0.156E-14
            -0.146E+01             0.196E-14
            -0.146E+01             0.246E-14
            -0.146E+01             0.310E-14
            -0.145E+01             0.389E-14
            -0.145E+01             0.488E-14
            -0.144E+01             0.612E-14
            -0.144E+01             0.766E-14
            -0.144E+01             0.960E-14
            -0.143E+01             0.120E-13
            -0.143E+01             0.150E-13
            -0.142E+01             0.188E-13
            -0.142E+01             0.234E-13
            -0.141E+01             0.292E-13
            -0.141E+01             0.364E-13
            -0.141E+01             0.454E-13
            -0.140E+01             0.565E-13
            -0.140E+01             0.703E-13
            -0.139E+01             0.874E-13
            -0.139E+01             0.109E-12
            -0.139E+01             0.135E-12
            -0.138E+01             0.167E-12
            -0.138E+01             0.207E-12
            -0.137E+01             0.257E-12
            -0.137E+01             0.318E-12
            -0.137E+01             0.393E-12
            -0.136E+01             0.486E-12
            -0.136E+01             0.601E-12
            -0.135E+01             0.741E-12
            -0.135E+01             0.914E-12
            -0.134E+01             0.113E-11
            -0.134E+01             0.139E-11
            -0.134E+01             0.171E-11
            -0.133E+01             0.210E-11
            -0.133E+01             0.258E-11
            -0.132E+01             0.317E-11
            -0.132E+01             0.390E-11
            -0.132E+01             0.478E-11
            -0.131E+01             0.586E-11
            -0.131E+01             0.717E-11
            -0.130E+01             0.878E-11
            -0.130E+01             0.107E-10
            -0.130E+01             0.131E-10
            -0.129E+01             0.160E-10
            -0.129E+01             0.196E-10
            -0.128E+01             0.239E-10
            -0.128E+01             0.291E-10
            -0.128E+01             0.354E-10
            -0.127E+01             0.431E-10
            -0.127E+01             0.524E-10
            -0.126E+01             0.637E-10
            -0.126E+01             0.773E-10
            -0.125E+01             0.938E-10
            -0.125E+01             0.114E-09
            -0.125E+01             0.138E-09
            -0.124E+01             0.167E-09
            -0.124E+01             0.202E-09
            -0.123E+01             0.244E-09
            -0.123E+01             0.295E-09
            -0.123E+01             0.356E-09
            -0.122E+01             0.430E-09
            -0.122E+01             0.518E-09
            -0.121E+01             0.624E-09
            -0.121E+01             0.751E-09
            -0.121E+01             0.904E-09
            -0.120E+01             0.109E-08
            -0.120E+01             0.130E-08
            -0.119E+01             0.157E-08
            -0.119E+01             0.188E-08
            -0.118E+01             0.225E-08
            -0.118E+01             0.270E-08
            -0.118E+01             0.323E-08
            -0.117E+01             0.386E-08
            -0.117E+01             0.462E-08
            -0.116E+01             0.551E-08
            -0.116E+01             0.658E-08
            -0.116E+01             0.785E-08
            -0.115E+01             0.935E-08
            -0.115E+01             0.111E-07
            -0.114E+01             0.132E-07
            -0.114E+01             0.158E-07
            -0.114E+01             0.187E-07
            -0.113E+01             0.222E-07
            -0.113E+01             0.264E-07
            -0.112E+01             0.313E-07
            -0.112E+01             0.370E-07
            -0.111E+01             0.439E-07
            -0.111E+01             0.519E-07
            -0.111E+01             0.613E-07
            -0.110E+01             0.725E-07
            -0.110E+01             0.855E-07
            -0.109E+01             0.101E-06
            -0.109E+01             0.119E-06
            -0.109E+01             0.140E-06
            -0.108E+01             0.165E-06
            -0.108E+01             0.194E-06
            -0.107E+01             0.228E-06
            -0.107E+01             0.268E-06
            -0.107E+01             0.314E-06
            -0.106E+01             0.368E-06
            -0.106E+01             0.432E-06
            -0.105E+01             0.505E-06
            -0.105E+01             0.591E-06
            -0.105E+01             0.691E-06
            -0.104E+01             0.808E-06
            -0.104E+01             0.943E-06
            -0.103E+01             0.110E-05
            -0.103E+01             0.128E-05
            -0.102E+01             0.149E-05
            -0.102E+01             0.174E-05
            -0.102E+01             0.202E-05
            -0.101E+01             0.235E-05
            -0.101E+01             0.273E-05
            -0.100E+01             0.317E-05
            -0.100E+01             0.367E-05
            -0.996E+00             0.426E-05
            -0.992E+00             0.493E-05
            -0.988E+00             0.570E-05
            -0.984E+00             0.660E-05
            -0.979E+00             0.762E-05
            -0.975E+00             0.880E-05
            -0.971E+00             0.101E-04
            -0.967E+00             0.117E-04
            -0.963E+00             0.135E-04
            -0.959E+00             0.155E-04
            -0.955E+00             0.178E-04
            -0.951E+00             0.205E-04
            -0.947E+00             0.235E-04
            -0.943E+00             0.270E-04
            -0.938E+00             0.310E-04
            -0.934E+00             0.355E-04
            -0.930E+00             0.407E-04
            -0.926E+00             0.465E-04
            -0.922E+00             0.532E-04
            -0.918E+00             0.607E-04
            -0.914E+00             0.693E-04
            -0.910E+00             0.791E-04
            -0.906E+00             0.901E-04
            -0.901E+00             0.103E-03
            -0.897E+00             0.117E-03
            -0.893E+00             0.133E-03
            -0.889E+00             0.151E-03
            -0.885E+00             0.171E-03
            -0.881E+00             0.194E-03
            -0.877E+00             0.220E-03
            -0.873E+00             0.250E-03
            -0.869E+00             0.283E-03
            -0.864E+00             0.320E-03
            -0.860E+00             0.361E-03
            -0.856E+00             0.408E-03
            -0.852E+00             0.460E-03
            -0.848E+00             0.519E-03
            -0.844E+00             0.585E-03
            -0.840E+00             0.658E-03
            -0.836E+00             0.740E-03
            -0.832E+00             0.832E-03
            -0.828E+00             0.935E-03
            -0.823E+00             0.105E-02
            -0.819E+00             0.118E-02
            -0.815E+00             0.132E-02
            -0.811E+00             0.148E-02
            -0.807E+00             0.165E-02
            -0.803E+00             0.185E-02
            -0.799E+00             0.206E-02
            -0.795E+00             0.230E-02
            -0.791E+00             0.257E-02
            -0.786E+00             0.286E-02
            -0.782E+00             0.318E-02
            -0.778E+00             0.354E-02
            -0.774E+00             0.394E-02
            -0.770E+00             0.437E-02
            -0.766E+00             0.485E-02
            -0.762E+00             0.538E-02
            -0.758E+00             0.596E-02
            -0.754E+00             0.660E-02
            -0.749E+00             0.730E-02
            -0.745E+00             0.807E-02
            -0.741E+00             0.891E-02
            -0.737E+00             0.984E-02
            -0.733E+00             0.108E-01
            -0.729E+00             0.120E-01
            -0.725E+00             0.132E-01
            -0.721E+00             0.145E-01
            -0.717E+00             0.159E-01
            -0.713E+00             0.175E-01
            -0.708E+00             0.192E-01
            -0.704E+00             0.210E-01
            -0.700E+00             0.230E-01
            -0.696E+00             0.252E-01
            -0.692E+00             0.275E-01
            -0.688E+00             0.301E-01
            -0.684E+00             0.329E-01
            -0.680E+00             0.358E-01
            -0.676E+00             0.391E-01
            -0.671E+00             0.426E-01
            -0.667E+00             0.463E-01
            -0.663E+00             0.503E-01
            -0.659E+00             0.547E-01
            -0.655E+00             0.593E-01
            -0.651E+00             0.643E-01
            -0.647E+00             0.697E-01
            -0.643E+00             0.755E-01
            -0.639E+00             0.816E-01
            -0.634E+00             0.882E-01
            -0.630E+00             0.952E-01
            -0.626E+00             0.103E+00
            -0.622E+00             0.111E+00
            -0.618E+00             0.119E+00
            -0.614E+00             0.128E+00
            -0.610E+00             0.138E+00
            -0.606E+00             0.148E+00
            -0.602E+00             0.159E+00
            -0.598E+00             0.170E+00
            -0.593E+00             0.182E+00
            -0.589E+00             0.195E+00
            -0.585E+00             0.209E+00
            -0.581E+00             0.223E+00
            -0.577E+00             0.238E+00
            -0.573E+00             0.253E+00
            -0.569E+00             0.270E+00
            -0.565E+00             0.287E+00
            -0.561E+00             0.305E+00
            -0.556E+00             0.324E+00
            -0.552E+00             0.344E+00
            -0.548E+00             0.365E+00
            -0.544E+00             0.386E+00
            -0.540E+00             0.409E+00
            -0.536E+00             0.432E+00
            -0.532E+00             0.456E+00
            -0.528E+00             0.481E+00
            -0.524E+00             0.507E+00
            -0.520E+00             0.534E+00
            -0.515E+00             0.562E+00
            -0.511E+00             0.590E+00
            -0.507E+00             0.620E+00
            -0.503E+00             0.650E+00
            -0.499E+00             0.681E+00
            -0.495E+00             0.712E+00
            -0.491E+00             0.744E+00
            -0.487E+00             0.777E+00
            -0.483E+00             0.811E+00
            -0.478E+00             0.845E+00
            -0.474E+00             0.879E+00
            -0.470E+00             0.914E+00
            -0.466E+00             0.950E+00
            -0.462E+00             0.985E+00
            -0.458E+00             0.102E+01
            -0.454E+00             0.106E+01
            -0.450E+00             0.109E+01
            -0.446E+00             0.113E+01
            -0.441E+00             0.116E+01
            -0.437E+00             0.120E+01
            -0.433E+00             0.123E+01
            -0.429E+00             0.127E+01
            -0.425E+00             0.130E+01
            -0.421E+00             0.133E+01
            -0.417E+00             0.137E+01
            -0.413E+00             0.140E+01
            -0.409E+00             0.143E+01
            -0.405E+00             0.146E+01
            -0.400E+00             0.148E+01
            -0.396E+00             0.151E+01
            -0.392E+00             0.153E+01
            -0.388E+00             0.156E+01
            -0.384E+00             0.158E+01
            -0.380E+00             0.159E+01
            -0.376E+00             0.161E+01
            -0.372E+00             0.162E+01
            -0.368E+00             0.164E+01
            -0.363E+00             0.165E+01
            -0.359E+00             0.165E+01
            -0.355E+00             0.166E+01
            -0.351E+00             0.166E+01
            -0.347E+00             0.166E+01
            -0.343E+00             0.165E+01
            -0.339E+00             0.164E+01
            -0.335E+00             0.163E+01
            -0.331E+00             0.162E+01
            -0.326E+00             0.160E+01
            -0.322E+00             0.158E+01
            -0.318E+00             0.156E+01
            -0.314E+00             0.154E+01
            -0.310E+00             0.151E+01
            -0.306E+00             0.148E+01
            -0.302E+00             0.144E+01
            -0.298E+00             0.141E+01
            -0.294E+00             0.137E+01
            -0.290E+00             0.133E+01
            -0.285E+00             0.128E+01
            -0.281E+00             0.124E+01
            -0.277E+00             0.119E+01
            -0.273E+00             0.114E+01
            -0.269E+00             0.109E+01
            -0.265E+00             0.104E+01
            -0.261E+00             0.985E+00
            -0.257E+00             0.931E+00
            -0.253E+00             0.876E+00
            -0.248E+00             0.820E+00
            -0.244E+00             0.765E+00
            -0.240E+00             0.709E+00
            -0.236E+00             0.654E+00
            -0.232E+00             0.599E+00
            -0.228E+00             0.545E+00
            -0.224E+00             0.493E+00
            -0.220E+00             0.441E+00
            -0.216E+00             0.392E+00
            -0.211E+00             0.344E+00
            -0.207E+00             0.299E+00
            -0.203E+00             0.256E+00
            -0.199E+00             0.216E+00
            -0.195E+00             0.178E+00
            -0.191E+00             0.144E+00
            -0.187E+00             0.113E+00
            -0.183E+00             0.855E-01
            -0.179E+00             0.616E-01
            -0.175E+00             0.414E-01
            -0.170E+00             0.252E-01
            -0.166E+00             0.129E-01
            -0.162E+00             0.465E-02
            -0.158E+00             0.518E-03
            -0.154E+00             0.514E-03
            -0.150E+00             0.464E-02
            -0.146E+00             0.129E-01
            -0.142E+00             0.251E-01
            -0.138E+00             0.414E-01
            -0.133E+00             0.615E-01
            -0.129E+00             0.854E-01
            -0.125E+00             0.113E+00
            -0.121E+00             0.144E+00
            -0.117E+00             0.178E+00
            -0.113E+00             0.215E+00
            -0.109E+00             0.255E+00
            -0.105E+00             0.297E+00
            -0.101E+00             0.342E+00
            -0.965E-01             0.388E+00
            -0.924E-01             0.437E+00
            -0.883E-01             0.486E+00
            -0.842E-01             0.537E+00
            -0.801E-01             0.588E+00
            -0.760E-01             0.639E+00
            -0.719E-01             0.691E+00
            -0.678E-01             0.742E+00
            -0.637E-01             0.792E+00
            -0.595E-01             0.841E+00
            -0.554E-01             0.889E+00
            -0.513E-01             0.936E+00
            -0.472E-01             0.980E+00
            -0.431E-01             0.102E+01
            -0.390E-01             0.106E+01
            -0.349E-01             0.110E+01
            -0.308E-01             0.113E+01
            -0.267E-01             0.116E+01
            -0.226E-01             0.119E+01
            -0.185E-01             0.121E+01
            -0.144E-01             0.123E+01
            -0.103E-01             0.124E+01
            -0.616E-02             0.125E+01
            -0.205E-02             0.126E+01
             0.205E-02             0.126E+01
             0.616E-02             0.126E+01
             0.103E-01             0.125E+01
             0.144E-01             0.124E+01
             0.185E-01             0.123E+01
             0.226E-01             0.121E+01
             0.267E-01             0.119E+01
             0.308E-01             0.116E+01
             0.349E-01             0.113E+01
             0.390E-01             0.110E+01
             0.431E-01             0.106E+01
             0.472E-01             0.102E+01
             0.513E-01             0.980E+00
             0.554E-01             0.936E+00
             0.595E-01             0.889E+00
             0.637E-01             0.841E+00
             0.678E-01             0.792E+00
             0.719E-01             0.742E+00
             0.760E-01             0.691E+00
             0.801E-01             0.639E+00
             0.842E-01             0.588E+00
             0.883E-01             0.537E+00
             0.924E-01             0.486E+00
             0.965E-01             0.437E+00
             0.101E+00             0.388E+00
             0.105E+00             0.342E+00
             0.109E+00             0.297E+00
             0.113E+00             0.255E+00
             0.117E+00             0.215E+00
             0.121E+00             0.178E+00
             0.125E+00             0.144E+00
             0.129E+00             0.113E+00
             0.133E+00             0.854E-01
             0.138E+00             0.615E-01
             0.142E+00             0.414E-01
             0.146E+00             0.251E-01
             0.150E+00             0.129E-01
             0.154E+00             0.464E-02
             0.158E+00             0.514E-03
             0.162E+00             0.518E-03
             0.166E+00             0.465E-02
             0.170E+00             0.129E-01
             0.175E+00             0.252E-01
             0.179E+00             0.414E-01
             0.183E+00             0.616E-01
             0.187E+00             0.855E-01
             0.191E+00             0.113E+00
             0.195E+00             0.144E+00
             0.199E+00             0.178E+00
             0.203E+00             0.216E+00
             0.207E+00             0.256E+00
             0.211E+00             0.299E+00
             0.216E+00             0.344E+00
             0.220E+00             0.392E+00
             0.224E+00             0.441E+00
             0.228E+00             0.493E+00
             0.232E+00             0.545E+00
             0.236E+00             0.599E+00
             0.240E+00             0.654E+00
             0.244E+00             0.709E+00
             0.248E+00             0.765E+00
             0.253E+00             0.820E+00
             0.257E+00             0.876E+00
             0.261E+00             0.931E+00
             0.265E+00             0.985E+00
             0.269E+00             0.104E+01
             0.273E+00             0.109E+01
             0.277E+00             0.114E+01
             0.281E+00             0.119E+01
             0.285E+00             0.124E+01
             0.290E+00             0.128E+01
             0.294E+00             0.133E+01
             0.298E+00             0.137E+01
             0.302E+00             0.141E+01
             0.306E+00             0.144E+01
             0.310E+00             0.148E+01
             0.314E+00             0.151E+01
             0.318E+00             0.154E+01
             0.322E+00             0.156E+01
             0.326E+00             0.158E+01
             0.331E+00             0.160E+01
             0.335E+00             0.162E+01
             0.339E+00             0.163E+01
             0.343E+00             0.164E+01
             0.347E+00             0.165E+01
             0.351E+00             0.166E+01
             0.355E+00             0.166E+01
             0.359E+00             0.166E+01
             0.363E+00             0.165E+01
             0.368E+00             0.165E+01
             0.372E+00             0.164E+01
             0.376E+00             0.162E+01
             0.380E+00             0.161E+01
             0.384E+00             0.159E+01
             0.388E+00             0.158E+01
             0.392E+00             0.156E+01
             0.396E+00             0.153E+01
             0.400E+00             0.151E+01
             0.405E+00             0.148E+01
             0.409E+00             0.146E+01
             0.413E+00             0.143E+01
             0.417E+00             0.140E+01
             0.421E+00             0.137E+01
             0.425E+00             0.133E+01
             0.429E+00             0.130E+01
             0.433E+00             0.127E+01
             0.437E+00             0.123E+01
             0.441E+00             0.120E+01
             0.446E+00             0.116E+01
             0.450E+00             0.113E+01
             0.454E+00             0.109E+01
             0.458E+00             0.106E+01
             0.462E+00             0.102E+01
             0.466E+00             0.985E+00
             0.470E+00             0.950E+00
             0.474E+00             0.914E+00
             0.478E+00             0.879E+00
             0.483E+00             0.845E+00
             0.487E+00             0.811E+00
             0.491E+00             0.777E+00
             0.495E+00             0.744E+00
             0.499E+00             0.712E+00
             0.503E+00             0.681E+00
             0.507E+00             0.650E+00
             0.511E+00             0.620E+00
             0.515E+00             0.590E+00
             0.520E+00             0.562E+00
             0.524E+00             0.534E+00
             0.528E+00             0.507E+00
             0.532E+00             0.481E+00
             0.536E+00             0.456E+00
             0.540E+00             0.432E+00
             0.544E+00             0.409E+00
             0.548E+00             0.386E+00
             0.552E+00             0.365E+00
             0.556E+00             0.344E+00
             0.561E+00             0.324E+00
             0.565E+00             0.305E+00
             0.569E+00             0.287E+00
             0.573E+00             0.270E+00
             0.577E+00             0.253E+00
             0.581E+00             0.238E+00
             0.585E+00             0.223E+00
             0.589E+00             0.209E+00
             0.593E+00             0.195E+00
             0.598E+00             0.182E+00
             0.602E+00             0.170E+00
             0.606E+00             0.159E+00
             0.610E+00             0.148E+00
             0.614E+00             0.138E+00
             0.618E+00             0.128E+00
             0.622E+00             0.119E+00
             0.626E+00             0.111E+00
             0.630E+00             0.103E+00
             0.634E+00             0.952E-01
             0.639E+00             0.882E-01
             0.643E+00             0.816E-01
             0.647E+00             0.755E-01
             0.651E+00             0.697E-01
             0.655E+00             0.643E-01
             0.659E+00             0.593E-01
             0.663E+00             0.547E-01
             0.667E+00             0.503E-01
             0.671E+00             0.463E-01
             0.676E+00             0.426E-01
             0.680E+00             0.391E-01
             0.684E+00             0.358E-01
             0.688E+00             0.329E-01
             0.692E+00             0.301E-01
             0.696E+00             0.275E-01
             0.700E+00             0.252E-01
             0.704E+00             0.230E-01
             0.708E+00             0.210E-01
             0.713E+00             0.192E-01
             0.717E+00             0.175E-01
             0.721E+00             0.159E-01
             0.725E+00             0.145E-01
             0.729E+00             0.132E-01
             0.733E+00             0.120E-01
             0.737E+00             0.108E-01
             0.741E+00             0.984E-02
             0.745E+00             0.891E-02
             0.749E+00             0.807E-02
             0.754E+00             0.730E-02
             0.758E+00             0.660E-02
             0.762E+00             0.596E-02
             0.766E+00             0.538E-02
             0.770E+00             0.485E-02
             0.774E+00             0.437E-02
             0.778E+00             0.394E-02
             0.782E+00             0.354E-02
             0.786E+00             0.318E-02
             0.791E+00             0.286E-02
             0.795E+00             0.257E-02
             0.799E+00             0.230E-02
             0.803E+00             0.206E-02
             0.807E+00             0.185E-02
             0.811E+00             0.165E-02
             0.815E+00             0.148E-02
             0.819E+00             0.132E-02
             0.823E+00             0.118E-02
             0.828E+00             0.105E-02
             0.832E+00             0.935E-03
             0.836E+00             0.832E-03
             0.840E+00             0.740E-03
             0.844E+00             0.658E-03
             0.848E+00             0.585E-03
             0.852E+00             0.519E-03
             0.856E+00             0.460E-03
             0.860E+00             0.408E-03
             0.864E+00             0.361E-03
             0.869E+00             0.320E-03
             0.873E+00             0.283E-03
             0.877E+00             0.250E-03
             0.881E+00             0.220E-03
             0.885E+00             0.194E-03
             0.889E+00             0.171E-03
             0.893E+00             0.151E-03
             0.897E+00             0.133E-03
             0.901E+00             0.117E-03
             0.906E+00             0.103E-03
             0.910E+00             0.901E-04
             0.914E+00             0.791E-04
             0.918E+00             0.693E-04
             0.922E+00             0.607E-04
             0.926E+00             0.532E-04
             0.930E+00             0.465E-04
             0.934E+00             0.407E-04
             0.938E+00             0.355E-04
             0.943E+00             0.310E-04
             0.947E+00             0.270E-04
             0.951E+00             0.235E-04
             0.955E+00             0.205E-04
             0.959E+00             0.178E-04
             0.963E+00             0.155E-04
             0.967E+00             0.135E-04
             0.971E+00             0.117E-04
             0.975E+00             0.101E-04
             0.979E+00             0.880E-05
             0.984E+00             0.762E-05
             0.988E+00             0.660E-05
             0.992E+00             0.570E-05
             0.996E+00             0.493E-05
             0.100E+01             0.426E-05
             0.100E+01             0.367E-05
             0.101E+01             0.317E-05
             0.101E+01             0.273E-05
             0.102E+01             0.235E-05
             0.102E+01             0.202E-05
             0.102E+01             0.174E-05
             0.103E+01             0.149E-05
             0.103E+01             0.128E-05
             0.104E+01             0.110E-05
             0.104E+01             0.943E-06
             0.105E+01             0.808E-06
             0.105E+01             0.691E-06
             0.105E+01             0.591E-06
             0.106E+01             0.505E-06
             0.106E+01             0.432E-06
             0.107E+01             0.368E-06
             0.107E+01             0.314E-06
             0.107E+01             0.268E-06
             0.108E+01             0.228E-06
             0.108E+01             0.194E-06
             0.109E+01             0.165E-06
             0.109E+01             0.140E-06
             0.109E+01             0.119E-06
             0.110E+01             0.101E-06
             0.110E+01             0.855E-07
             0.111E+01             0.725E-07
             0.111E+01             0.613E-07
             0.111E+01             0.519E-07
             0.112E+01             0.439E-07
             0.112E+01             0.370E-07
             0.113E+01             0.313E-07
             0.113E+01             0.264E-07
             0.114E+01             0.222E-07
             0.114E+01             0.187E-07
             0.114E+01             0.158E-07
             0.115E+01             0.132E-07
             0.115E+01             0.111E-07
             0.116E+01             0.935E-08
             0.116E+01             0.785E-08
             0.116E+01             0.658E-08
             0.117E+01             0.551E-08
             0.117E+01             0.462E-08
             0.118E+01             0.386E-08
             0.118E+01             0.323E-08
             0.118E+01             0.270E-08
             0.119E+01             0.225E-08
             0.119E+01             0.188E-08
             0.120E+01             0.157E-08
             0.120E+01             0.130E-08
             0.121E+01             0.109E-08
             0.121E+01             0.904E-09
             0.121E+01             0.751E-09
             0.122E+01             0.624E-09
             0.122E+01             0.518E-09
             0.123E+01             0.430E-09
             0.123E+01             0.356E-09
             0.123E+01             0.295E-09
             0.124E+01             0.244E-09
             0.124E+01             0.202E-09
             0.125E+01             0.167E-09
             0.125E+01             0.138E-09
             0.125E+01             0.114E-09
             0.126E+01             0.938E-10
             0.126E+01             0.773E-10
             0.127E+01             0.637E-10
             0.127E+01             0.524E-10
             0.128E+01             0.431E-10
             0.128E+01             0.354E-10
             0.128E+01             0.291E-10
             0.129E+01             0.239E-10
             0.129E+01             0.196E-10
             0.130E+01             0.160E-10
             0.130E+01             0.131E-10
             0.130E+01             0.107E-10
             0.131E+01             0.878E-11
             0.131E+01             0.717E-11
             0.132E+01             0.586E-11
             0.132E+01             0.478E-11
             0.132E+01             0.390E-11
             0.133E+01             0.317E-11
             0.133E+01             0.258E-11
             0.134E+01             0.210E-11
             0.134E+01             0.171E-11
             0.134E+01             0.139E-11
             0.135E+01             0.113E-11
             0.135E+01             0.914E-12
             0.136E+01             0.741E-12
             0.136E+01             0.601E-12
             0.137E+01             0.486E-12
             0.137E+01             0.393E-12
             0.137E+01             0.318E-12
             0.138E+01             0.257E-12
             0.138E+01             0.207E-12
             0.139E+01             0.167E-12
             0.139E+01             0.135E-12
             0.139E+01             0.109E-12
             0.140E+01             0.874E-13
             0.140E+01             0.703E-13
             0.141E+01             0.565E-13
             0.141E+01             0.454E-13
             0.141E+01             0.364E-13
             0.142E+01             0.292E-13
             0.142E+01             0.234E-13
             0.143E+01             0.188E-13
             0.143E+01             0.150E-13
             0.144E+01             0.120E-13
             0.144E+01             0.960E-14
             0.144E+01             0.766E-14
             0.145E+01             0.612E-14
             0.145E+01             0.488E-14
             0.146E+01             0.389E-14
             0.146E+01             0.310E-14
             0.146E+01             0.246E-14
             0.147E+01             0.196E-14
             0.147E+01             0.156E-14
             0.148E+01             0.124E-14
             0.148E+01             0.982E-15
             0.148E+01             0.778E-15
             0.149E+01             0.617E-15
             0.149E+01             0.489E-15
             0.150E+01             0.387E-15
             0.150E+01             0.306E-15
             0.151E+01             0.242E-15
             0.151E+01             0.191E-15
             0.151E+01             0.151E-15
             0.152E+01             0.119E-15
             0.152E+01             0.936E-16
             0.153E+01             0.737E-16
             0.153E+01             0.580E-16
             0.153E+01             0.456E-16
             0.154E+01             0.358E-16
             0.154E+01             0.281E-16
             0.155E+01             0.221E-16
             0.155E+01             0.173E-16
             0.155E+01             0.136E-16
             0.156E+01             0.106E-16
             0.156E+01             0.832E-17
             0.157E+01             0.650E-17
             0.157E+01             0.508E-17
             0.157E+01             0.397E-17
             0.158E+01             0.310E-17
             0.158E+01             0.241E-17
             0.159E+01             0.188E-17
             0.159E+01             0.146E-17
             0.160E+01             0.114E-17
             0.160E+01             0.886E-18
             0.160E+01             0.689E-18
             0.161E+01             0.535E-18
             0.161E+01             0.415E-18
             0.162E+01             0.322E-18
             0.162E+01             0.249E-18
             0.162E+01             0.193E-18
             0.163E+01             0.149E-18
             0.163E+01             0.116E-18
             0.164E+01             0.893E-19
             0.164E+01             0.689E-19
             0.164E+01             0.532E-19
             0.165E+01             0.410E-19
             0.165E+01             0.316E-19
             0.166E+01             0.243E-19
             0.166E+01             0.187E-19
             0.167E+01             0.144E-19
             0.167E+01             0.111E-19
             0.167E+01             0.850E-20
             0.168E+01             0.652E-20
             0.168E+01             0.500E-20
             0.169E+01             0.383E-20
             0.169E+01             0.293E-20
             0.169E+01             0.224E-20
             0.170E+01             0.172E-20
             0.170E+01             0.131E-20
             0.171E+01             0.100E-20
             0.171E+01             0.764E-21
             0.171E+01             0.583E-21
             0.172E+01             0.444E-21
             0.172E+01             0.338E-21
             0.173E+01             0.257E-21
             0.173E+01             0.196E-21
             0.174E+01             0.149E-21
             0.174E+01             0.113E-21
             0.174E+01             0.857E-22
             0.175E+01             0.650E-22
             0.175E+01             0.492E-22
             0.176E+01             0.373E-22
             0.176E+01             0.282E-22
             0.176E+01             0.213E-22
             0.177E+01             0.161E-22
             0.177E+01             0.122E-22
             0.178E+01             0.919E-23
             0.178E+01             0.696E-23
             0.178E+01             0.524E-23
             0.179E+01             0.393E-23
             0.179E+01             0.295E-23
             0.180E+01             0.222E-23
             0.180E+01             0.166E-23
             0.180E+01             0.126E-23
             0.181E+01             0.927E-24
             0.181E+01             0.699E-24
             0.182E+01             0.524E-24
             0.182E+01             0.400E-24
             0.183E+01             0.297E-24
             0.183E+01             0.220E-24
             0.183E+01             0.168E-24
             0.184E+01             0.126E-24
             0.184E+01             0.927E-25
             0.185E+01             0.687E-25
             0.185E+01             0.495E-25
             0.185E+01             0.363E-25
             0.186E+01             0.284E-25
             0.186E+01             0.209E-25
             0.187E+01             0.157E-25
             0.187E+01             0.114E-25
             0.187E+01             0.874E-26
             0.188E+01             0.571E-26
             0.188E+01             0.363E-26
             0.189E+01             0.331E-26
             0.189E+01             0.214E-26
             0.190E+01             0.161E-26
             0.190E+01             0.905E-27
             0.190E+01             0.959E-27
             0.191E+01             0.885E-27
             0.191E+01             0.485E-27
             0.192E+01             0.439E-27
             0.192E+01             0.398E-27
             0.192E+01             0.219E-27
             0.193E+01             0.190E-27
             0.193E+01             0.579E-28
             0.194E+01             0.169E-27
             0.194E+01             0.203E-27
             0.194E+01             0.203E-27
             0.195E+01             0.821E-28
             0.195E+01             0.107E-27
             0.196E+01             0.129E-28
             0.196E+01             0.141E-27
             0.197E+01             0.390E-28
             0.197E+01             0.220E-30
             0.197E+01             0.108E-27
             0.198E+01             0.659E-28
             0.198E+01             0.566E-28
             0.199E+01             0.813E-30
             0.199E+01             0.363E-29
             0.199E+01             0.649E-30
             0.200E+01             0.161E-30
             0.200E+01             0.412E-31
             0.201E+01             0.155E-28
             0.201E+01             0.134E-28
             0.201E+01             0.544E-29
             0.202E+01             0.356E-29
             0.202E+01             0.926E-30
             0.203E+01             0.443E-28
             0.203E+01             0.841E-30
             0.203E+01             0.524E-29
             0.204E+01             0.971E-31
             0.204E+01             0.815E-30
             0.205E+01             0.158E-28
             0.205E+01             0.705E-29
             0.206E+01             0.870E-35
             0.206E+01             0.185E-29
             0.206E+01             0.137E-28
             0.207E+01             0.130E-28
             0.207E+01             0.406E-29
             0.208E+01             0.387E-29
             0.208E+01             0.539E-29
             0.208E+01             0.422E-30
             0.209E+01             0.194E-30
             0.209E+01             0.740E-30
             0.210E+01             0.287E-29
             0.210E+01             0.721E-30
             0.210E+01             0.818E-30
             0.211E+01             0.418E-29
             0.211E+01             0.503E-31
             0.212E+01             0.752E-29
             0.212E+01             0.393E-31
             0.213E+01             0.281E-28
             0.213E+01             0.112E-29
             0.213E+01             0.917E-30
             0.214E+01             0.401E-30
             0.214E+01             0.244E-31
             0.215E+01             0.513E-28
             0.215E+01             0.320E-29
             0.215E+01             0.352E-30
             0.216E+01             0.274E-30
             0.216E+01             0.115E-28
             0.217E+01             0.258E-29
             0.217E+01             0.392E-29
             0.217E+01             0.385E-29
             0.218E+01             0.227E-28
             0.218E+01             0.217E-28
             0.219E+01             0.591E-29
             0.219E+01             0.125E-28
             0.220E+01             0.671E-29
             0.220E+01             0.139E-28
             0.220E+01             0.305E-28
             0.221E+01             0.951E-30
             0.221E+01             0.156E-28
             0.222E+01             0.442E-28
             0.222E+01             0.149E-28
             0.222E+01             0.811E-29
             0.223E+01             0.392E-29
             0.223E+01             0.656E-29
             0.224E+01             0.458E-31
             0.224E+01             0.627E-32
             0.224E+01             0.231E-28
             0.225E+01             0.274E-29
             0.225E+01             0.143E-29
             0.226E+01             0.259E-29
             0.226E+01             0.182E-29
             0.226E+01             0.112E-29
             0.227E+01             0.258E-28
             0.227E+01             0.211E-29
             0.228E+01             0.555E-32
             0.228E+01             0.386E-29
             0.229E+01             0.784E-29
             0.229E+01             0.425E-28
             0.229E+01             0.367E-29
             0.230E+01             0.526E-28
             0.230E+01             0.509E-33
             0.231E+01             0.216E-28
             0.231E+01             0.503E-29
             0.231E+01             0.148E-29
             0.232E+01             0.199E-29
             0.232E+01             0.212E-29
             0.233E+01             0.825E-30
             0.233E+01             0.303E-31
             0.233E+01             0.222E-30
             0.234E+01             0.156E-29
             0.234E+01             0.393E-29
             0.235E+01             0.142E-28
             0.235E+01             0.368E-28
             0.236E+01             0.421E-28
             0.236E+01             0.307E-28
             0.236E+01             0.189E-28
             0.237E+01             0.196E-28
             0.237E+01             0.335E-29
             0.238E+01             0.469E-29
             0.238E+01             0.156E-28
             0.238E+01             0.219E-32
             0.239E+01             0.184E-29
             0.239E+01             0.358E-28
             0.240E+01             0.262E-30
             0.240E+01             0.207E-28
             0.240E+01             0.114E-28
             0.241E+01             0.214E-30
             0.241E+01             0.611E-29
             0.242E+01             0.381E-29
             0.242E+01             0.272E-28
             0.243E+01             0.486E-28
             0.243E+01             0.463E-28
             0.243E+01             0.177E-28
             0.244E+01             0.439E-28
             0.244E+01             0.495E-29
             0.245E+01             0.127E-28
             0.245E+01             0.171E-29
             0.245E+01             0.459E-29
             0.246E+01             0.111E-28
             0.246E+01             0.638E-31
             0.247E+01             0.114E-28
             0.247E+01             0.400E-30
             0.247E+01             0.520E-29
             0.248E+01             0.753E-29
             0.248E+01             0.369E-29
             0.249E+01             0.151E-30
             0.249E+01             0.272E-28
             0.249E+01             0.160E-31
             0.250E+01             0.268E-29
             0.250E+01             0.903E-29
             0.251E+01             0.203E-29
             0.251E+01             0.894E-29
             0.252E+01             0.679E-30
             0.252E+01             0.115E-31
             0.252E+01             0.570E-29
             0.253E+01             0.266E-29
             0.253E+01             0.134E-28
             0.254E+01             0.275E-29
             0.254E+01             0.178E-28
             0.254E+01             0.125E-29
             0.255E+01             0.118E-31
             0.255E+01             0.699E-30
             0.256E+01             0.501E-29
             0.256E+01             0.477E-30
             0.256E+01             0.200E-30
             0.257E+01             0.101E-29
             0.257E+01             0.141E-29
             0.258E+01             0.346E-30
             0.258E+01             0.992E-29
             0.259E+01             0.572E-29
             0.259E+01             0.266E-28
             0.259E+01             0.722E-29
             0.260E+01             0.261E-28
             0.260E+01             0.155E-28
             0.261E+01             0.622E-31
             0.261E+01             0.123E-30
             0.261E+01             0.843E-31
             0.262E+01             0.511E-29
             0.262E+01             0.145E-28
             0.263E+01             0.299E-29
             0.263E+01             0.101E-28
             0.263E+01             0.607E-29
             0.264E+01             0.125E-28
             0.264E+01             0.785E-30
             0.265E+01             0.363E-29
             0.265E+01             0.454E-31
             0.266E+01             0.648E-30
             0.266E+01             0.543E-29
             0.266E+01             0.158E-30
             0.267E+01             0.520E-29
             0.267E+01             0.166E-28
             0.268E+01             0.397E-30
             0.268E+01             0.366E-29
             0.268E+01             0.352E-30
             0.269E+01             0.848E-29
             0.269E+01             0.328E-30
             0.270E+01             0.175E-31
             0.270E+01             0.689E-29
             0.270E+01             0.422E-29
             0.271E+01             0.774E-29
             0.271E+01             0.413E-30
             0.272E+01             0.467E-29
             0.272E+01             0.180E-30
             0.272E+01             0.114E-29
             0.273E+01             0.345E-28
             0.273E+01             0.177E-32
             0.274E+01             0.104E-29
             0.274E+01             0.341E-29
             0.275E+01             0.289E-29
             0.275E+01             0.167E-29
             0.275E+01             0.284E-29
             0.276E+01             0.253E-28
             0.276E+01             0.111E-30
             0.277E+01             0.247E-29
             0.277E+01             0.348E-28
             0.277E+01             0.127E-28
             0.278E+01             0.363E-29
             0.278E+01             0.415E-30
             0.279E+01             0.332E-29
             0.279E+01             0.228E-28
             0.279E+01             0.187E-28
             0.280E+01             0.141E-29
             0.280E+01             0.101E-28
             0.281E+01             0.519E-30
             0.281E+01             0.158E-29
             0.282E+01             0.972E-31
             0.282E+01             0.361E-29
             0.282E+01             0.306E-29
             0.283E+01             0.411E-29
             0.283E+01             0.610E-29
             0.284E+01             0.503E-29
             0.284E+01             0.344E-30
             0.284E+01             0.864E-29
             0.285E+01             0.415E-30
             0.285E+01             0.242E-29
             0.286E+01             0.252E-29
             0.286E+01             0.141E-29
             0.286E+01             0.274E-28
             0.287E+01             0.142E-28
             0.287E+01             0.133E-28
             0.288E+01             0.114E-30
             0.288E+01             0.565E-31
             0.289E+01             0.285E-30
             0.289E+01             0.108E-28
             0.289E+01             0.247E-28
             0.290E+01             0.200E-30
             0.290E+01             0.991E-29
             0.291E+01             0.168E-28
             0.291E+01             0.353E-28
             0.291E+01             0.874E-29
             0.292E+01             0.441E-31
             0.292E+01             0.140E-28
             0.293E+01             0.175E-29
             0.293E+01             0.532E-32
             0.293E+01             0.411E-28
             0.294E+01             0.281E-29
             0.294E+01             0.212E-28
             0.295E+01             0.302E-29
             0.295E+01             0.269E-30
             0.295E+01             0.585E-31
             0.296E+01             0.261E-29
             0.296E+01             0.136E-28
             0.297E+01             0.149E-29
             0.297E+01             0.269E-28
             0.298E+01             0.108E-28
             0.298E+01             0.171E-29
             0.298E+01             0.232E-30
             0.299E+01             0.163E-28
             0.299E+01             0.748E-31
             0.300E+01             0.168E-29
             0.300E+01             0.231E-28
