            -0.497E+01             0.106-187
            -0.494E+01             0.802-185
            -0.491E+01             0.133-182
            -0.488E+01             0.111-181
            -0.485E+01             0.318-179
            -0.482E+01             0.158-177
            -0.479E+01             0.358-175
            -0.477E+01             0.260-172
            -0.474E+01             0.948-172
            -0.471E+01             0.152-169
            -0.468E+01             0.372-167
            -0.465E+01             0.376-165
            -0.462E+01             0.810-164
            -0.459E+01             0.104-161
            -0.456E+01             0.538-160
            -0.453E+01             0.239-158
            -0.450E+01             0.189-156
            -0.447E+01             0.445-154
            -0.444E+01             0.251-152
            -0.441E+01             0.142-150
            -0.438E+01             0.127-148
            -0.435E+01             0.131-146
            -0.433E+01             0.510-145
            -0.430E+01             0.350-143
            -0.427E+01             0.258-141
            -0.424E+01             0.164-139
            -0.421E+01             0.111-137
            -0.418E+01             0.837-136
            -0.415E+01             0.384-134
            -0.412E+01             0.247-132
            -0.409E+01             0.139-130
            -0.406E+01             0.912-129
            -0.403E+01             0.483-127
            -0.400E+01             0.277-125
            -0.397E+01             0.145-123
            -0.394E+01             0.740-122
            -0.391E+01             0.405-120
            -0.389E+01             0.200-118
            -0.386E+01             0.100-116
            -0.383E+01             0.481-115
            -0.380E+01             0.224-113
            -0.377E+01             0.103-111
            -0.374E+01             0.474-110
            -0.371E+01             0.210-108
            -0.368E+01             0.904-107
            -0.365E+01             0.378-105
            -0.362E+01             0.156-103
            -0.359E+01             0.626-102
            -0.356E+01             0.247-100
            -0.353E+01             0.946E-99
            -0.350E+01             0.353E-97
            -0.348E+01             0.129E-95
            -0.345E+01             0.461E-94
            -0.342E+01             0.160E-92
            -0.339E+01             0.545E-91
            -0.336E+01             0.181E-89
            -0.333E+01             0.584E-88
            -0.330E+01             0.184E-86
            -0.327E+01             0.568E-85
            -0.324E+01             0.170E-83
            -0.321E+01             0.499E-82
            -0.318E+01             0.142E-80
            -0.315E+01             0.396E-79
            -0.312E+01             0.108E-77
            -0.309E+01             0.285E-76
            -0.306E+01             0.734E-75
            -0.304E+01             0.184E-73
            -0.301E+01             0.452E-72
            -0.298E+01             0.108E-70
            -0.295E+01             0.251E-69
            -0.292E+01             0.567E-68
            -0.289E+01             0.125E-66
            -0.286E+01             0.269E-65
            -0.283E+01             0.563E-64
            -0.280E+01             0.115E-62
            -0.277E+01             0.227E-61
            -0.274E+01             0.439E-60
            -0.271E+01             0.824E-59
            -0.268E+01             0.151E-57
            -0.265E+01             0.268E-56
            -0.262E+01             0.465E-55
            -0.260E+01             0.783E-54
            -0.257E+01             0.128E-52
            -0.254E+01             0.204E-51
            -0.251E+01             0.317E-50
            -0.248E+01             0.478E-49
            -0.245E+01             0.700E-48
            -0.242E+01             0.998E-47
            -0.239E+01             0.138E-45
            -0.236E+01             0.186E-44
            -0.233E+01             0.243E-43
            -0.230E+01             0.309E-42
            -0.227E+01             0.382E-41
            -0.224E+01             0.458E-40
            -0.221E+01             0.534E-39
            -0.218E+01             0.604E-38
            -0.216E+01             0.664E-37
            -0.213E+01             0.709E-36
            -0.210E+01             0.735E-35
            -0.207E+01             0.739E-34
            -0.204E+01             0.721E-33
            -0.201E+01             0.683E-32
            -0.198E+01             0.628E-31
            -0.195E+01             0.560E-30
            -0.192E+01             0.485E-29
            -0.189E+01             0.407E-28
            -0.186E+01             0.331E-27
            -0.183E+01             0.262E-26
            -0.180E+01             0.200E-25
            -0.177E+01             0.149E-24
            -0.174E+01             0.107E-23
            -0.172E+01             0.745E-23
            -0.169E+01             0.504E-22
            -0.166E+01             0.330E-21
            -0.163E+01             0.209E-20
            -0.160E+01             0.129E-19
            -0.157E+01             0.766E-19
            -0.154E+01             0.442E-18
            -0.151E+01             0.247E-17
            -0.148E+01             0.133E-16
            -0.145E+01             0.698E-16
            -0.142E+01             0.354E-15
            -0.139E+01             0.173E-14
            -0.136E+01             0.823E-14
            -0.133E+01             0.378E-13
            -0.130E+01             0.168E-12
            -0.128E+01             0.722E-12
            -0.125E+01             0.300E-11
            -0.122E+01             0.121E-10
            -0.119E+01             0.469E-10
            -0.116E+01             0.176E-09
            -0.113E+01             0.640E-09
            -0.110E+01             0.225E-08
            -0.107E+01             0.763E-08
            -0.104E+01             0.250E-07
            -0.101E+01             0.792E-07
            -0.982E+00             0.242E-06
            -0.953E+00             0.715E-06
            -0.924E+00             0.204E-05
            -0.894E+00             0.562E-05
            -0.865E+00             0.149E-04
            -0.836E+00             0.383E-04
            -0.806E+00             0.947E-04
            -0.777E+00             0.226E-03
            -0.748E+00             0.520E-03
            -0.718E+00             0.115E-02
            -0.689E+00             0.246E-02
            -0.660E+00             0.507E-02
            -0.630E+00             0.101E-01
            -0.601E+00             0.192E-01
            -0.572E+00             0.352E-01
            -0.543E+00             0.622E-01
            -0.513E+00             0.106E+00
            -0.484E+00             0.172E+00
            -0.455E+00             0.269E+00
            -0.425E+00             0.404E+00
            -0.396E+00             0.580E+00
            -0.367E+00             0.797E+00
            -0.337E+00             0.105E+01
            -0.308E+00             0.131E+01
            -0.279E+00             0.155E+01
            -0.249E+00             0.175E+01
            -0.220E+00             0.185E+01
            -0.191E+00             0.184E+01
            -0.161E+00             0.169E+01
            -0.132E+00             0.142E+01
            -0.103E+00             0.106E+01
            -0.733E-01             0.673E+00
            -0.440E-01             0.326E+00
            -0.147E-01             0.859E-01
             0.147E-01             0.563E-25
             0.440E-01             0.859E-01
             0.733E-01             0.326E+00
             0.103E+00             0.673E+00
             0.132E+00             0.106E+01
             0.161E+00             0.142E+01
             0.191E+00             0.169E+01
             0.220E+00             0.184E+01
             0.249E+00             0.185E+01
             0.279E+00             0.175E+01
             0.308E+00             0.155E+01
             0.337E+00             0.131E+01
             0.367E+00             0.105E+01
             0.396E+00             0.797E+00
             0.425E+00             0.580E+00
             0.455E+00             0.404E+00
             0.484E+00             0.269E+00
             0.513E+00             0.172E+00
             0.543E+00             0.106E+00
             0.572E+00             0.622E-01
             0.601E+00             0.352E-01
             0.630E+00             0.192E-01
             0.660E+00             0.101E-01
             0.689E+00             0.507E-02
             0.718E+00             0.246E-02
             0.748E+00             0.115E-02
             0.777E+00             0.520E-03
             0.806E+00             0.226E-03
             0.836E+00             0.947E-04
             0.865E+00             0.383E-04
             0.894E+00             0.149E-04
             0.924E+00             0.562E-05
             0.953E+00             0.204E-05
             0.982E+00             0.715E-06
             0.101E+01             0.242E-06
             0.104E+01             0.792E-07
             0.107E+01             0.250E-07
             0.110E+01             0.763E-08
             0.113E+01             0.225E-08
             0.116E+01             0.640E-09
             0.119E+01             0.176E-09
             0.122E+01             0.469E-10
             0.125E+01             0.121E-10
             0.128E+01             0.300E-11
             0.130E+01             0.722E-12
             0.133E+01             0.168E-12
             0.136E+01             0.378E-13
             0.139E+01             0.823E-14
             0.142E+01             0.173E-14
             0.145E+01             0.354E-15
             0.148E+01             0.698E-16
             0.151E+01             0.133E-16
             0.154E+01             0.247E-17
             0.157E+01             0.442E-18
             0.160E+01             0.766E-19
             0.163E+01             0.129E-19
             0.166E+01             0.209E-20
             0.169E+01             0.330E-21
             0.172E+01             0.503E-22
             0.174E+01             0.745E-23
             0.177E+01             0.107E-23
             0.180E+01             0.148E-24
             0.183E+01             0.205E-25
             0.186E+01             0.297E-26
             0.189E+01             0.340E-27
             0.192E+01             0.438E-28
             0.195E+01             0.374E-29
             0.198E+01             0.740E-30
             0.201E+01             0.554E-30
             0.204E+01             0.513E-31
             0.207E+01             0.135E-30
             0.210E+01             0.536E-31
             0.213E+01             0.368E-30
             0.216E+01             0.470E-31
             0.218E+01             0.257E-29
             0.221E+01             0.202E-30
             0.224E+01             0.419E-29
             0.227E+01             0.469E-31
             0.230E+01             0.204E-29
             0.233E+01             0.196E-29
             0.236E+01             0.177E-30
             0.239E+01             0.925E-30
             0.242E+01             0.181E-30
             0.245E+01             0.229E-31
             0.248E+01             0.552E-31
             0.251E+01             0.195E-30
             0.254E+01             0.154E-31
             0.257E+01             0.302E-30
             0.260E+01             0.652E-30
             0.262E+01             0.115E-31
             0.265E+01             0.150E-30
             0.268E+01             0.334E-30
             0.271E+01             0.865E-32
             0.274E+01             0.130E-30
             0.277E+01             0.166E-29
             0.280E+01             0.474E-32
             0.283E+01             0.956E-32
             0.286E+01             0.987E-32
             0.289E+01             0.643E-32
             0.292E+01             0.223E-29
             0.295E+01             0.112E-29
             0.298E+01             0.765E-30
             0.301E+01             0.301E-33
             0.304E+01             0.352E-31
             0.306E+01             0.903E-32
             0.309E+01             0.143E-29
             0.312E+01             0.823E-33
             0.315E+01             0.797E-31
             0.318E+01             0.121E-30
             0.321E+01             0.151E-30
             0.324E+01             0.408E-30
             0.327E+01             0.328E-31
             0.330E+01             0.152E-30
             0.333E+01             0.595E-31
             0.336E+01             0.100E-31
             0.339E+01             0.326E-30
             0.342E+01             0.747E-31
             0.345E+01             0.630E-30
             0.348E+01             0.428E-31
             0.350E+01             0.477E-32
             0.353E+01             0.226E-29
             0.356E+01             0.348E-30
             0.359E+01             0.557E-30
             0.362E+01             0.183E-31
             0.365E+01             0.344E-31
             0.368E+01             0.617E-30
             0.371E+01             0.319E-30
             0.374E+01             0.503E-30
             0.377E+01             0.697E-30
             0.380E+01             0.465E-30
             0.383E+01             0.378E-30
             0.386E+01             0.732E-30
             0.389E+01             0.255E-30
             0.391E+01             0.389E-30
             0.394E+01             0.414E-30
             0.397E+01             0.663E-30
             0.400E+01             0.108E-30
             0.403E+01             0.773E-30
             0.406E+01             0.128E-30
             0.409E+01             0.369E-32
             0.412E+01             0.289E-31
             0.415E+01             0.318E-29
             0.418E+01             0.657E-31
             0.421E+01             0.329E-30
             0.424E+01             0.208E-29
             0.427E+01             0.220E-30
             0.430E+01             0.988E-31
             0.433E+01             0.286E-29
             0.435E+01             0.122E-29
             0.438E+01             0.584E-31
             0.441E+01             0.632E-30
             0.444E+01             0.575E-31
             0.447E+01             0.972E-30
             0.450E+01             0.172E-30
             0.453E+01             0.276E-29
             0.456E+01             0.294E-31
             0.459E+01             0.185E-30
             0.462E+01             0.209E-30
             0.465E+01             0.259E-31
             0.468E+01             0.375E-31
             0.471E+01             0.544E-30
             0.474E+01             0.199E-30
             0.477E+01             0.829E-30
             0.479E+01             0.943E-31
             0.482E+01             0.156E-29
             0.485E+01             0.770E-30
             0.488E+01             0.153E-29
             0.491E+01             0.156E-30
             0.494E+01             0.261E-29
             0.497E+01             0.240E-30
             0.500E+01             0.227E-29
