            -0.299E+01             0.472E-71
            -0.299E+01             0.206E-70
            -0.298E+01             0.534E-70
            -0.298E+01             0.115E-69
            -0.297E+01             0.228E-69
            -0.297E+01             0.432E-69
            -0.296E+01             0.800E-69
            -0.296E+01             0.146E-68
            -0.295E+01             0.266E-68
            -0.295E+01             0.481E-68
            -0.294E+01             0.867E-68
            -0.294E+01             0.156E-67
            -0.293E+01             0.280E-67
            -0.293E+01             0.502E-67
            -0.292E+01             0.900E-67
            -0.292E+01             0.161E-66
            -0.291E+01             0.288E-66
            -0.291E+01             0.514E-66
            -0.290E+01             0.916E-66
            -0.290E+01             0.163E-65
            -0.289E+01             0.291E-65
            -0.289E+01             0.517E-65
            -0.288E+01             0.918E-65
            -0.288E+01             0.163E-64
            -0.287E+01             0.289E-64
            -0.287E+01             0.511E-64
            -0.286E+01             0.904E-64
            -0.286E+01             0.160E-63
            -0.285E+01             0.282E-63
            -0.285E+01             0.497E-63
            -0.284E+01             0.875E-63
            -0.284E+01             0.154E-62
            -0.283E+01             0.271E-62
            -0.283E+01             0.475E-62
            -0.282E+01             0.833E-62
            -0.282E+01             0.146E-61
            -0.281E+01             0.256E-61
            -0.281E+01             0.447E-61
            -0.280E+01             0.781E-61
            -0.280E+01             0.136E-60
            -0.279E+01             0.237E-60
            -0.279E+01             0.413E-60
            -0.278E+01             0.719E-60
            -0.278E+01             0.125E-59
            -0.277E+01             0.217E-59
            -0.277E+01             0.376E-59
            -0.276E+01             0.652E-59
            -0.276E+01             0.113E-58
            -0.275E+01             0.195E-58
            -0.275E+01             0.337E-58
            -0.274E+01             0.581E-58
            -0.274E+01             0.100E-57
            -0.273E+01             0.172E-57
            -0.273E+01             0.296E-57
            -0.272E+01             0.509E-57
            -0.272E+01             0.873E-57
            -0.271E+01             0.150E-56
            -0.271E+01             0.256E-56
            -0.270E+01             0.438E-56
            -0.270E+01             0.749E-56
            -0.269E+01             0.128E-55
            -0.269E+01             0.218E-55
            -0.268E+01             0.371E-55
            -0.267E+01             0.632E-55
            -0.267E+01             0.107E-54
            -0.266E+01             0.182E-54
            -0.266E+01             0.310E-54
            -0.265E+01             0.525E-54
            -0.265E+01             0.888E-54
            -0.264E+01             0.150E-53
            -0.264E+01             0.254E-53
            -0.263E+01             0.428E-53
            -0.263E+01             0.722E-53
            -0.262E+01             0.122E-52
            -0.262E+01             0.204E-52
            -0.261E+01             0.344E-52
            -0.261E+01             0.577E-52
            -0.260E+01             0.967E-52
            -0.260E+01             0.162E-51
            -0.259E+01             0.271E-51
            -0.259E+01             0.453E-51
            -0.258E+01             0.757E-51
            -0.258E+01             0.126E-50
            -0.257E+01             0.210E-50
            -0.257E+01             0.350E-50
            -0.256E+01             0.583E-50
            -0.256E+01             0.968E-50
            -0.255E+01             0.161E-49
            -0.255E+01             0.266E-49
            -0.254E+01             0.441E-49
            -0.254E+01             0.730E-49
            -0.253E+01             0.121E-48
            -0.253E+01             0.199E-48
            -0.252E+01             0.328E-48
            -0.252E+01             0.541E-48
            -0.251E+01             0.890E-48
            -0.251E+01             0.146E-47
            -0.250E+01             0.240E-47
            -0.250E+01             0.394E-47
            -0.249E+01             0.646E-47
            -0.249E+01             0.106E-46
            -0.248E+01             0.173E-46
            -0.248E+01             0.282E-46
            -0.247E+01             0.461E-46
            -0.247E+01             0.751E-46
            -0.246E+01             0.122E-45
            -0.246E+01             0.199E-45
            -0.245E+01             0.323E-45
            -0.245E+01             0.525E-45
            -0.244E+01             0.851E-45
            -0.244E+01             0.138E-44
            -0.243E+01             0.223E-44
            -0.243E+01             0.361E-44
            -0.242E+01             0.582E-44
            -0.242E+01             0.940E-44
            -0.241E+01             0.151E-43
            -0.241E+01             0.244E-43
            -0.240E+01             0.392E-43
            -0.240E+01             0.630E-43
            -0.239E+01             0.101E-42
            -0.239E+01             0.162E-42
            -0.238E+01             0.259E-42
            -0.238E+01             0.415E-42
            -0.237E+01             0.663E-42
            -0.236E+01             0.106E-41
            -0.236E+01             0.169E-41
            -0.235E+01             0.269E-41
            -0.235E+01             0.428E-41
            -0.234E+01             0.680E-41
            -0.234E+01             0.108E-40
            -0.233E+01             0.171E-40
            -0.233E+01             0.271E-40
            -0.232E+01             0.429E-40
            -0.232E+01             0.679E-40
            -0.231E+01             0.107E-39
            -0.231E+01             0.169E-39
            -0.230E+01             0.267E-39
            -0.230E+01             0.420E-39
            -0.229E+01             0.660E-39
            -0.229E+01             0.104E-38
            -0.228E+01             0.163E-38
            -0.228E+01             0.255E-38
            -0.227E+01             0.400E-38
            -0.227E+01             0.625E-38
            -0.226E+01             0.977E-38
            -0.226E+01             0.153E-37
            -0.225E+01             0.238E-37
            -0.225E+01             0.371E-37
            -0.224E+01             0.577E-37
            -0.224E+01             0.897E-37
            -0.223E+01             0.139E-36
            -0.223E+01             0.216E-36
            -0.222E+01             0.335E-36
            -0.222E+01             0.518E-36
            -0.221E+01             0.802E-36
            -0.221E+01             0.124E-35
            -0.220E+01             0.191E-35
            -0.220E+01             0.295E-35
            -0.219E+01             0.454E-35
            -0.219E+01             0.698E-35
            -0.218E+01             0.107E-34
            -0.218E+01             0.165E-34
            -0.217E+01             0.252E-34
            -0.217E+01             0.387E-34
            -0.216E+01             0.592E-34
            -0.216E+01             0.904E-34
            -0.215E+01             0.138E-33
            -0.215E+01             0.211E-33
            -0.214E+01             0.321E-33
            -0.214E+01             0.488E-33
            -0.213E+01             0.743E-33
            -0.213E+01             0.113E-32
            -0.212E+01             0.171E-32
            -0.212E+01             0.259E-32
            -0.211E+01             0.393E-32
            -0.211E+01             0.594E-32
            -0.210E+01             0.897E-32
            -0.210E+01             0.135E-31
            -0.209E+01             0.204E-31
            -0.209E+01             0.307E-31
            -0.208E+01             0.462E-31
            -0.208E+01             0.695E-31
            -0.207E+01             0.104E-30
            -0.207E+01             0.156E-30
            -0.206E+01             0.234E-30
            -0.206E+01             0.351E-30
            -0.205E+01             0.524E-30
            -0.204E+01             0.783E-30
            -0.204E+01             0.117E-29
            -0.203E+01             0.174E-29
            -0.203E+01             0.259E-29
            -0.202E+01             0.385E-29
            -0.202E+01             0.572E-29
            -0.201E+01             0.848E-29
            -0.201E+01             0.126E-28
            -0.200E+01             0.186E-28
            -0.200E+01             0.275E-28
            -0.199E+01             0.407E-28
            -0.199E+01             0.600E-28
            -0.198E+01             0.885E-28
            -0.198E+01             0.130E-27
            -0.197E+01             0.192E-27
            -0.197E+01             0.282E-27
            -0.196E+01             0.413E-27
            -0.196E+01             0.606E-27
            -0.195E+01             0.888E-27
            -0.195E+01             0.130E-26
            -0.194E+01             0.190E-26
            -0.194E+01             0.277E-26
            -0.193E+01             0.404E-26
            -0.193E+01             0.589E-26
            -0.192E+01             0.857E-26
            -0.192E+01             0.125E-25
            -0.191E+01             0.181E-25
            -0.191E+01             0.263E-25
            -0.190E+01             0.381E-25
            -0.190E+01             0.551E-25
            -0.189E+01             0.797E-25
            -0.189E+01             0.115E-24
            -0.188E+01             0.166E-24
            -0.188E+01             0.239E-24
            -0.187E+01             0.345E-24
            -0.187E+01             0.496E-24
            -0.186E+01             0.712E-24
            -0.186E+01             0.102E-23
            -0.185E+01             0.147E-23
            -0.185E+01             0.210E-23
            -0.184E+01             0.300E-23
            -0.184E+01             0.429E-23
            -0.183E+01             0.612E-23
            -0.183E+01             0.873E-23
            -0.182E+01             0.124E-22
            -0.182E+01             0.177E-22
            -0.181E+01             0.252E-22
            -0.181E+01             0.357E-22
            -0.180E+01             0.507E-22
            -0.180E+01             0.718E-22
            -0.179E+01             0.102E-21
            -0.179E+01             0.144E-21
            -0.178E+01             0.203E-21
            -0.178E+01             0.286E-21
            -0.177E+01             0.403E-21
            -0.177E+01             0.568E-21
            -0.176E+01             0.798E-21
            -0.176E+01             0.112E-20
            -0.175E+01             0.157E-20
            -0.175E+01             0.220E-20
            -0.174E+01             0.309E-20
            -0.173E+01             0.432E-20
            -0.173E+01             0.603E-20
            -0.172E+01             0.842E-20
            -0.172E+01             0.117E-19
            -0.171E+01             0.163E-19
            -0.171E+01             0.227E-19
            -0.170E+01             0.316E-19
            -0.170E+01             0.438E-19
            -0.169E+01             0.608E-19
            -0.169E+01             0.842E-19
            -0.168E+01             0.116E-18
            -0.168E+01             0.161E-18
            -0.167E+01             0.222E-18
            -0.167E+01             0.306E-18
            -0.166E+01             0.422E-18
            -0.166E+01             0.581E-18
            -0.165E+01             0.798E-18
            -0.165E+01             0.110E-17
            -0.164E+01             0.150E-17
            -0.164E+01             0.206E-17
            -0.163E+01             0.282E-17
            -0.163E+01             0.385E-17
            -0.162E+01             0.526E-17
            -0.162E+01             0.717E-17
            -0.161E+01             0.977E-17
            -0.161E+01             0.133E-16
            -0.160E+01             0.181E-16
            -0.160E+01             0.246E-16
            -0.159E+01             0.333E-16
            -0.159E+01             0.452E-16
            -0.158E+01             0.611E-16
            -0.158E+01             0.826E-16
            -0.157E+01             0.112E-15
            -0.157E+01             0.151E-15
            -0.156E+01             0.203E-15
            -0.156E+01             0.273E-15
            -0.155E+01             0.367E-15
            -0.155E+01             0.494E-15
            -0.154E+01             0.662E-15
            -0.154E+01             0.888E-15
            -0.153E+01             0.119E-14
            -0.153E+01             0.159E-14
            -0.152E+01             0.212E-14
            -0.152E+01             0.283E-14
            -0.151E+01             0.378E-14
            -0.151E+01             0.503E-14
            -0.150E+01             0.669E-14
            -0.150E+01             0.889E-14
            -0.149E+01             0.118E-13
            -0.149E+01             0.156E-13
            -0.148E+01             0.207E-13
            -0.148E+01             0.274E-13
            -0.147E+01             0.362E-13
            -0.147E+01             0.478E-13
            -0.146E+01             0.630E-13
            -0.146E+01             0.829E-13
            -0.145E+01             0.109E-12
            -0.145E+01             0.143E-12
            -0.144E+01             0.188E-12
            -0.144E+01             0.247E-12
            -0.143E+01             0.323E-12
            -0.143E+01             0.422E-12
            -0.142E+01             0.552E-12
            -0.141E+01             0.720E-12
            -0.141E+01             0.939E-12
            -0.140E+01             0.122E-11
            -0.140E+01             0.159E-11
            -0.139E+01             0.207E-11
            -0.139E+01             0.268E-11
            -0.138E+01             0.348E-11
            -0.138E+01             0.451E-11
            -0.137E+01             0.583E-11
            -0.137E+01             0.753E-11
            -0.136E+01             0.972E-11
            -0.136E+01             0.125E-10
            -0.135E+01             0.161E-10
            -0.135E+01             0.208E-10
            -0.134E+01             0.267E-10
            -0.134E+01             0.343E-10
            -0.133E+01             0.439E-10
            -0.133E+01             0.562E-10
            -0.132E+01             0.719E-10
            -0.132E+01             0.919E-10
            -0.131E+01             0.117E-09
            -0.131E+01             0.150E-09
            -0.130E+01             0.190E-09
            -0.130E+01             0.242E-09
            -0.129E+01             0.308E-09
            -0.129E+01             0.391E-09
            -0.128E+01             0.495E-09
            -0.128E+01             0.627E-09
            -0.127E+01             0.793E-09
            -0.127E+01             0.100E-08
            -0.126E+01             0.126E-08
            -0.126E+01             0.159E-08
            -0.125E+01             0.201E-08
            -0.125E+01             0.252E-08
            -0.124E+01             0.317E-08
            -0.124E+01             0.398E-08
            -0.123E+01             0.499E-08
            -0.123E+01             0.624E-08
            -0.122E+01             0.781E-08
            -0.122E+01             0.975E-08
            -0.121E+01             0.122E-07
            -0.121E+01             0.152E-07
            -0.120E+01             0.189E-07
            -0.120E+01             0.235E-07
            -0.119E+01             0.291E-07
            -0.119E+01             0.361E-07
            -0.118E+01             0.448E-07
            -0.118E+01             0.554E-07
            -0.117E+01             0.685E-07
            -0.117E+01             0.846E-07
            -0.116E+01             0.104E-06
            -0.116E+01             0.129E-06
            -0.115E+01             0.158E-06
            -0.115E+01             0.194E-06
            -0.114E+01             0.239E-06
            -0.114E+01             0.293E-06
            -0.113E+01             0.358E-06
            -0.113E+01             0.438E-06
            -0.112E+01             0.536E-06
            -0.112E+01             0.654E-06
            -0.111E+01             0.797E-06
            -0.110E+01             0.970E-06
            -0.110E+01             0.118E-05
            -0.109E+01             0.143E-05
            -0.109E+01             0.174E-05
            -0.108E+01             0.211E-05
            -0.108E+01             0.255E-05
            -0.107E+01             0.309E-05
            -0.107E+01             0.373E-05
            -0.106E+01             0.449E-05
            -0.106E+01             0.541E-05
            -0.105E+01             0.651E-05
            -0.105E+01             0.783E-05
            -0.104E+01             0.940E-05
            -0.104E+01             0.113E-04
            -0.103E+01             0.135E-04
            -0.103E+01             0.161E-04
            -0.102E+01             0.193E-04
            -0.102E+01             0.230E-04
            -0.101E+01             0.274E-04
            -0.101E+01             0.326E-04
            -0.100E+01             0.388E-04
            -0.998E+00             0.461E-04
            -0.993E+00             0.547E-04
            -0.988E+00             0.648E-04
            -0.983E+00             0.766E-04
            -0.978E+00             0.906E-04
            -0.973E+00             0.107E-03
            -0.968E+00             0.126E-03
            -0.963E+00             0.148E-03
            -0.958E+00             0.174E-03
            -0.953E+00             0.205E-03
            -0.948E+00             0.240E-03
            -0.942E+00             0.282E-03
            -0.937E+00             0.330E-03
            -0.932E+00             0.385E-03
            -0.927E+00             0.450E-03
            -0.922E+00             0.524E-03
            -0.917E+00             0.610E-03
            -0.912E+00             0.710E-03
            -0.907E+00             0.825E-03
            -0.902E+00             0.956E-03
            -0.897E+00             0.111E-02
            -0.892E+00             0.128E-02
            -0.887E+00             0.148E-02
            -0.881E+00             0.171E-02
            -0.876E+00             0.197E-02
            -0.871E+00             0.227E-02
            -0.866E+00             0.261E-02
            -0.861E+00             0.300E-02
            -0.856E+00             0.344E-02
            -0.851E+00             0.393E-02
            -0.846E+00             0.450E-02
            -0.841E+00             0.514E-02
            -0.836E+00             0.586E-02
            -0.831E+00             0.668E-02
            -0.826E+00             0.760E-02
            -0.820E+00             0.864E-02
            -0.815E+00             0.980E-02
            -0.810E+00             0.111E-01
            -0.805E+00             0.126E-01
            -0.800E+00             0.142E-01
            -0.795E+00             0.160E-01
            -0.790E+00             0.181E-01
            -0.785E+00             0.204E-01
            -0.780E+00             0.229E-01
            -0.775E+00             0.257E-01
            -0.770E+00             0.288E-01
            -0.765E+00             0.323E-01
            -0.760E+00             0.361E-01
            -0.754E+00             0.403E-01
            -0.749E+00             0.449E-01
            -0.744E+00             0.500E-01
            -0.739E+00             0.556E-01
            -0.734E+00             0.617E-01
            -0.729E+00             0.684E-01
            -0.724E+00             0.757E-01
            -0.719E+00             0.837E-01
            -0.714E+00             0.924E-01
            -0.709E+00             0.102E+00
            -0.704E+00             0.112E+00
            -0.699E+00             0.123E+00
            -0.693E+00             0.135E+00
            -0.688E+00             0.148E+00
            -0.683E+00             0.162E+00
            -0.678E+00             0.177E+00
            -0.673E+00             0.193E+00
            -0.668E+00             0.211E+00
            -0.663E+00             0.229E+00
            -0.658E+00             0.249E+00
            -0.653E+00             0.270E+00
            -0.648E+00             0.292E+00
            -0.643E+00             0.316E+00
            -0.638E+00             0.341E+00
            -0.633E+00             0.367E+00
            -0.627E+00             0.395E+00
            -0.622E+00             0.424E+00
            -0.617E+00             0.455E+00
            -0.612E+00             0.487E+00
            -0.607E+00             0.520E+00
            -0.602E+00             0.555E+00
            -0.597E+00             0.591E+00
            -0.592E+00             0.628E+00
            -0.587E+00             0.667E+00
            -0.582E+00             0.706E+00
            -0.577E+00             0.747E+00
            -0.572E+00             0.788E+00
            -0.566E+00             0.831E+00
            -0.561E+00             0.873E+00
            -0.556E+00             0.917E+00
            -0.551E+00             0.961E+00
            -0.546E+00             0.100E+01
            -0.541E+00             0.105E+01
            -0.536E+00             0.109E+01
            -0.531E+00             0.113E+01
            -0.526E+00             0.118E+01
            -0.521E+00             0.122E+01
            -0.516E+00             0.126E+01
            -0.511E+00             0.130E+01
            -0.506E+00             0.133E+01
            -0.500E+00             0.137E+01
            -0.495E+00             0.140E+01
            -0.490E+00             0.143E+01
            -0.485E+00             0.146E+01
            -0.480E+00             0.148E+01
            -0.475E+00             0.150E+01
            -0.470E+00             0.152E+01
            -0.465E+00             0.153E+01
            -0.460E+00             0.154E+01
            -0.455E+00             0.155E+01
            -0.450E+00             0.155E+01
            -0.445E+00             0.154E+01
            -0.439E+00             0.153E+01
            -0.434E+00             0.152E+01
            -0.429E+00             0.150E+01
            -0.424E+00             0.147E+01
            -0.419E+00             0.144E+01
            -0.414E+00             0.141E+01
            -0.409E+00             0.137E+01
            -0.404E+00             0.133E+01
            -0.399E+00             0.128E+01
            -0.394E+00             0.123E+01
            -0.389E+00             0.118E+01
            -0.384E+00             0.112E+01
            -0.378E+00             0.106E+01
            -0.373E+00             0.992E+00
            -0.368E+00             0.925E+00
            -0.363E+00             0.858E+00
            -0.358E+00             0.789E+00
            -0.353E+00             0.719E+00
            -0.348E+00             0.650E+00
            -0.343E+00             0.581E+00
            -0.338E+00             0.514E+00
            -0.333E+00             0.448E+00
            -0.328E+00             0.385E+00
            -0.323E+00             0.324E+00
            -0.318E+00             0.268E+00
            -0.312E+00             0.216E+00
            -0.307E+00             0.168E+00
            -0.302E+00             0.125E+00
            -0.297E+00             0.886E-01
            -0.292E+00             0.577E-01
            -0.287E+00             0.332E-01
            -0.282E+00             0.153E-01
            -0.277E+00             0.421E-02
            -0.272E+00             0.346E-04
            -0.267E+00             0.283E-02
            -0.262E+00             0.126E-01
            -0.257E+00             0.291E-01
            -0.251E+00             0.523E-01
            -0.246E+00             0.818E-01
            -0.241E+00             0.117E+00
            -0.236E+00             0.159E+00
            -0.231E+00             0.205E+00
            -0.226E+00             0.255E+00
            -0.221E+00             0.310E+00
            -0.216E+00             0.368E+00
            -0.211E+00             0.428E+00
            -0.206E+00             0.490E+00
            -0.201E+00             0.553E+00
            -0.196E+00             0.615E+00
            -0.191E+00             0.678E+00
            -0.185E+00             0.738E+00
            -0.180E+00             0.796E+00
            -0.175E+00             0.851E+00
            -0.170E+00             0.902E+00
            -0.165E+00             0.948E+00
            -0.160E+00             0.989E+00
            -0.155E+00             0.102E+01
            -0.150E+00             0.105E+01
            -0.145E+00             0.108E+01
            -0.140E+00             0.109E+01
            -0.135E+00             0.110E+01
            -0.130E+00             0.110E+01
            -0.124E+00             0.109E+01
            -0.119E+00             0.108E+01
            -0.114E+00             0.105E+01
            -0.109E+00             0.102E+01
            -0.104E+00             0.988E+00
            -0.991E-01             0.946E+00
            -0.940E-01             0.898E+00
            -0.889E-01             0.846E+00
            -0.838E-01             0.789E+00
            -0.787E-01             0.729E+00
            -0.737E-01             0.667E+00
            -0.686E-01             0.602E+00
            -0.635E-01             0.537E+00
            -0.584E-01             0.472E+00
            -0.533E-01             0.408E+00
            -0.483E-01             0.346E+00
            -0.432E-01             0.287E+00
            -0.381E-01             0.232E+00
            -0.330E-01             0.181E+00
            -0.279E-01             0.135E+00
            -0.229E-01             0.948E-01
            -0.178E-01             0.614E-01
            -0.127E-01             0.348E-01
            -0.762E-02             0.156E-01
            -0.254E-02             0.390E-02
             0.254E-02             0.281E-24
             0.762E-02             0.390E-02
             0.127E-01             0.156E-01
             0.178E-01             0.348E-01
             0.229E-01             0.614E-01
             0.279E-01             0.948E-01
             0.330E-01             0.135E+00
             0.381E-01             0.181E+00
             0.432E-01             0.232E+00
             0.483E-01             0.287E+00
             0.533E-01             0.346E+00
             0.584E-01             0.408E+00
             0.635E-01             0.472E+00
             0.686E-01             0.537E+00
             0.737E-01             0.602E+00
             0.787E-01             0.667E+00
             0.838E-01             0.729E+00
             0.889E-01             0.789E+00
             0.940E-01             0.846E+00
             0.991E-01             0.898E+00
             0.104E+00             0.946E+00
             0.109E+00             0.988E+00
             0.114E+00             0.102E+01
             0.119E+00             0.105E+01
             0.124E+00             0.108E+01
             0.130E+00             0.109E+01
             0.135E+00             0.110E+01
             0.140E+00             0.110E+01
             0.145E+00             0.109E+01
             0.150E+00             0.108E+01
             0.155E+00             0.105E+01
             0.160E+00             0.102E+01
             0.165E+00             0.989E+00
             0.170E+00             0.948E+00
             0.175E+00             0.902E+00
             0.180E+00             0.851E+00
             0.185E+00             0.796E+00
             0.191E+00             0.738E+00
             0.196E+00             0.678E+00
             0.201E+00             0.615E+00
             0.206E+00             0.553E+00
             0.211E+00             0.490E+00
             0.216E+00             0.428E+00
             0.221E+00             0.368E+00
             0.226E+00             0.310E+00
             0.231E+00             0.255E+00
             0.236E+00             0.205E+00
             0.241E+00             0.159E+00
             0.246E+00             0.117E+00
             0.251E+00             0.818E-01
             0.257E+00             0.523E-01
             0.262E+00             0.291E-01
             0.267E+00             0.126E-01
             0.272E+00             0.283E-02
             0.277E+00             0.346E-04
             0.282E+00             0.421E-02
             0.287E+00             0.153E-01
             0.292E+00             0.332E-01
             0.297E+00             0.577E-01
             0.302E+00             0.886E-01
             0.307E+00             0.125E+00
             0.312E+00             0.168E+00
             0.318E+00             0.216E+00
             0.323E+00             0.268E+00
             0.328E+00             0.324E+00
             0.333E+00             0.385E+00
             0.338E+00             0.448E+00
             0.343E+00             0.514E+00
             0.348E+00             0.581E+00
             0.353E+00             0.650E+00
             0.358E+00             0.719E+00
             0.363E+00             0.789E+00
             0.368E+00             0.858E+00
             0.373E+00             0.925E+00
             0.378E+00             0.992E+00
             0.384E+00             0.106E+01
             0.389E+00             0.112E+01
             0.394E+00             0.118E+01
             0.399E+00             0.123E+01
             0.404E+00             0.128E+01
             0.409E+00             0.133E+01
             0.414E+00             0.137E+01
             0.419E+00             0.141E+01
             0.424E+00             0.144E+01
             0.429E+00             0.147E+01
             0.434E+00             0.150E+01
             0.439E+00             0.152E+01
             0.445E+00             0.153E+01
             0.450E+00             0.154E+01
             0.455E+00             0.155E+01
             0.460E+00             0.155E+01
             0.465E+00             0.154E+01
             0.470E+00             0.153E+01
             0.475E+00             0.152E+01
             0.480E+00             0.150E+01
             0.485E+00             0.148E+01
             0.490E+00             0.146E+01
             0.495E+00             0.143E+01
             0.500E+00             0.140E+01
             0.506E+00             0.137E+01
             0.511E+00             0.133E+01
             0.516E+00             0.130E+01
             0.521E+00             0.126E+01
             0.526E+00             0.122E+01
             0.531E+00             0.118E+01
             0.536E+00             0.113E+01
             0.541E+00             0.109E+01
             0.546E+00             0.105E+01
             0.551E+00             0.100E+01
             0.556E+00             0.961E+00
             0.561E+00             0.917E+00
             0.566E+00             0.873E+00
             0.572E+00             0.831E+00
             0.577E+00             0.788E+00
             0.582E+00             0.747E+00
             0.587E+00             0.706E+00
             0.592E+00             0.667E+00
             0.597E+00             0.628E+00
             0.602E+00             0.591E+00
             0.607E+00             0.555E+00
             0.612E+00             0.520E+00
             0.617E+00             0.487E+00
             0.622E+00             0.455E+00
             0.627E+00             0.424E+00
             0.633E+00             0.395E+00
             0.638E+00             0.367E+00
             0.643E+00             0.341E+00
             0.648E+00             0.316E+00
             0.653E+00             0.292E+00
             0.658E+00             0.270E+00
             0.663E+00             0.249E+00
             0.668E+00             0.229E+00
             0.673E+00             0.211E+00
             0.678E+00             0.193E+00
             0.683E+00             0.177E+00
             0.688E+00             0.162E+00
             0.693E+00             0.148E+00
             0.699E+00             0.135E+00
             0.704E+00             0.123E+00
             0.709E+00             0.112E+00
             0.714E+00             0.102E+00
             0.719E+00             0.924E-01
             0.724E+00             0.837E-01
             0.729E+00             0.757E-01
             0.734E+00             0.684E-01
             0.739E+00             0.617E-01
             0.744E+00             0.556E-01
             0.749E+00             0.500E-01
             0.754E+00             0.449E-01
             0.760E+00             0.403E-01
             0.765E+00             0.361E-01
             0.770E+00             0.323E-01
             0.775E+00             0.288E-01
             0.780E+00             0.257E-01
             0.785E+00             0.229E-01
             0.790E+00             0.204E-01
             0.795E+00             0.181E-01
             0.800E+00             0.160E-01
             0.805E+00             0.142E-01
             0.810E+00             0.126E-01
             0.815E+00             0.111E-01
             0.820E+00             0.980E-02
             0.826E+00             0.864E-02
             0.831E+00             0.760E-02
             0.836E+00             0.668E-02
             0.841E+00             0.586E-02
             0.846E+00             0.514E-02
             0.851E+00             0.450E-02
             0.856E+00             0.393E-02
             0.861E+00             0.344E-02
             0.866E+00             0.300E-02
             0.871E+00             0.261E-02
             0.876E+00             0.227E-02
             0.881E+00             0.197E-02
             0.887E+00             0.171E-02
             0.892E+00             0.148E-02
             0.897E+00             0.128E-02
             0.902E+00             0.111E-02
             0.907E+00             0.956E-03
             0.912E+00             0.825E-03
             0.917E+00             0.710E-03
             0.922E+00             0.610E-03
             0.927E+00             0.524E-03
             0.932E+00             0.450E-03
             0.937E+00             0.385E-03
             0.942E+00             0.330E-03
             0.948E+00             0.282E-03
             0.953E+00             0.240E-03
             0.958E+00             0.205E-03
             0.963E+00             0.174E-03
             0.968E+00             0.148E-03
             0.973E+00             0.126E-03
             0.978E+00             0.107E-03
             0.983E+00             0.906E-04
             0.988E+00             0.766E-04
             0.993E+00             0.648E-04
             0.998E+00             0.547E-04
             0.100E+01             0.461E-04
             0.101E+01             0.388E-04
             0.101E+01             0.326E-04
             0.102E+01             0.274E-04
             0.102E+01             0.230E-04
             0.103E+01             0.193E-04
             0.103E+01             0.161E-04
             0.104E+01             0.135E-04
             0.104E+01             0.113E-04
             0.105E+01             0.940E-05
             0.105E+01             0.783E-05
             0.106E+01             0.651E-05
             0.106E+01             0.541E-05
             0.107E+01             0.449E-05
             0.107E+01             0.373E-05
             0.108E+01             0.309E-05
             0.108E+01             0.255E-05
             0.109E+01             0.211E-05
             0.109E+01             0.174E-05
             0.110E+01             0.143E-05
             0.110E+01             0.118E-05
             0.111E+01             0.970E-06
             0.112E+01             0.797E-06
             0.112E+01             0.654E-06
             0.113E+01             0.536E-06
             0.113E+01             0.438E-06
             0.114E+01             0.358E-06
             0.114E+01             0.293E-06
             0.115E+01             0.239E-06
             0.115E+01             0.194E-06
             0.116E+01             0.158E-06
             0.116E+01             0.129E-06
             0.117E+01             0.104E-06
             0.117E+01             0.846E-07
             0.118E+01             0.685E-07
             0.118E+01             0.554E-07
             0.119E+01             0.448E-07
             0.119E+01             0.361E-07
             0.120E+01             0.291E-07
             0.120E+01             0.235E-07
             0.121E+01             0.189E-07
             0.121E+01             0.152E-07
             0.122E+01             0.122E-07
             0.122E+01             0.975E-08
             0.123E+01             0.781E-08
             0.123E+01             0.624E-08
             0.124E+01             0.499E-08
             0.124E+01             0.398E-08
             0.125E+01             0.317E-08
             0.125E+01             0.252E-08
             0.126E+01             0.201E-08
             0.126E+01             0.159E-08
             0.127E+01             0.126E-08
             0.127E+01             0.100E-08
             0.128E+01             0.793E-09
             0.128E+01             0.627E-09
             0.129E+01             0.495E-09
             0.129E+01             0.391E-09
             0.130E+01             0.308E-09
             0.130E+01             0.242E-09
             0.131E+01             0.190E-09
             0.131E+01             0.150E-09
             0.132E+01             0.117E-09
             0.132E+01             0.919E-10
             0.133E+01             0.719E-10
             0.133E+01             0.562E-10
             0.134E+01             0.439E-10
             0.134E+01             0.343E-10
             0.135E+01             0.267E-10
             0.135E+01             0.208E-10
             0.136E+01             0.161E-10
             0.136E+01             0.125E-10
             0.137E+01             0.972E-11
             0.137E+01             0.753E-11
             0.138E+01             0.583E-11
             0.138E+01             0.451E-11
             0.139E+01             0.348E-11
             0.139E+01             0.268E-11
             0.140E+01             0.207E-11
             0.140E+01             0.159E-11
             0.141E+01             0.122E-11
             0.141E+01             0.939E-12
             0.142E+01             0.720E-12
             0.143E+01             0.552E-12
             0.143E+01             0.422E-12
             0.144E+01             0.323E-12
             0.144E+01             0.247E-12
             0.145E+01             0.188E-12
             0.145E+01             0.143E-12
             0.146E+01             0.109E-12
             0.146E+01             0.829E-13
             0.147E+01             0.630E-13
             0.147E+01             0.478E-13
             0.148E+01             0.362E-13
             0.148E+01             0.274E-13
             0.149E+01             0.207E-13
             0.149E+01             0.156E-13
             0.150E+01             0.118E-13
             0.150E+01             0.889E-14
             0.151E+01             0.669E-14
             0.151E+01             0.503E-14
             0.152E+01             0.378E-14
             0.152E+01             0.283E-14
             0.153E+01             0.212E-14
             0.153E+01             0.159E-14
             0.154E+01             0.119E-14
             0.154E+01             0.888E-15
             0.155E+01             0.662E-15
             0.155E+01             0.494E-15
             0.156E+01             0.367E-15
             0.156E+01             0.273E-15
             0.157E+01             0.203E-15
             0.157E+01             0.151E-15
             0.158E+01             0.112E-15
             0.158E+01             0.826E-16
             0.159E+01             0.611E-16
             0.159E+01             0.452E-16
             0.160E+01             0.333E-16
             0.160E+01             0.246E-16
             0.161E+01             0.181E-16
             0.161E+01             0.133E-16
             0.162E+01             0.977E-17
             0.162E+01             0.717E-17
             0.163E+01             0.526E-17
             0.163E+01             0.385E-17
             0.164E+01             0.282E-17
             0.164E+01             0.206E-17
             0.165E+01             0.150E-17
             0.165E+01             0.110E-17
             0.166E+01             0.798E-18
             0.166E+01             0.581E-18
             0.167E+01             0.422E-18
             0.167E+01             0.306E-18
             0.168E+01             0.222E-18
             0.168E+01             0.161E-18
             0.169E+01             0.116E-18
             0.169E+01             0.842E-19
             0.170E+01             0.608E-19
             0.170E+01             0.438E-19
             0.171E+01             0.316E-19
             0.171E+01             0.227E-19
             0.172E+01             0.163E-19
             0.172E+01             0.117E-19
             0.173E+01             0.842E-20
             0.173E+01             0.603E-20
             0.174E+01             0.432E-20
             0.175E+01             0.309E-20
             0.175E+01             0.220E-20
             0.176E+01             0.157E-20
             0.176E+01             0.112E-20
             0.177E+01             0.798E-21
             0.177E+01             0.568E-21
             0.178E+01             0.404E-21
             0.178E+01             0.286E-21
             0.179E+01             0.203E-21
             0.179E+01             0.144E-21
             0.180E+01             0.102E-21
             0.180E+01             0.717E-22
             0.181E+01             0.506E-22
             0.181E+01             0.357E-22
             0.182E+01             0.252E-22
             0.182E+01             0.177E-22
             0.183E+01             0.124E-22
             0.183E+01             0.872E-23
             0.184E+01             0.612E-23
             0.184E+01             0.430E-23
             0.185E+01             0.300E-23
             0.185E+01             0.210E-23
             0.186E+01             0.147E-23
             0.186E+01             0.102E-23
             0.187E+01             0.713E-24
             0.187E+01             0.499E-24
             0.188E+01             0.347E-24
             0.188E+01             0.237E-24
             0.189E+01             0.164E-24
             0.189E+01             0.114E-24
             0.190E+01             0.778E-25
             0.190E+01             0.542E-25
             0.191E+01             0.370E-25
             0.191E+01             0.251E-25
             0.192E+01             0.174E-25
             0.192E+01             0.118E-25
             0.193E+01             0.887E-26
             0.193E+01             0.619E-26
             0.194E+01             0.391E-26
             0.194E+01             0.310E-26
             0.195E+01             0.254E-26
             0.195E+01             0.175E-26
             0.196E+01             0.828E-27
             0.196E+01             0.662E-27
             0.197E+01             0.568E-27
             0.197E+01             0.374E-27
             0.198E+01             0.229E-27
             0.198E+01             0.167E-27
             0.199E+01             0.746E-28
             0.199E+01             0.928E-29
             0.200E+01             0.223E-28
             0.200E+01             0.492E-29
             0.201E+01             0.409E-29
             0.201E+01             0.497E-30
             0.202E+01             0.399E-32
             0.202E+01             0.319E-30
             0.203E+01             0.307E-30
             0.203E+01             0.471E-28
             0.204E+01             0.248E-29
             0.204E+01             0.123E-28
             0.205E+01             0.272E-29
             0.206E+01             0.862E-29
             0.206E+01             0.992E-29
             0.207E+01             0.807E-30
             0.207E+01             0.449E-30
             0.208E+01             0.104E-29
             0.208E+01             0.139E-28
             0.209E+01             0.162E-28
             0.209E+01             0.198E-29
             0.210E+01             0.638E-29
             0.210E+01             0.479E-28
             0.211E+01             0.203E-28
             0.211E+01             0.903E-31
             0.212E+01             0.124E-28
             0.212E+01             0.636E-29
             0.213E+01             0.141E-28
             0.213E+01             0.154E-30
             0.214E+01             0.112E-29
             0.214E+01             0.240E-29
             0.215E+01             0.346E-31
             0.215E+01             0.804E-30
             0.216E+01             0.133E-29
             0.216E+01             0.241E-29
             0.217E+01             0.365E-29
             0.217E+01             0.145E-30
             0.218E+01             0.859E-29
             0.218E+01             0.328E-29
             0.219E+01             0.323E-29
             0.219E+01             0.604E-29
             0.220E+01             0.902E-30
             0.220E+01             0.112E-28
             0.221E+01             0.137E-28
             0.221E+01             0.131E-29
             0.222E+01             0.128E-28
             0.222E+01             0.972E-30
             0.223E+01             0.762E-29
             0.223E+01             0.208E-28
             0.224E+01             0.130E-29
             0.224E+01             0.271E-31
             0.225E+01             0.421E-29
             0.225E+01             0.430E-29
             0.226E+01             0.814E-30
             0.226E+01             0.357E-30
             0.227E+01             0.165E-30
             0.227E+01             0.506E-30
             0.228E+01             0.223E-29
             0.228E+01             0.455E-29
             0.229E+01             0.184E-29
             0.229E+01             0.197E-28
             0.230E+01             0.623E-29
             0.230E+01             0.613E-29
             0.231E+01             0.215E-29
             0.231E+01             0.250E-29
             0.232E+01             0.739E-29
             0.232E+01             0.528E-30
             0.233E+01             0.688E-29
             0.233E+01             0.253E-28
             0.234E+01             0.430E-31
             0.234E+01             0.173E-30
             0.235E+01             0.865E-29
             0.235E+01             0.127E-29
             0.236E+01             0.752E-28
             0.236E+01             0.168E-28
             0.237E+01             0.773E-31
             0.238E+01             0.640E-29
             0.238E+01             0.168E-28
             0.239E+01             0.515E-29
             0.239E+01             0.100E-30
             0.240E+01             0.101E-28
             0.240E+01             0.471E-28
             0.241E+01             0.283E-28
             0.241E+01             0.135E-30
             0.242E+01             0.175E-30
             0.242E+01             0.613E-30
             0.243E+01             0.217E-29
             0.243E+01             0.102E-28
             0.244E+01             0.161E-29
             0.244E+01             0.981E-30
             0.245E+01             0.545E-29
             0.245E+01             0.165E-28
             0.246E+01             0.196E-29
             0.246E+01             0.152E-29
             0.247E+01             0.181E-31
             0.247E+01             0.183E-29
             0.248E+01             0.502E-29
             0.248E+01             0.380E-29
             0.249E+01             0.144E-28
             0.249E+01             0.133E-30
             0.250E+01             0.458E-29
             0.250E+01             0.370E-28
             0.251E+01             0.116E-29
             0.251E+01             0.928E-29
             0.252E+01             0.369E-30
             0.252E+01             0.143E-29
             0.253E+01             0.225E-29
             0.253E+01             0.177E-28
             0.254E+01             0.822E-29
             0.254E+01             0.498E-29
             0.255E+01             0.165E-28
             0.255E+01             0.905E-30
             0.256E+01             0.475E-29
             0.256E+01             0.810E-29
             0.257E+01             0.533E-30
             0.257E+01             0.297E-32
             0.258E+01             0.170E-34
             0.258E+01             0.311E-29
             0.259E+01             0.887E-29
             0.259E+01             0.652E-31
             0.260E+01             0.116E-29
             0.260E+01             0.234E-31
             0.261E+01             0.269E-30
             0.261E+01             0.284E-30
             0.262E+01             0.153E-30
             0.262E+01             0.446E-30
             0.263E+01             0.109E-28
             0.263E+01             0.421E-30
             0.264E+01             0.307E-29
             0.264E+01             0.371E-29
             0.265E+01             0.156E-28
             0.265E+01             0.188E-29
             0.266E+01             0.123E-28
             0.266E+01             0.285E-30
             0.267E+01             0.354E-29
             0.267E+01             0.753E-29
             0.268E+01             0.327E-29
             0.269E+01             0.624E-30
             0.269E+01             0.220E-28
             0.270E+01             0.119E-28
             0.270E+01             0.112E-28
             0.271E+01             0.826E-29
             0.271E+01             0.141E-28
             0.272E+01             0.282E-29
             0.272E+01             0.464E-30
             0.273E+01             0.258E-30
             0.273E+01             0.616E-32
             0.274E+01             0.146E-29
             0.274E+01             0.863E-30
             0.275E+01             0.492E-29
             0.275E+01             0.143E-29
             0.276E+01             0.421E-32
             0.276E+01             0.306E-32
             0.277E+01             0.259E-29
             0.277E+01             0.643E-29
             0.278E+01             0.107E-29
             0.278E+01             0.114E-28
             0.279E+01             0.136E-29
             0.279E+01             0.459E-29
             0.280E+01             0.282E-30
             0.280E+01             0.254E-31
             0.281E+01             0.119E-28
             0.281E+01             0.487E-30
             0.282E+01             0.646E-30
             0.282E+01             0.808E-34
             0.283E+01             0.418E-29
             0.283E+01             0.919E-31
             0.284E+01             0.938E-29
             0.284E+01             0.587E-29
             0.285E+01             0.820E-30
             0.285E+01             0.439E-29
             0.286E+01             0.849E-29
             0.286E+01             0.136E-28
             0.287E+01             0.185E-30
             0.287E+01             0.248E-29
             0.288E+01             0.259E-29
             0.288E+01             0.358E-29
             0.289E+01             0.904E-31
             0.289E+01             0.456E-30
             0.290E+01             0.500E-29
             0.290E+01             0.147E-29
             0.291E+01             0.324E-31
             0.291E+01             0.163E-29
             0.292E+01             0.105E-28
             0.292E+01             0.351E-30
             0.293E+01             0.453E-30
             0.293E+01             0.179E-29
             0.294E+01             0.101E-29
             0.294E+01             0.683E-31
             0.295E+01             0.856E-31
             0.295E+01             0.549E-28
             0.296E+01             0.481E-30
             0.296E+01             0.377E-29
             0.297E+01             0.144E-30
             0.297E+01             0.134E-29
             0.298E+01             0.195E-29
             0.298E+01             0.826E-30
             0.299E+01             0.313E-30
             0.299E+01             0.515E-31
             0.300E+01             0.130E-31
