            -0.299E+01             0.324E-62
            -0.298E+01             0.157E-65
            -0.297E+01             0.662E-61
            -0.296E+01             0.159E-66
            -0.295E+01             0.296E-62
            -0.294E+01             0.185E-63
            -0.293E+01             0.543E-63
            -0.292E+01             0.123E-64
            -0.291E+01             0.625E-61
            -0.290E+01             0.108E-62
            -0.289E+01             0.176E-61
            -0.288E+01             0.178E-62
            -0.287E+01             0.189E-61
            -0.286E+01             0.271E-62
            -0.286E+01             0.956E-62
            -0.285E+01             0.133E-62
            -0.284E+01             0.207E-61
            -0.283E+01             0.230E-61
            -0.282E+01             0.306E-62
            -0.281E+01             0.158E-62
            -0.280E+01             0.333E-61
            -0.279E+01             0.566E-60
            -0.278E+01             0.145E-59
            -0.277E+01             0.409E-59
            -0.276E+01             0.122E-58
            -0.275E+01             0.299E-58
            -0.274E+01             0.914E-58
            -0.273E+01             0.263E-57
            -0.272E+01             0.713E-57
            -0.271E+01             0.196E-56
            -0.270E+01             0.541E-56
            -0.269E+01             0.150E-55
            -0.268E+01             0.410E-55
            -0.267E+01             0.112E-54
            -0.266E+01             0.304E-54
            -0.265E+01             0.825E-54
            -0.264E+01             0.223E-53
            -0.263E+01             0.599E-53
            -0.262E+01             0.160E-52
            -0.261E+01             0.428E-52
            -0.260E+01             0.114E-51
            -0.259E+01             0.302E-51
            -0.258E+01             0.797E-51
            -0.257E+01             0.210E-50
            -0.257E+01             0.549E-50
            -0.256E+01             0.143E-49
            -0.255E+01             0.373E-49
            -0.254E+01             0.967E-49
            -0.253E+01             0.250E-48
            -0.252E+01             0.642E-48
            -0.251E+01             0.165E-47
            -0.250E+01             0.420E-47
            -0.249E+01             0.107E-46
            -0.248E+01             0.271E-46
            -0.247E+01             0.684E-46
            -0.246E+01             0.172E-45
            -0.245E+01             0.432E-45
            -0.244E+01             0.108E-44
            -0.243E+01             0.268E-44
            -0.242E+01             0.664E-44
            -0.241E+01             0.164E-43
            -0.240E+01             0.403E-43
            -0.239E+01             0.989E-43
            -0.238E+01             0.241E-42
            -0.237E+01             0.587E-42
            -0.236E+01             0.142E-41
            -0.235E+01             0.344E-41
            -0.234E+01             0.826E-41
            -0.233E+01             0.198E-40
            -0.232E+01             0.473E-40
            -0.231E+01             0.112E-39
            -0.230E+01             0.266E-39
            -0.229E+01             0.629E-39
            -0.229E+01             0.148E-38
            -0.228E+01             0.346E-38
            -0.227E+01             0.808E-38
            -0.226E+01             0.188E-37
            -0.225E+01             0.435E-37
            -0.224E+01             0.100E-36
            -0.223E+01             0.231E-36
            -0.222E+01             0.529E-36
            -0.221E+01             0.121E-35
            -0.220E+01             0.275E-35
            -0.219E+01             0.622E-35
            -0.218E+01             0.140E-34
            -0.217E+01             0.315E-34
            -0.216E+01             0.706E-34
            -0.215E+01             0.157E-33
            -0.214E+01             0.350E-33
            -0.213E+01             0.775E-33
            -0.212E+01             0.171E-32
            -0.211E+01             0.375E-32
            -0.210E+01             0.822E-32
            -0.209E+01             0.179E-31
            -0.208E+01             0.389E-31
            -0.207E+01             0.843E-31
            -0.206E+01             0.182E-30
            -0.205E+01             0.390E-30
            -0.204E+01             0.835E-30
            -0.203E+01             0.178E-29
            -0.202E+01             0.378E-29
            -0.201E+01             0.799E-29
            -0.200E+01             0.168E-28
            -0.200E+01             0.353E-28
            -0.199E+01             0.739E-28
            -0.198E+01             0.154E-27
            -0.197E+01             0.320E-27
            -0.196E+01             0.661E-27
            -0.195E+01             0.136E-26
            -0.194E+01             0.279E-26
            -0.193E+01             0.571E-26
            -0.192E+01             0.116E-25
            -0.191E+01             0.236E-25
            -0.190E+01             0.476E-25
            -0.189E+01             0.958E-25
            -0.188E+01             0.192E-24
            -0.187E+01             0.384E-24
            -0.186E+01             0.763E-24
            -0.185E+01             0.151E-23
            -0.184E+01             0.299E-23
            -0.183E+01             0.587E-23
            -0.182E+01             0.115E-22
            -0.181E+01             0.225E-22
            -0.180E+01             0.437E-22
            -0.179E+01             0.846E-22
            -0.178E+01             0.163E-21
            -0.177E+01             0.314E-21
            -0.176E+01             0.600E-21
            -0.175E+01             0.114E-20
            -0.174E+01             0.217E-20
            -0.173E+01             0.411E-20
            -0.172E+01             0.775E-20
            -0.171E+01             0.146E-19
            -0.171E+01             0.272E-19
            -0.170E+01             0.507E-19
            -0.169E+01             0.941E-19
            -0.168E+01             0.174E-18
            -0.167E+01             0.320E-18
            -0.166E+01             0.588E-18
            -0.165E+01             0.107E-17
            -0.164E+01             0.195E-17
            -0.163E+01             0.354E-17
            -0.162E+01             0.640E-17
            -0.161E+01             0.115E-16
            -0.160E+01             0.206E-16
            -0.159E+01             0.368E-16
            -0.158E+01             0.654E-16
            -0.157E+01             0.116E-15
            -0.156E+01             0.204E-15
            -0.155E+01             0.359E-15
            -0.154E+01             0.628E-15
            -0.153E+01             0.109E-14
            -0.152E+01             0.190E-14
            -0.151E+01             0.329E-14
            -0.150E+01             0.566E-14
            -0.149E+01             0.971E-14
            -0.148E+01             0.166E-13
            -0.147E+01             0.282E-13
            -0.146E+01             0.479E-13
            -0.145E+01             0.808E-13
            -0.144E+01             0.136E-12
            -0.143E+01             0.228E-12
            -0.143E+01             0.380E-12
            -0.142E+01             0.631E-12
            -0.141E+01             0.105E-11
            -0.140E+01             0.172E-11
            -0.139E+01             0.283E-11
            -0.138E+01             0.463E-11
            -0.137E+01             0.753E-11
            -0.136E+01             0.122E-10
            -0.135E+01             0.197E-10
            -0.134E+01             0.318E-10
            -0.133E+01             0.509E-10
            -0.132E+01             0.813E-10
            -0.131E+01             0.129E-09
            -0.130E+01             0.205E-09
            -0.129E+01             0.323E-09
            -0.128E+01             0.507E-09
            -0.127E+01             0.793E-09
            -0.126E+01             0.123E-08
            -0.125E+01             0.192E-08
            -0.124E+01             0.296E-08
            -0.123E+01             0.455E-08
            -0.122E+01             0.698E-08
            -0.121E+01             0.106E-07
            -0.120E+01             0.162E-07
            -0.119E+01             0.245E-07
            -0.118E+01             0.369E-07
            -0.117E+01             0.554E-07
            -0.116E+01             0.828E-07
            -0.115E+01             0.123E-06
            -0.114E+01             0.183E-06
            -0.114E+01             0.270E-06
            -0.113E+01             0.396E-06
            -0.112E+01             0.580E-06
            -0.111E+01             0.845E-06
            -0.110E+01             0.123E-05
            -0.109E+01             0.177E-05
            -0.108E+01             0.255E-05
            -0.107E+01             0.366E-05
            -0.106E+01             0.522E-05
            -0.105E+01             0.741E-05
            -0.104E+01             0.105E-04
            -0.103E+01             0.148E-04
            -0.102E+01             0.207E-04
            -0.101E+01             0.289E-04
            -0.100E+01             0.402E-04
            -0.990E+00             0.557E-04
            -0.981E+00             0.767E-04
            -0.971E+00             0.105E-03
            -0.961E+00             0.144E-03
            -0.952E+00             0.196E-03
            -0.942E+00             0.265E-03
            -0.932E+00             0.357E-03
            -0.923E+00             0.479E-03
            -0.913E+00             0.640E-03
            -0.903E+00             0.851E-03
            -0.894E+00             0.113E-02
            -0.884E+00             0.149E-02
            -0.874E+00             0.195E-02
            -0.865E+00             0.254E-02
            -0.855E+00             0.331E-02
            -0.845E+00             0.428E-02
            -0.836E+00             0.551E-02
            -0.826E+00             0.706E-02
            -0.816E+00             0.900E-02
            -0.807E+00             0.114E-01
            -0.797E+00             0.144E-01
            -0.787E+00             0.182E-01
            -0.778E+00             0.227E-01
            -0.768E+00             0.283E-01
            -0.758E+00             0.350E-01
            -0.749E+00             0.432E-01
            -0.739E+00             0.529E-01
            -0.729E+00             0.646E-01
            -0.720E+00             0.784E-01
            -0.710E+00             0.947E-01
            -0.700E+00             0.114E+00
            -0.691E+00             0.136E+00
            -0.681E+00             0.162E+00
            -0.671E+00             0.191E+00
            -0.662E+00             0.224E+00
            -0.652E+00             0.262E+00
            -0.643E+00             0.305E+00
            -0.633E+00             0.353E+00
            -0.623E+00             0.405E+00
            -0.614E+00             0.463E+00
            -0.604E+00             0.526E+00
            -0.594E+00             0.593E+00
            -0.585E+00             0.665E+00
            -0.575E+00             0.741E+00
            -0.565E+00             0.821E+00
            -0.556E+00             0.903E+00
            -0.546E+00             0.986E+00
            -0.536E+00             0.107E+01
            -0.527E+00             0.115E+01
            -0.517E+00             0.123E+01
            -0.507E+00             0.130E+01
            -0.498E+00             0.137E+01
            -0.488E+00             0.143E+01
            -0.478E+00             0.148E+01
            -0.469E+00             0.152E+01
            -0.459E+00             0.154E+01
            -0.449E+00             0.155E+01
            -0.440E+00             0.154E+01
            -0.430E+00             0.151E+01
            -0.420E+00             0.146E+01
            -0.411E+00             0.140E+01
            -0.401E+00             0.132E+01
            -0.391E+00             0.123E+01
            -0.382E+00             0.112E+01
            -0.372E+00             0.100E+01
            -0.362E+00             0.877E+00
            -0.353E+00             0.746E+00
            -0.343E+00             0.614E+00
            -0.333E+00             0.486E+00
            -0.324E+00             0.365E+00
            -0.314E+00             0.256E+00
            -0.304E+00             0.162E+00
            -0.295E+00             0.875E-01
            -0.285E+00             0.346E-01
            -0.275E+00             0.556E-02
            -0.266E+00             0.142E-02
            -0.256E+00             0.224E-01
            -0.246E+00             0.676E-01
            -0.237E+00             0.135E+00
            -0.227E+00             0.222E+00
            -0.217E+00             0.324E+00
            -0.208E+00             0.437E+00
            -0.198E+00             0.556E+00
            -0.188E+00             0.675E+00
            -0.179E+00             0.788E+00
            -0.169E+00             0.891E+00
            -0.159E+00             0.977E+00
            -0.150E+00             0.104E+01
            -0.140E+00             0.108E+01
            -0.130E+00             0.110E+01
            -0.121E+00             0.109E+01
            -0.111E+00             0.105E+01
            -0.101E+00             0.985E+00
            -0.918E-01             0.900E+00
            -0.821E-01             0.797E+00
            -0.725E-01             0.681E+00
            -0.628E-01             0.558E+00
            -0.531E-01             0.435E+00
            -0.435E-01             0.317E+00
            -0.338E-01             0.211E+00
            -0.242E-01             0.122E+00
            -0.145E-01             0.556E-01
            -0.483E-02             0.141E-01
             0.483E-02             0.256E-24
             0.145E-01             0.141E-01
             0.242E-01             0.556E-01
             0.338E-01             0.122E+00
             0.435E-01             0.211E+00
             0.531E-01             0.317E+00
             0.628E-01             0.435E+00
             0.725E-01             0.558E+00
             0.821E-01             0.681E+00
             0.918E-01             0.797E+00
             0.101E+00             0.900E+00
             0.111E+00             0.985E+00
             0.121E+00             0.105E+01
             0.130E+00             0.109E+01
             0.140E+00             0.110E+01
             0.150E+00             0.108E+01
             0.159E+00             0.104E+01
             0.169E+00             0.977E+00
             0.179E+00             0.891E+00
             0.188E+00             0.788E+00
             0.198E+00             0.675E+00
             0.208E+00             0.556E+00
             0.217E+00             0.437E+00
             0.227E+00             0.324E+00
             0.237E+00             0.222E+00
             0.246E+00             0.135E+00
             0.256E+00             0.676E-01
             0.266E+00             0.224E-01
             0.275E+00             0.142E-02
             0.285E+00             0.556E-02
             0.295E+00             0.346E-01
             0.304E+00             0.875E-01
             0.314E+00             0.162E+00
             0.324E+00             0.256E+00
             0.333E+00             0.365E+00
             0.343E+00             0.486E+00
             0.353E+00             0.614E+00
             0.362E+00             0.746E+00
             0.372E+00             0.877E+00
             0.382E+00             0.100E+01
             0.391E+00             0.112E+01
             0.401E+00             0.123E+01
             0.411E+00             0.132E+01
             0.420E+00             0.140E+01
             0.430E+00             0.146E+01
             0.440E+00             0.151E+01
             0.449E+00             0.154E+01
             0.459E+00             0.155E+01
             0.469E+00             0.154E+01
             0.478E+00             0.152E+01
             0.488E+00             0.148E+01
             0.498E+00             0.143E+01
             0.507E+00             0.137E+01
             0.517E+00             0.130E+01
             0.527E+00             0.123E+01
             0.536E+00             0.115E+01
             0.546E+00             0.107E+01
             0.556E+00             0.986E+00
             0.565E+00             0.903E+00
             0.575E+00             0.821E+00
             0.585E+00             0.741E+00
             0.594E+00             0.665E+00
             0.604E+00             0.593E+00
             0.614E+00             0.526E+00
             0.623E+00             0.463E+00
             0.633E+00             0.405E+00
             0.643E+00             0.353E+00
             0.652E+00             0.305E+00
             0.662E+00             0.262E+00
             0.671E+00             0.224E+00
             0.681E+00             0.191E+00
             0.691E+00             0.162E+00
             0.700E+00             0.136E+00
             0.710E+00             0.114E+00
             0.720E+00             0.947E-01
             0.729E+00             0.784E-01
             0.739E+00             0.646E-01
             0.749E+00             0.529E-01
             0.758E+00             0.432E-01
             0.768E+00             0.350E-01
             0.778E+00             0.283E-01
             0.787E+00             0.227E-01
             0.797E+00             0.182E-01
             0.807E+00             0.144E-01
             0.816E+00             0.114E-01
             0.826E+00             0.900E-02
             0.836E+00             0.706E-02
             0.845E+00             0.551E-02
             0.855E+00             0.428E-02
             0.865E+00             0.331E-02
             0.874E+00             0.254E-02
             0.884E+00             0.195E-02
             0.894E+00             0.149E-02
             0.903E+00             0.113E-02
             0.913E+00             0.851E-03
             0.923E+00             0.640E-03
             0.932E+00             0.479E-03
             0.942E+00             0.357E-03
             0.952E+00             0.265E-03
             0.961E+00             0.196E-03
             0.971E+00             0.144E-03
             0.981E+00             0.105E-03
             0.990E+00             0.767E-04
             0.100E+01             0.557E-04
             0.101E+01             0.402E-04
             0.102E+01             0.289E-04
             0.103E+01             0.207E-04
             0.104E+01             0.148E-04
             0.105E+01             0.105E-04
             0.106E+01             0.741E-05
             0.107E+01             0.522E-05
             0.108E+01             0.366E-05
             0.109E+01             0.255E-05
             0.110E+01             0.177E-05
             0.111E+01             0.123E-05
             0.112E+01             0.845E-06
             0.113E+01             0.580E-06
             0.114E+01             0.396E-06
             0.114E+01             0.270E-06
             0.115E+01             0.183E-06
             0.116E+01             0.123E-06
             0.117E+01             0.828E-07
             0.118E+01             0.554E-07
             0.119E+01             0.369E-07
             0.120E+01             0.245E-07
             0.121E+01             0.162E-07
             0.122E+01             0.106E-07
             0.123E+01             0.698E-08
             0.124E+01             0.455E-08
             0.125E+01             0.296E-08
             0.126E+01             0.192E-08
             0.127E+01             0.123E-08
             0.128E+01             0.793E-09
             0.129E+01             0.507E-09
             0.130E+01             0.323E-09
             0.131E+01             0.205E-09
             0.132E+01             0.129E-09
             0.133E+01             0.813E-10
             0.134E+01             0.509E-10
             0.135E+01             0.318E-10
             0.136E+01             0.197E-10
             0.137E+01             0.122E-10
             0.138E+01             0.753E-11
             0.139E+01             0.463E-11
             0.140E+01             0.283E-11
             0.141E+01             0.172E-11
             0.142E+01             0.105E-11
             0.143E+01             0.631E-12
             0.143E+01             0.380E-12
             0.144E+01             0.228E-12
             0.145E+01             0.136E-12
             0.146E+01             0.808E-13
             0.147E+01             0.479E-13
             0.148E+01             0.282E-13
             0.149E+01             0.166E-13
             0.150E+01             0.971E-14
             0.151E+01             0.566E-14
             0.152E+01             0.329E-14
             0.153E+01             0.190E-14
             0.154E+01             0.109E-14
             0.155E+01             0.628E-15
             0.156E+01             0.359E-15
             0.157E+01             0.204E-15
             0.158E+01             0.116E-15
             0.159E+01             0.654E-16
             0.160E+01             0.368E-16
             0.161E+01             0.206E-16
             0.162E+01             0.115E-16
             0.163E+01             0.640E-17
             0.164E+01             0.354E-17
             0.165E+01             0.195E-17
             0.166E+01             0.107E-17
             0.167E+01             0.588E-18
             0.168E+01             0.320E-18
             0.169E+01             0.174E-18
             0.170E+01             0.941E-19
             0.171E+01             0.507E-19
             0.171E+01             0.272E-19
             0.172E+01             0.146E-19
             0.173E+01             0.775E-20
             0.174E+01             0.411E-20
             0.175E+01             0.217E-20
             0.176E+01             0.114E-20
             0.177E+01             0.600E-21
             0.178E+01             0.314E-21
             0.179E+01             0.163E-21
             0.180E+01             0.846E-22
             0.181E+01             0.437E-22
             0.182E+01             0.224E-22
             0.183E+01             0.115E-22
             0.184E+01             0.587E-23
             0.185E+01             0.298E-23
             0.186E+01             0.151E-23
             0.187E+01             0.762E-24
             0.188E+01             0.382E-24
             0.189E+01             0.193E-24
             0.190E+01             0.970E-25
             0.191E+01             0.488E-25
             0.192E+01             0.246E-25
             0.193E+01             0.119E-25
             0.194E+01             0.601E-26
             0.195E+01             0.258E-26
             0.196E+01             0.118E-26
             0.197E+01             0.573E-27
             0.198E+01             0.299E-27
             0.199E+01             0.162E-27
             0.200E+01             0.628E-28
             0.200E+01             0.568E-28
             0.201E+01             0.340E-28
             0.202E+01             0.182E-28
             0.203E+01             0.221E-28
             0.204E+01             0.946E-29
             0.205E+01             0.479E-29
             0.206E+01             0.640E-29
             0.207E+01             0.789E-29
             0.208E+01             0.235E-29
             0.209E+01             0.159E-29
             0.210E+01             0.331E-29
             0.211E+01             0.306E-29
             0.212E+01             0.145E-29
             0.213E+01             0.144E-29
             0.214E+01             0.372E-30
             0.215E+01             0.175E-29
             0.216E+01             0.294E-29
             0.217E+01             0.133E-32
             0.218E+01             0.896E-29
             0.219E+01             0.539E-29
             0.220E+01             0.150E-29
             0.221E+01             0.170E-30
             0.222E+01             0.420E-29
             0.223E+01             0.443E-30
             0.224E+01             0.436E-30
             0.225E+01             0.936E-30
             0.226E+01             0.545E-29
             0.227E+01             0.488E-31
             0.228E+01             0.153E-28
             0.229E+01             0.257E-29
             0.229E+01             0.999E-30
             0.230E+01             0.706E-29
             0.231E+01             0.470E-30
             0.232E+01             0.394E-29
             0.233E+01             0.383E-29
             0.234E+01             0.241E-29
             0.235E+01             0.359E-29
             0.236E+01             0.108E-28
             0.237E+01             0.133E-30
             0.238E+01             0.363E-30
             0.239E+01             0.329E-30
             0.240E+01             0.189E-29
             0.241E+01             0.564E-29
             0.242E+01             0.734E-30
             0.243E+01             0.164E-29
             0.244E+01             0.233E-30
             0.245E+01             0.129E-29
             0.246E+01             0.285E-29
             0.247E+01             0.552E-30
             0.248E+01             0.457E-29
             0.249E+01             0.806E-30
             0.250E+01             0.211E-29
             0.251E+01             0.652E-29
             0.252E+01             0.188E-29
             0.253E+01             0.290E-29
             0.254E+01             0.184E-30
             0.255E+01             0.467E-29
             0.256E+01             0.417E-29
             0.257E+01             0.415E-29
             0.257E+01             0.557E-30
             0.258E+01             0.253E-30
             0.259E+01             0.183E-32
             0.260E+01             0.106E-29
             0.261E+01             0.223E-29
             0.262E+01             0.138E-30
             0.263E+01             0.658E-29
             0.264E+01             0.353E-31
             0.265E+01             0.211E-29
             0.266E+01             0.719E-30
             0.267E+01             0.140E-32
             0.268E+01             0.324E-29
             0.269E+01             0.400E-30
             0.270E+01             0.184E-31
             0.271E+01             0.229E-30
             0.272E+01             0.292E-30
             0.273E+01             0.135E-29
             0.274E+01             0.107E-29
             0.275E+01             0.950E-30
             0.276E+01             0.209E-30
             0.277E+01             0.108E-28
             0.278E+01             0.157E-30
             0.279E+01             0.759E-30
             0.280E+01             0.145E-29
             0.281E+01             0.696E-31
             0.282E+01             0.426E-31
             0.283E+01             0.311E-29
             0.284E+01             0.271E-30
             0.285E+01             0.127E-30
             0.286E+01             0.319E-31
             0.286E+01             0.602E-29
             0.287E+01             0.746E-30
             0.288E+01             0.850E-29
             0.289E+01             0.370E-29
             0.290E+01             0.127E-29
             0.291E+01             0.181E-29
             0.292E+01             0.106E-30
             0.293E+01             0.105E-28
             0.294E+01             0.417E-30
             0.295E+01             0.175E-30
             0.296E+01             0.483E-29
             0.297E+01             0.828E-29
             0.298E+01             0.472E-29
             0.299E+01             0.777E-30
             0.300E+01             0.640E-32
