            -0.999E+01             0.814E-32
            -0.998E+01             0.565E-30
            -0.996E+01             0.367E-30
            -0.995E+01             0.141E-30
            -0.994E+01             0.139E-30
            -0.993E+01             0.122E-30
            -0.991E+01             0.465E-31
            -0.990E+01             0.664E-31
            -0.989E+01             0.188E-32
            -0.988E+01             0.265E-31
            -0.986E+01             0.146E-31
            -0.985E+01             0.140E-30
            -0.984E+01             0.219E-30
            -0.983E+01             0.278E-30
            -0.981E+01             0.759E-31
            -0.980E+01             0.228E-31
            -0.979E+01             0.582E-31
            -0.978E+01             0.558E-31
            -0.976E+01             0.121E-30
            -0.975E+01             0.647E-30
            -0.974E+01             0.200E-30
            -0.973E+01             0.113E-30
            -0.971E+01             0.106E-31
            -0.970E+01             0.322E-31
            -0.969E+01             0.137E-30
            -0.968E+01             0.393E-32
            -0.966E+01             0.166E-33
            -0.965E+01             0.141E-30
            -0.964E+01             0.145E-30
            -0.963E+01             0.316E-30
            -0.961E+01             0.576E-30
            -0.960E+01             0.505E-30
            -0.959E+01             0.122E-29
            -0.958E+01             0.463E-30
            -0.956E+01             0.735E-30
            -0.955E+01             0.867E-30
            -0.954E+01             0.578E-30
            -0.953E+01             0.724E-32
            -0.951E+01             0.310E-30
            -0.950E+01             0.506E-30
            -0.949E+01             0.333E-30
            -0.948E+01             0.259E-30
            -0.946E+01             0.146E-31
            -0.945E+01             0.226E-33
            -0.944E+01             0.106E-31
            -0.943E+01             0.243E-31
            -0.941E+01             0.102E-31
            -0.940E+01             0.894E-32
            -0.939E+01             0.233E-33
            -0.938E+01             0.127E-32
            -0.936E+01             0.145E-34
            -0.935E+01             0.153E-33
            -0.934E+01             0.684E-35
            -0.933E+01             0.634E-35
            -0.931E+01             0.131E-34
            -0.930E+01             0.325E-34
            -0.929E+01             0.567E-36
            -0.928E+01             0.179E-35
            -0.926E+01             0.122E-37
            -0.925E+01             0.704E-37
            -0.924E+01             0.170E-36
            -0.923E+01             0.175E-37
            -0.921E+01             0.271E-37
            -0.920E+01             0.215E-39
            -0.919E+01             0.229E-39
            -0.918E+01             0.323E-39
            -0.916E+01             0.119E-39
            -0.915E+01             0.298E-40
            -0.914E+01             0.526E-41
            -0.913E+01             0.734E-41
            -0.911E+01             0.921E-42
            -0.910E+01             0.129E-42
            -0.909E+01             0.440E-47
            -0.908E+01             0.323E-43
            -0.906E+01             0.211E-44
            -0.905E+01             0.848E-46
            -0.904E+01             0.212E-45
            -0.903E+01             0.144E-45
            -0.901E+01             0.197E-46
            -0.900E+01             0.135E-52
            -0.899E+01             0.727E-48
            -0.898E+01             0.285E-49
            -0.896E+01             0.303E-49
            -0.895E+01             0.352E-49
            -0.894E+01             0.948E-55
            -0.893E+01             0.925E-52
            -0.891E+01             0.881E-52
            -0.890E+01             0.357E-52
            -0.889E+01             0.406E-54
            -0.888E+01             0.118E-53
            -0.886E+01             0.692E-55
            -0.885E+01             0.200E-56
            -0.884E+01             0.649E-56
            -0.883E+01             0.350E-57
            -0.881E+01             0.166E-59
            -0.880E+01             0.172E-59
            -0.879E+01             0.958E-61
            -0.878E+01             0.261E-63
            -0.876E+01             0.119E-60
            -0.875E+01             0.750E-60
            -0.874E+01             0.366E-60
            -0.873E+01             0.249E-60
            -0.871E+01             0.154E-61
            -0.870E+01             0.896E-62
            -0.869E+01             0.143E-59
            -0.868E+01             0.123E-60
            -0.866E+01             0.147E-65
            -0.865E+01             0.345E-61
            -0.864E+01             0.459E-61
            -0.863E+01             0.501E-61
            -0.861E+01             0.349E-61
            -0.860E+01             0.420E-65
            -0.859E+01             0.184E-60
            -0.858E+01             0.453E-60
            -0.856E+01             0.177E-65
            -0.855E+01             0.452E-61
            -0.854E+01             0.136E-61
            -0.853E+01             0.147E-60
            -0.851E+01             0.100E-60
            -0.850E+01             0.277E-60
            -0.849E+01             0.264E-60
            -0.848E+01             0.373E-61
            -0.846E+01             0.902E-61
            -0.845E+01             0.342E-60
            -0.844E+01             0.152E-60
            -0.843E+01             0.318E-60
            -0.841E+01             0.568E-61
            -0.840E+01             0.280E-62
            -0.839E+01             0.437E-60
            -0.838E+01             0.306E-61
            -0.836E+01             0.164E-60
            -0.835E+01             0.114E-61
            -0.834E+01             0.154E-60
            -0.833E+01             0.295E-60
            -0.831E+01             0.646E-60
            -0.830E+01             0.507E-61
            -0.829E+01             0.253E-62
            -0.828E+01             0.158E-59
            -0.826E+01             0.830E-61
            -0.825E+01             0.395E-60
            -0.824E+01             0.211E-60
            -0.823E+01             0.280E-61
            -0.821E+01             0.355E-62
            -0.820E+01             0.309E-60
            -0.819E+01             0.492E-60
            -0.818E+01             0.193E-60
            -0.816E+01             0.299E-60
            -0.815E+01             0.265E-60
            -0.814E+01             0.245E-60
            -0.813E+01             0.133E-60
            -0.811E+01             0.159E-61
            -0.810E+01             0.138E-59
            -0.809E+01             0.883E-61
            -0.808E+01             0.106E-60
            -0.806E+01             0.118E-60
            -0.805E+01             0.146E-59
            -0.804E+01             0.336E-60
            -0.803E+01             0.922E-62
            -0.801E+01             0.622E-61
            -0.800E+01             0.106E-61
            -0.799E+01             0.434E-60
            -0.798E+01             0.816E-60
            -0.796E+01             0.315E-59
            -0.795E+01             0.693E-61
            -0.794E+01             0.553E-62
            -0.793E+01             0.106E-60
            -0.791E+01             0.105E-60
            -0.790E+01             0.832E-61
            -0.789E+01             0.198E-60
            -0.788E+01             0.158E-60
            -0.786E+01             0.167E-61
            -0.785E+01             0.162E-61
            -0.784E+01             0.187E-60
            -0.783E+01             0.185E-60
            -0.781E+01             0.804E-60
            -0.780E+01             0.397E-61
            -0.779E+01             0.878E-62
            -0.778E+01             0.327E-60
            -0.776E+01             0.208E-60
            -0.775E+01             0.423E-62
            -0.774E+01             0.439E-60
            -0.773E+01             0.704E-63
            -0.771E+01             0.465E-62
            -0.770E+01             0.239E-60
            -0.769E+01             0.736E-62
            -0.768E+01             0.150E-60
            -0.766E+01             0.653E-62
            -0.765E+01             0.490E-61
            -0.764E+01             0.142E-60
            -0.763E+01             0.158E-59
            -0.761E+01             0.774E-60
            -0.760E+01             0.499E-61
            -0.759E+01             0.325E-61
            -0.758E+01             0.454E-61
            -0.756E+01             0.658E-62
            -0.755E+01             0.276E-60
            -0.754E+01             0.471E-61
            -0.753E+01             0.752E-61
            -0.751E+01             0.351E-60
            -0.750E+01             0.948E-61
            -0.749E+01             0.541E-61
            -0.748E+01             0.356E-61
            -0.746E+01             0.312E-61
            -0.745E+01             0.276E-62
            -0.744E+01             0.811E-61
            -0.743E+01             0.561E-60
            -0.741E+01             0.245E-60
            -0.740E+01             0.349E-61
            -0.739E+01             0.126E-60
            -0.738E+01             0.527E-61
            -0.736E+01             0.184E-60
            -0.735E+01             0.707E-60
            -0.734E+01             0.660E-61
            -0.733E+01             0.157E-60
            -0.731E+01             0.250E-60
            -0.730E+01             0.395E-61
            -0.729E+01             0.211E-60
            -0.728E+01             0.350E-61
            -0.726E+01             0.924E-64
            -0.725E+01             0.313E-61
            -0.724E+01             0.331E-61
            -0.723E+01             0.101E-60
            -0.721E+01             0.116E-60
            -0.720E+01             0.797E-62
            -0.719E+01             0.556E-61
            -0.718E+01             0.821E-61
            -0.716E+01             0.780E-61
            -0.715E+01             0.373E-61
            -0.714E+01             0.192E-62
            -0.713E+01             0.727E-62
            -0.711E+01             0.538E-61
            -0.710E+01             0.120E-60
            -0.709E+01             0.149E-61
            -0.708E+01             0.434E-60
            -0.706E+01             0.908E-64
            -0.705E+01             0.599E-62
            -0.704E+01             0.272E-61
            -0.703E+01             0.756E-60
            -0.701E+01             0.137E-60
            -0.700E+01             0.725E-60
            -0.699E+01             0.158E-60
            -0.698E+01             0.197E-61
            -0.696E+01             0.179E-60
            -0.695E+01             0.104E-59
            -0.694E+01             0.130E-60
            -0.693E+01             0.274E-60
            -0.691E+01             0.553E-61
            -0.690E+01             0.945E-60
            -0.689E+01             0.812E-62
            -0.688E+01             0.526E-64
            -0.686E+01             0.106E-62
            -0.685E+01             0.397E-60
            -0.684E+01             0.800E-60
            -0.683E+01             0.406E-60
            -0.681E+01             0.107E-60
            -0.680E+01             0.118E-60
            -0.679E+01             0.849E-62
            -0.678E+01             0.569E-61
            -0.676E+01             0.551E-61
            -0.675E+01             0.461E-62
            -0.674E+01             0.160E-61
            -0.673E+01             0.712E-62
            -0.671E+01             0.274E-60
            -0.670E+01             0.242E-61
            -0.669E+01             0.288E-62
            -0.668E+01             0.670E-61
            -0.666E+01             0.250E-60
            -0.665E+01             0.138E-60
            -0.664E+01             0.141E-61
            -0.663E+01             0.270E-60
            -0.661E+01             0.131E-63
            -0.660E+01             0.425E-62
            -0.659E+01             0.233E-63
            -0.658E+01             0.925E-61
            -0.656E+01             0.205E-63
            -0.655E+01             0.111E-60
            -0.654E+01             0.138E-59
            -0.653E+01             0.426E-62
            -0.651E+01             0.909E-64
            -0.650E+01             0.197E-59
            -0.649E+01             0.189E-59
            -0.648E+01             0.452E-61
            -0.646E+01             0.386E-60
            -0.645E+01             0.151E-62
            -0.644E+01             0.744E-61
            -0.643E+01             0.299E-61
            -0.641E+01             0.897E-61
            -0.640E+01             0.637E-61
            -0.639E+01             0.495E-63
            -0.638E+01             0.845E-60
            -0.636E+01             0.106E-60
            -0.635E+01             0.158E-60
            -0.634E+01             0.150E-62
            -0.633E+01             0.210E-63
            -0.631E+01             0.263E-60
            -0.630E+01             0.109E-62
            -0.629E+01             0.770E-60
            -0.628E+01             0.198E-60
            -0.626E+01             0.175E-61
            -0.625E+01             0.619E-60
            -0.624E+01             0.275E-61
            -0.623E+01             0.448E-63
            -0.621E+01             0.163E-60
            -0.620E+01             0.129E-60
            -0.619E+01             0.825E-62
            -0.618E+01             0.989E-61
            -0.616E+01             0.440E-61
            -0.615E+01             0.666E-60
            -0.614E+01             0.659E-62
            -0.613E+01             0.129E-65
            -0.611E+01             0.177E-61
            -0.610E+01             0.732E-61
            -0.609E+01             0.517E-60
            -0.608E+01             0.715E-62
            -0.606E+01             0.379E-61
            -0.605E+01             0.178E-59
            -0.604E+01             0.126E-61
            -0.603E+01             0.177E-60
            -0.601E+01             0.146E-61
            -0.600E+01             0.302E-61
            -0.599E+01             0.651E-62
            -0.598E+01             0.424E-60
            -0.597E+01             0.479E-62
            -0.595E+01             0.175E-60
            -0.594E+01             0.176E-60
            -0.593E+01             0.595E-63
            -0.592E+01             0.130E-61
            -0.590E+01             0.128E-60
            -0.589E+01             0.777E-61
            -0.588E+01             0.221E-61
            -0.587E+01             0.642E-61
            -0.585E+01             0.203E-60
            -0.584E+01             0.181E-60
            -0.583E+01             0.222E-61
            -0.582E+01             0.157E-60
            -0.580E+01             0.127E-60
            -0.579E+01             0.813E-61
            -0.578E+01             0.161E-61
            -0.577E+01             0.485E-61
            -0.575E+01             0.200E-61
            -0.574E+01             0.537E-60
            -0.573E+01             0.115E-61
            -0.572E+01             0.722E-61
            -0.570E+01             0.297E-64
            -0.569E+01             0.610E-63
            -0.568E+01             0.136E-59
            -0.567E+01             0.580E-60
            -0.565E+01             0.197E-62
            -0.564E+01             0.217E-61
            -0.563E+01             0.797E-60
            -0.562E+01             0.326E-61
            -0.560E+01             0.162E-61
            -0.559E+01             0.696E-61
            -0.558E+01             0.414E-61
            -0.557E+01             0.195E-60
            -0.555E+01             0.948E-61
            -0.554E+01             0.321E-61
            -0.553E+01             0.152E-60
            -0.552E+01             0.506E-63
            -0.550E+01             0.264E-61
            -0.549E+01             0.712E-60
            -0.548E+01             0.209E-61
            -0.547E+01             0.350E-62
            -0.545E+01             0.331E-62
            -0.544E+01             0.269E-60
            -0.543E+01             0.373E-60
            -0.542E+01             0.509E-61
            -0.540E+01             0.423E-61
            -0.539E+01             0.626E-62
            -0.538E+01             0.243E-59
            -0.537E+01             0.179E-60
            -0.535E+01             0.882E-63
            -0.534E+01             0.932E-61
            -0.533E+01             0.417E-62
            -0.532E+01             0.332E-64
            -0.530E+01             0.165E-61
            -0.529E+01             0.380E-61
            -0.528E+01             0.140E-60
            -0.527E+01             0.111E-59
            -0.525E+01             0.949E-61
            -0.524E+01             0.248E-62
            -0.523E+01             0.132E-60
            -0.522E+01             0.430E-60
            -0.520E+01             0.159E-60
            -0.519E+01             0.161E-59
            -0.518E+01             0.195E-60
            -0.517E+01             0.449E-60
            -0.515E+01             0.426E-60
            -0.514E+01             0.836E-60
            -0.513E+01             0.177E-60
            -0.512E+01             0.257E-60
            -0.510E+01             0.251E-60
            -0.509E+01             0.518E-61
            -0.508E+01             0.238E-61
            -0.507E+01             0.692E-61
            -0.505E+01             0.417E-61
            -0.504E+01             0.551E-60
            -0.503E+01             0.711E-61
            -0.502E+01             0.172E-60
            -0.500E+01             0.564E-60
            -0.499E+01             0.802E-61
            -0.498E+01             0.202E-60
            -0.497E+01             0.101E-60
            -0.495E+01             0.290E-62
            -0.494E+01             0.756E-61
            -0.493E+01             0.229E-60
            -0.492E+01             0.419E-62
            -0.490E+01             0.129E-61
            -0.489E+01             0.351E-60
            -0.488E+01             0.111E-59
            -0.487E+01             0.151E-59
            -0.485E+01             0.970E-62
            -0.484E+01             0.382E-60
            -0.483E+01             0.239E-61
            -0.482E+01             0.612E-60
            -0.480E+01             0.942E-64
            -0.479E+01             0.248E-62
            -0.478E+01             0.200E-60
            -0.477E+01             0.661E-61
            -0.475E+01             0.459E-60
            -0.474E+01             0.581E-60
            -0.473E+01             0.919E-61
            -0.472E+01             0.157E-60
            -0.470E+01             0.621E-60
            -0.469E+01             0.368E-60
            -0.468E+01             0.810E-61
            -0.467E+01             0.291E-61
            -0.465E+01             0.256E-60
            -0.464E+01             0.240E-60
            -0.463E+01             0.108E-60
            -0.462E+01             0.101E-60
            -0.460E+01             0.941E-60
            -0.459E+01             0.173E-60
            -0.458E+01             0.277E-60
            -0.457E+01             0.844E-61
            -0.455E+01             0.590E-60
            -0.454E+01             0.278E-60
            -0.453E+01             0.544E-61
            -0.452E+01             0.152E-59
            -0.450E+01             0.261E-60
            -0.449E+01             0.594E-61
            -0.448E+01             0.791E-60
            -0.447E+01             0.151E-61
            -0.445E+01             0.832E-60
            -0.444E+01             0.891E-62
            -0.443E+01             0.552E-60
            -0.442E+01             0.125E-61
            -0.440E+01             0.280E-61
            -0.439E+01             0.103E-59
            -0.438E+01             0.153E-60
            -0.437E+01             0.268E-60
            -0.435E+01             0.112E-60
            -0.434E+01             0.365E-61
            -0.433E+01             0.363E-61
            -0.432E+01             0.415E-60
            -0.430E+01             0.279E-60
            -0.429E+01             0.430E-61
            -0.428E+01             0.995E-60
            -0.427E+01             0.898E-60
            -0.425E+01             0.689E-61
            -0.424E+01             0.410E-60
            -0.423E+01             0.421E-62
            -0.422E+01             0.227E-60
            -0.420E+01             0.330E-61
            -0.419E+01             0.159E-59
            -0.418E+01             0.163E-62
            -0.417E+01             0.364E-59
            -0.415E+01             0.124E-59
            -0.414E+01             0.119E-59
            -0.413E+01             0.101E-60
            -0.412E+01             0.259E-61
            -0.410E+01             0.162E-59
            -0.409E+01             0.415E-60
            -0.408E+01             0.116E-59
            -0.407E+01             0.120E-59
            -0.405E+01             0.161E-60
            -0.404E+01             0.387E-63
            -0.403E+01             0.165E-60
            -0.402E+01             0.532E-61
            -0.400E+01             0.114E-59
            -0.399E+01             0.480E-60
            -0.398E+01             0.145E-59
            -0.397E+01             0.344E-60
            -0.395E+01             0.449E-60
            -0.394E+01             0.233E-59
            -0.393E+01             0.570E-59
            -0.392E+01             0.285E-59
            -0.390E+01             0.374E-60
            -0.389E+01             0.263E-60
            -0.388E+01             0.598E-62
            -0.387E+01             0.101E-60
            -0.385E+01             0.490E-60
            -0.384E+01             0.176E-64
            -0.383E+01             0.378E-61
            -0.382E+01             0.114E-60
            -0.380E+01             0.797E-60
            -0.379E+01             0.157E-59
            -0.378E+01             0.169E-59
            -0.377E+01             0.169E-60
            -0.375E+01             0.413E-61
            -0.374E+01             0.116E-58
            -0.373E+01             0.447E-59
            -0.372E+01             0.142E-60
            -0.370E+01             0.103E-61
            -0.369E+01             0.123E-61
            -0.368E+01             0.159E-61
            -0.367E+01             0.115E-60
            -0.365E+01             0.201E-59
            -0.364E+01             0.867E-60
            -0.363E+01             0.418E-64
            -0.362E+01             0.261E-59
            -0.360E+01             0.125E-61
            -0.359E+01             0.131E-60
            -0.358E+01             0.250E-59
            -0.357E+01             0.380E-59
            -0.355E+01             0.963E-60
            -0.354E+01             0.120E-60
            -0.353E+01             0.299E-59
            -0.352E+01             0.106E-59
            -0.350E+01             0.137E-61
            -0.349E+01             0.946E-60
            -0.348E+01             0.198E-60
            -0.347E+01             0.275E-60
            -0.345E+01             0.738E-61
            -0.344E+01             0.341E-61
            -0.343E+01             0.433E-60
            -0.342E+01             0.123E-59
            -0.340E+01             0.312E-60
            -0.339E+01             0.195E-60
            -0.338E+01             0.498E-61
            -0.337E+01             0.786E-61
            -0.335E+01             0.464E-59
            -0.334E+01             0.923E-59
            -0.333E+01             0.460E-60
            -0.332E+01             0.413E-62
            -0.330E+01             0.901E-60
            -0.329E+01             0.101E-60
            -0.328E+01             0.105E-59
            -0.327E+01             0.693E-60
            -0.325E+01             0.112E-60
            -0.324E+01             0.697E-59
            -0.323E+01             0.485E-61
            -0.322E+01             0.196E-59
            -0.320E+01             0.240E-59
            -0.319E+01             0.345E-60
            -0.318E+01             0.101E-59
            -0.317E+01             0.505E-60
            -0.315E+01             0.380E-60
            -0.314E+01             0.238E-59
            -0.313E+01             0.887E-61
            -0.312E+01             0.191E-60
            -0.310E+01             0.118E-60
            -0.309E+01             0.604E-59
            -0.308E+01             0.103E-58
            -0.307E+01             0.664E-61
            -0.305E+01             0.676E-60
            -0.304E+01             0.684E-60
            -0.303E+01             0.192E-59
            -0.302E+01             0.108E-58
            -0.300E+01             0.312E-59
            -0.299E+01             0.236E-59
            -0.298E+01             0.202E-59
            -0.297E+01             0.512E-60
            -0.295E+01             0.166E-59
            -0.294E+01             0.335E-59
            -0.293E+01             0.695E-59
            -0.292E+01             0.284E-60
            -0.290E+01             0.268E-59
            -0.289E+01             0.163E-59
            -0.288E+01             0.580E-59
            -0.287E+01             0.755E-60
            -0.285E+01             0.117E-59
            -0.284E+01             0.766E-60
            -0.283E+01             0.259E-59
            -0.282E+01             0.171E-59
            -0.280E+01             0.468E-59
            -0.279E+01             0.148E-58
            -0.278E+01             0.511E-59
            -0.277E+01             0.101E-58
            -0.275E+01             0.553E-58
            -0.274E+01             0.758E-58
            -0.273E+01             0.326E-57
            -0.272E+01             0.148E-56
            -0.270E+01             0.518E-56
            -0.269E+01             0.172E-55
            -0.268E+01             0.644E-55
            -0.267E+01             0.231E-54
            -0.265E+01             0.834E-54
            -0.264E+01             0.299E-53
            -0.263E+01             0.106E-52
            -0.262E+01             0.377E-52
            -0.260E+01             0.133E-51
            -0.259E+01             0.465E-51
            -0.258E+01             0.162E-50
            -0.257E+01             0.559E-50
            -0.255E+01             0.192E-49
            -0.254E+01             0.656E-49
            -0.253E+01             0.223E-48
            -0.252E+01             0.752E-48
            -0.250E+01             0.252E-47
            -0.249E+01             0.840E-47
            -0.248E+01             0.278E-46
            -0.247E+01             0.917E-46
            -0.245E+01             0.300E-45
            -0.244E+01             0.975E-45
            -0.243E+01             0.315E-44
            -0.242E+01             0.101E-43
            -0.240E+01             0.323E-43
            -0.239E+01             0.103E-42
            -0.238E+01             0.324E-42
            -0.237E+01             0.101E-41
            -0.235E+01             0.316E-41
            -0.234E+01             0.979E-41
            -0.233E+01             0.301E-40
            -0.232E+01             0.921E-40
            -0.230E+01             0.280E-39
            -0.229E+01             0.845E-39
            -0.228E+01             0.254E-38
            -0.227E+01             0.757E-38
            -0.225E+01             0.224E-37
            -0.224E+01             0.661E-37
            -0.223E+01             0.194E-36
            -0.222E+01             0.564E-36
            -0.220E+01             0.163E-35
            -0.219E+01             0.468E-35
            -0.218E+01             0.134E-34
            -0.217E+01             0.380E-34
            -0.215E+01             0.107E-33
            -0.214E+01             0.300E-33
            -0.213E+01             0.837E-33
            -0.212E+01             0.232E-32
            -0.210E+01             0.637E-32
            -0.209E+01             0.174E-31
            -0.208E+01             0.473E-31
            -0.207E+01             0.128E-30
            -0.205E+01             0.343E-30
            -0.204E+01             0.914E-30
            -0.203E+01             0.242E-29
            -0.202E+01             0.638E-29
            -0.200E+01             0.167E-28
            -0.199E+01             0.434E-28
            -0.198E+01             0.112E-27
            -0.197E+01             0.288E-27
            -0.196E+01             0.734E-27
            -0.194E+01             0.186E-26
            -0.193E+01             0.469E-26
            -0.192E+01             0.117E-25
            -0.191E+01             0.292E-25
            -0.189E+01             0.722E-25
            -0.188E+01             0.177E-24
            -0.187E+01             0.433E-24
            -0.186E+01             0.105E-23
            -0.184E+01             0.253E-23
            -0.183E+01             0.605E-23
            -0.182E+01             0.144E-22
            -0.181E+01             0.340E-22
            -0.179E+01             0.799E-22
            -0.178E+01             0.187E-21
            -0.177E+01             0.432E-21
            -0.176E+01             0.996E-21
            -0.174E+01             0.228E-20
            -0.173E+01             0.519E-20
            -0.172E+01             0.117E-19
            -0.171E+01             0.263E-19
            -0.169E+01             0.587E-19
            -0.168E+01             0.130E-18
            -0.167E+01             0.287E-18
            -0.166E+01             0.628E-18
            -0.164E+01             0.136E-17
            -0.163E+01             0.295E-17
            -0.162E+01             0.632E-17
            -0.161E+01             0.135E-16
            -0.159E+01             0.286E-16
            -0.158E+01             0.601E-16
            -0.157E+01             0.126E-15
            -0.156E+01             0.261E-15
            -0.154E+01             0.539E-15
            -0.153E+01             0.110E-14
            -0.152E+01             0.225E-14
            -0.151E+01             0.455E-14
            -0.149E+01             0.915E-14
            -0.148E+01             0.183E-13
            -0.147E+01             0.362E-13
            -0.146E+01             0.714E-13
            -0.144E+01             0.140E-12
            -0.143E+01             0.272E-12
            -0.142E+01             0.525E-12
            -0.141E+01             0.101E-11
            -0.139E+01             0.192E-11
            -0.138E+01             0.364E-11
            -0.137E+01             0.684E-11
            -0.136E+01             0.128E-10
            -0.134E+01             0.237E-10
            -0.133E+01             0.437E-10
            -0.132E+01             0.801E-10
            -0.131E+01             0.146E-09
            -0.129E+01             0.263E-09
            -0.128E+01             0.472E-09
            -0.127E+01             0.842E-09
            -0.126E+01             0.149E-08
            -0.124E+01             0.262E-08
            -0.123E+01             0.457E-08
            -0.122E+01             0.793E-08
            -0.121E+01             0.137E-07
            -0.119E+01             0.234E-07
            -0.118E+01             0.397E-07
            -0.117E+01             0.669E-07
            -0.116E+01             0.112E-06
            -0.114E+01             0.187E-06
            -0.113E+01             0.308E-06
            -0.112E+01             0.506E-06
            -0.111E+01             0.823E-06
            -0.109E+01             0.133E-05
            -0.108E+01             0.214E-05
            -0.107E+01             0.341E-05
            -0.106E+01             0.540E-05
            -0.104E+01             0.849E-05
            -0.103E+01             0.133E-04
            -0.102E+01             0.205E-04
            -0.101E+01             0.316E-04
            -0.993E+00             0.483E-04
            -0.981E+00             0.732E-04
            -0.968E+00             0.110E-03
            -0.956E+00             0.165E-03
            -0.943E+00             0.244E-03
            -0.931E+00             0.359E-03
            -0.918E+00             0.525E-03
            -0.906E+00             0.762E-03
            -0.893E+00             0.110E-02
            -0.881E+00             0.157E-02
            -0.868E+00             0.222E-02
            -0.856E+00             0.312E-02
            -0.843E+00             0.435E-02
            -0.831E+00             0.603E-02
            -0.818E+00             0.828E-02
            -0.806E+00             0.113E-01
            -0.793E+00             0.153E-01
            -0.781E+00             0.205E-01
            -0.768E+00             0.272E-01
            -0.756E+00             0.359E-01
            -0.743E+00             0.470E-01
            -0.731E+00             0.609E-01
            -0.718E+00             0.784E-01
            -0.706E+00             0.999E-01
            -0.693E+00             0.126E+00
            -0.681E+00             0.158E+00
            -0.668E+00             0.196E+00
            -0.656E+00             0.241E+00
            -0.643E+00             0.294E+00
            -0.631E+00             0.355E+00
            -0.618E+00             0.424E+00
            -0.606E+00             0.502E+00
            -0.593E+00             0.588E+00
            -0.581E+00             0.682E+00
            -0.568E+00             0.782E+00
            -0.556E+00             0.886E+00
            -0.543E+00             0.994E+00
            -0.531E+00             0.110E+01
            -0.518E+00             0.121E+01
            -0.506E+00             0.130E+01
            -0.493E+00             0.139E+01
            -0.481E+00             0.146E+01
            -0.468E+00             0.151E+01
            -0.456E+00             0.154E+01
            -0.443E+00             0.154E+01
            -0.431E+00             0.152E+01
            -0.418E+00             0.146E+01
            -0.406E+00             0.138E+01
            -0.394E+00             0.127E+01
            -0.381E+00             0.113E+01
            -0.369E+00             0.979E+00
            -0.356E+00             0.812E+00
            -0.344E+00             0.642E+00
            -0.331E+00             0.475E+00
            -0.319E+00             0.322E+00
            -0.306E+00             0.191E+00
            -0.294E+00             0.899E-01
            -0.281E+00             0.249E-01
            -0.269E+00             0.167E-03
            -0.256E+00             0.175E-01
            -0.244E+00             0.755E-01
            -0.231E+00             0.170E+00
            -0.219E+00             0.295E+00
            -0.206E+00             0.440E+00
            -0.194E+00             0.594E+00
            -0.181E+00             0.745E+00
            -0.169E+00             0.881E+00
            -0.156E+00             0.991E+00
            -0.144E+00             0.107E+01
            -0.131E+00             0.110E+01
            -0.119E+00             0.109E+01
            -0.106E+00             0.103E+01
            -0.937E-01             0.932E+00
            -0.812E-01             0.803E+00
            -0.687E-01             0.652E+00
            -0.562E-01             0.492E+00
            -0.437E-01             0.337E+00
            -0.312E-01             0.200E+00
            -0.187E-01             0.920E-01
            -0.625E-02             0.235E-01
             0.625E-02             0.756E-25
             0.187E-01             0.235E-01
             0.312E-01             0.920E-01
             0.437E-01             0.200E+00
             0.562E-01             0.337E+00
             0.687E-01             0.492E+00
             0.812E-01             0.652E+00
             0.937E-01             0.803E+00
             0.106E+00             0.932E+00
             0.119E+00             0.103E+01
             0.131E+00             0.109E+01
             0.144E+00             0.110E+01
             0.156E+00             0.107E+01
             0.169E+00             0.991E+00
             0.181E+00             0.881E+00
             0.194E+00             0.745E+00
             0.206E+00             0.594E+00
             0.219E+00             0.440E+00
             0.231E+00             0.295E+00
             0.244E+00             0.170E+00
             0.256E+00             0.755E-01
             0.269E+00             0.175E-01
             0.281E+00             0.167E-03
             0.294E+00             0.249E-01
             0.306E+00             0.899E-01
             0.319E+00             0.191E+00
             0.331E+00             0.322E+00
             0.344E+00             0.475E+00
             0.356E+00             0.642E+00
             0.369E+00             0.812E+00
             0.381E+00             0.979E+00
             0.394E+00             0.113E+01
             0.406E+00             0.127E+01
             0.418E+00             0.138E+01
             0.431E+00             0.146E+01
             0.443E+00             0.152E+01
             0.456E+00             0.154E+01
             0.468E+00             0.154E+01
             0.481E+00             0.151E+01
             0.493E+00             0.146E+01
             0.506E+00             0.139E+01
             0.518E+00             0.130E+01
             0.531E+00             0.121E+01
             0.543E+00             0.110E+01
             0.556E+00             0.994E+00
             0.568E+00             0.886E+00
             0.581E+00             0.782E+00
             0.593E+00             0.682E+00
             0.606E+00             0.588E+00
             0.618E+00             0.502E+00
             0.631E+00             0.424E+00
             0.643E+00             0.355E+00
             0.656E+00             0.294E+00
             0.668E+00             0.241E+00
             0.681E+00             0.196E+00
             0.693E+00             0.158E+00
             0.706E+00             0.126E+00
             0.718E+00             0.999E-01
             0.731E+00             0.784E-01
             0.743E+00             0.609E-01
             0.756E+00             0.470E-01
             0.768E+00             0.359E-01
             0.781E+00             0.272E-01
             0.793E+00             0.205E-01
             0.806E+00             0.153E-01
             0.818E+00             0.113E-01
             0.831E+00             0.828E-02
             0.843E+00             0.603E-02
             0.856E+00             0.435E-02
             0.868E+00             0.312E-02
             0.881E+00             0.222E-02
             0.893E+00             0.157E-02
             0.906E+00             0.110E-02
             0.918E+00             0.762E-03
             0.931E+00             0.525E-03
             0.943E+00             0.359E-03
             0.956E+00             0.244E-03
             0.968E+00             0.165E-03
             0.981E+00             0.110E-03
             0.993E+00             0.732E-04
             0.101E+01             0.483E-04
             0.102E+01             0.316E-04
             0.103E+01             0.205E-04
             0.104E+01             0.133E-04
             0.106E+01             0.849E-05
             0.107E+01             0.540E-05
             0.108E+01             0.341E-05
             0.109E+01             0.214E-05
             0.111E+01             0.133E-05
             0.112E+01             0.823E-06
             0.113E+01             0.506E-06
             0.114E+01             0.308E-06
             0.116E+01             0.187E-06
             0.117E+01             0.112E-06
             0.118E+01             0.669E-07
             0.119E+01             0.397E-07
             0.121E+01             0.234E-07
             0.122E+01             0.137E-07
             0.123E+01             0.793E-08
             0.124E+01             0.457E-08
             0.126E+01             0.262E-08
             0.127E+01             0.149E-08
             0.128E+01             0.842E-09
             0.129E+01             0.472E-09
             0.131E+01             0.263E-09
             0.132E+01             0.146E-09
             0.133E+01             0.801E-10
             0.134E+01             0.437E-10
             0.136E+01             0.237E-10
             0.137E+01             0.128E-10
             0.138E+01             0.684E-11
             0.139E+01             0.364E-11
             0.141E+01             0.192E-11
             0.142E+01             0.101E-11
             0.143E+01             0.525E-12
             0.144E+01             0.272E-12
             0.146E+01             0.140E-12
             0.147E+01             0.714E-13
             0.148E+01             0.362E-13
             0.149E+01             0.183E-13
             0.151E+01             0.915E-14
             0.152E+01             0.455E-14
             0.153E+01             0.225E-14
             0.154E+01             0.110E-14
             0.156E+01             0.539E-15
             0.157E+01             0.261E-15
             0.158E+01             0.126E-15
             0.159E+01             0.601E-16
             0.161E+01             0.286E-16
             0.162E+01             0.135E-16
             0.163E+01             0.632E-17
             0.164E+01             0.295E-17
             0.166E+01             0.136E-17
             0.167E+01             0.628E-18
             0.168E+01             0.287E-18
             0.169E+01             0.130E-18
             0.171E+01             0.587E-19
             0.172E+01             0.263E-19
             0.173E+01             0.117E-19
             0.174E+01             0.519E-20
             0.176E+01             0.228E-20
             0.177E+01             0.997E-21
             0.178E+01             0.433E-21
             0.179E+01             0.187E-21
             0.181E+01             0.800E-22
             0.182E+01             0.340E-22
             0.183E+01             0.143E-22
             0.184E+01             0.600E-23
             0.186E+01             0.252E-23
             0.187E+01             0.106E-23
             0.188E+01             0.430E-24
             0.189E+01             0.181E-24
             0.191E+01             0.779E-25
             0.192E+01             0.327E-25
             0.193E+01             0.168E-25
             0.194E+01             0.756E-26
             0.196E+01             0.337E-26
             0.197E+01             0.157E-26
             0.198E+01             0.557E-27
             0.199E+01             0.128E-27
             0.200E+01             0.121E-27
             0.202E+01             0.975E-28
             0.203E+01             0.449E-28
             0.204E+01             0.241E-29
             0.205E+01             0.214E-29
             0.207E+01             0.106E-29
             0.208E+01             0.455E-29
             0.209E+01             0.637E-28
             0.210E+01             0.130E-29
             0.212E+01             0.567E-29
             0.213E+01             0.225E-31
             0.214E+01             0.109E-28
             0.215E+01             0.184E-28
             0.217E+01             0.803E-28
             0.218E+01             0.157E-27
             0.219E+01             0.184E-27
             0.220E+01             0.965E-29
             0.222E+01             0.226E-28
             0.223E+01             0.562E-28
             0.224E+01             0.409E-28
             0.225E+01             0.234E-28
             0.227E+01             0.123E-28
             0.228E+01             0.295E-28
             0.229E+01             0.937E-29
             0.230E+01             0.548E-28
             0.232E+01             0.753E-28
             0.233E+01             0.519E-28
             0.234E+01             0.350E-28
             0.235E+01             0.104E-31
             0.237E+01             0.570E-29
             0.238E+01             0.818E-29
             0.239E+01             0.118E-28
             0.240E+01             0.279E-29
             0.242E+01             0.156E-29
             0.243E+01             0.271E-29
             0.244E+01             0.246E-29
             0.245E+01             0.214E-28
             0.247E+01             0.441E-28
             0.248E+01             0.418E-28
             0.249E+01             0.338E-28
             0.250E+01             0.258E-28
             0.252E+01             0.453E-29
             0.253E+01             0.431E-29
             0.254E+01             0.889E-29
             0.255E+01             0.196E-28
             0.257E+01             0.594E-32
             0.258E+01             0.214E-28
             0.259E+01             0.346E-30
             0.260E+01             0.207E-28
             0.262E+01             0.248E-29
             0.263E+01             0.471E-28
             0.264E+01             0.519E-29
             0.265E+01             0.207E-28
             0.267E+01             0.201E-29
             0.268E+01             0.470E-28
             0.269E+01             0.940E-29
             0.270E+01             0.155E-28
             0.272E+01             0.165E-30
             0.273E+01             0.218E-28
             0.274E+01             0.597E-29
             0.275E+01             0.197E-30
             0.277E+01             0.198E-28
             0.278E+01             0.432E-31
             0.279E+01             0.186E-28
             0.280E+01             0.118E-27
             0.282E+01             0.117E-28
             0.283E+01             0.281E-28
             0.284E+01             0.107E-28
             0.285E+01             0.522E-29
             0.287E+01             0.698E-30
             0.288E+01             0.349E-28
             0.289E+01             0.692E-30
             0.290E+01             0.118E-28
             0.292E+01             0.610E-30
             0.293E+01             0.255E-29
             0.294E+01             0.151E-28
             0.295E+01             0.327E-31
             0.297E+01             0.831E-29
             0.298E+01             0.805E-29
             0.299E+01             0.146E-28
             0.300E+01             0.726E-30
             0.302E+01             0.883E-29
             0.303E+01             0.351E-31
             0.304E+01             0.463E-29
             0.305E+01             0.612E-30
             0.307E+01             0.515E-29
             0.308E+01             0.176E-28
             0.309E+01             0.710E-28
             0.310E+01             0.627E-28
             0.312E+01             0.489E-28
             0.313E+01             0.624E-29
             0.314E+01             0.863E-29
             0.315E+01             0.646E-29
             0.317E+01             0.122E-28
             0.318E+01             0.980E-29
             0.319E+01             0.181E-28
             0.320E+01             0.185E-29
             0.322E+01             0.319E-28
             0.323E+01             0.417E-29
             0.324E+01             0.258E-29
             0.325E+01             0.453E-31
             0.327E+01             0.119E-29
             0.328E+01             0.170E-29
             0.329E+01             0.277E-31
             0.330E+01             0.104E-31
             0.332E+01             0.163E-28
             0.333E+01             0.374E-29
             0.334E+01             0.176E-28
             0.335E+01             0.102E-28
             0.337E+01             0.154E-30
             0.338E+01             0.564E-29
             0.339E+01             0.372E-29
             0.340E+01             0.123E-29
             0.342E+01             0.577E-29
             0.343E+01             0.554E-29
             0.344E+01             0.526E-29
             0.345E+01             0.298E-30
             0.347E+01             0.143E-29
             0.348E+01             0.552E-29
             0.349E+01             0.876E-30
             0.350E+01             0.184E-29
             0.352E+01             0.692E-32
             0.353E+01             0.175E-29
             0.354E+01             0.142E-28
             0.355E+01             0.391E-29
             0.357E+01             0.599E-29
             0.358E+01             0.196E-28
             0.359E+01             0.222E-28
             0.360E+01             0.947E-30
             0.362E+01             0.470E-30
             0.363E+01             0.711E-30
             0.364E+01             0.137E-28
             0.365E+01             0.325E-29
             0.367E+01             0.263E-28
             0.368E+01             0.304E-29
             0.369E+01             0.218E-30
             0.370E+01             0.149E-28
             0.372E+01             0.709E-29
             0.373E+01             0.625E-31
             0.374E+01             0.333E-29
             0.375E+01             0.224E-30
             0.377E+01             0.305E-30
             0.378E+01             0.364E-29
             0.379E+01             0.117E-29
             0.380E+01             0.281E-29
             0.382E+01             0.145E-28
             0.383E+01             0.235E-29
             0.384E+01             0.157E-29
             0.385E+01             0.784E-29
             0.387E+01             0.116E-29
             0.388E+01             0.236E-30
             0.389E+01             0.984E-29
             0.390E+01             0.102E-28
             0.392E+01             0.173E-28
             0.393E+01             0.502E-29
             0.394E+01             0.641E-30
             0.395E+01             0.139E-29
             0.397E+01             0.116E-29
             0.398E+01             0.366E-30
             0.399E+01             0.113E-28
             0.400E+01             0.807E-31
             0.402E+01             0.203E-31
             0.403E+01             0.352E-29
             0.404E+01             0.413E-29
             0.405E+01             0.587E-29
             0.407E+01             0.400E-28
             0.408E+01             0.115E-28
             0.409E+01             0.641E-29
             0.410E+01             0.444E-29
             0.412E+01             0.105E-29
             0.413E+01             0.516E-30
             0.414E+01             0.622E-29
             0.415E+01             0.111E-30
             0.417E+01             0.795E-32
             0.418E+01             0.751E-31
             0.419E+01             0.834E-30
             0.420E+01             0.683E-29
             0.422E+01             0.249E-29
             0.423E+01             0.439E-29
             0.424E+01             0.736E-31
             0.425E+01             0.665E-30
             0.427E+01             0.532E-29
             0.428E+01             0.280E-29
             0.429E+01             0.139E-29
             0.430E+01             0.315E-30
             0.432E+01             0.457E-29
             0.433E+01             0.113E-29
             0.434E+01             0.110E-29
             0.435E+01             0.781E-29
             0.437E+01             0.108E-29
             0.438E+01             0.154E-28
             0.439E+01             0.204E-29
             0.440E+01             0.143E-29
             0.442E+01             0.236E-30
             0.443E+01             0.886E-29
             0.444E+01             0.299E-29
             0.445E+01             0.158E-29
             0.447E+01             0.645E-32
             0.448E+01             0.241E-32
             0.449E+01             0.157E-29
             0.450E+01             0.973E-31
             0.452E+01             0.851E-30
             0.453E+01             0.696E-29
             0.454E+01             0.190E-29
             0.455E+01             0.219E-30
             0.457E+01             0.128E-32
             0.458E+01             0.952E-30
             0.459E+01             0.195E-30
             0.460E+01             0.984E-30
             0.462E+01             0.248E-29
             0.463E+01             0.683E-29
             0.464E+01             0.131E-29
             0.465E+01             0.271E-30
             0.467E+01             0.454E-30
             0.468E+01             0.233E-30
             0.469E+01             0.880E-29
             0.470E+01             0.608E-30
             0.472E+01             0.269E-31
             0.473E+01             0.578E-31
             0.474E+01             0.256E-30
             0.475E+01             0.128E-29
             0.477E+01             0.254E-29
             0.478E+01             0.208E-29
             0.479E+01             0.746E-30
             0.480E+01             0.444E-31
             0.482E+01             0.146E-29
             0.483E+01             0.314E-30
             0.484E+01             0.102E-29
             0.485E+01             0.167E-31
             0.487E+01             0.199E-29
             0.488E+01             0.532E-29
             0.489E+01             0.269E-30
             0.490E+01             0.107E-29
             0.492E+01             0.203E-30
             0.493E+01             0.466E-32
             0.494E+01             0.652E-30
             0.495E+01             0.205E-30
             0.497E+01             0.528E-32
             0.498E+01             0.455E-30
             0.499E+01             0.145E-28
             0.500E+01             0.709E-30
             0.502E+01             0.134E-29
             0.503E+01             0.435E-30
             0.504E+01             0.148E-29
             0.505E+01             0.168E-29
             0.507E+01             0.271E-29
             0.508E+01             0.101E-32
             0.509E+01             0.109E-29
             0.510E+01             0.422E-29
             0.512E+01             0.474E-31
             0.513E+01             0.165E-31
             0.514E+01             0.140E-30
             0.515E+01             0.151E-29
             0.517E+01             0.288E-29
             0.518E+01             0.218E-30
             0.519E+01             0.982E-30
             0.520E+01             0.320E-29
             0.522E+01             0.180E-29
             0.523E+01             0.204E-30
             0.524E+01             0.302E-29
             0.525E+01             0.986E-32
             0.527E+01             0.411E-31
             0.528E+01             0.440E-29
             0.529E+01             0.755E-31
             0.530E+01             0.520E-31
             0.532E+01             0.219E-29
             0.533E+01             0.337E-30
             0.534E+01             0.515E-30
             0.535E+01             0.259E-29
             0.537E+01             0.594E-31
             0.538E+01             0.103E-29
             0.539E+01             0.127E-29
             0.540E+01             0.191E-30
             0.542E+01             0.276E-29
             0.543E+01             0.661E-31
             0.544E+01             0.385E-29
             0.545E+01             0.107E-30
             0.547E+01             0.199E-29
             0.548E+01             0.150E-30
             0.549E+01             0.524E-30
             0.550E+01             0.293E-30
             0.552E+01             0.234E-29
             0.553E+01             0.960E-30
             0.554E+01             0.462E-29
             0.555E+01             0.853E-30
             0.557E+01             0.543E-33
             0.558E+01             0.729E-31
             0.559E+01             0.118E-30
             0.560E+01             0.351E-30
             0.562E+01             0.706E-30
             0.563E+01             0.262E-30
             0.564E+01             0.902E-31
             0.565E+01             0.114E-29
             0.567E+01             0.122E-29
             0.568E+01             0.155E-31
             0.569E+01             0.854E-31
             0.570E+01             0.357E-30
             0.572E+01             0.643E-31
             0.573E+01             0.616E-31
             0.574E+01             0.729E-31
             0.575E+01             0.153E-32
             0.577E+01             0.151E-30
             0.578E+01             0.682E-30
             0.579E+01             0.441E-31
             0.580E+01             0.124E-29
             0.582E+01             0.850E-30
             0.583E+01             0.202E-29
             0.584E+01             0.110E-29
             0.585E+01             0.291E-31
             0.587E+01             0.571E-34
             0.588E+01             0.151E-30
             0.589E+01             0.899E-30
             0.590E+01             0.679E-30
             0.592E+01             0.776E-30
             0.593E+01             0.818E-31
             0.594E+01             0.995E-30
             0.595E+01             0.113E-29
             0.597E+01             0.176E-30
             0.598E+01             0.545E-30
             0.599E+01             0.675E-30
             0.600E+01             0.133E-30
             0.601E+01             0.712E-30
             0.603E+01             0.111E-29
             0.604E+01             0.484E-30
             0.605E+01             0.513E-31
             0.606E+01             0.393E-30
             0.608E+01             0.560E-30
             0.609E+01             0.140E-30
             0.610E+01             0.214E-31
             0.611E+01             0.573E-31
             0.613E+01             0.260E-30
             0.614E+01             0.430E-30
             0.615E+01             0.314E-31
             0.616E+01             0.423E-31
             0.618E+01             0.104E-31
             0.619E+01             0.402E-29
             0.620E+01             0.402E-31
             0.621E+01             0.260E-33
             0.623E+01             0.779E-30
             0.624E+01             0.553E-31
             0.625E+01             0.160E-30
             0.626E+01             0.427E-31
             0.628E+01             0.129E-29
             0.629E+01             0.260E-30
             0.630E+01             0.307E-31
             0.631E+01             0.544E-31
             0.633E+01             0.608E-31
             0.634E+01             0.564E-31
             0.635E+01             0.256E-29
             0.636E+01             0.834E-30
             0.638E+01             0.836E-30
             0.639E+01             0.388E-30
             0.640E+01             0.604E-30
             0.641E+01             0.323E-32
             0.643E+01             0.307E-29
             0.644E+01             0.583E-30
             0.645E+01             0.695E-30
             0.646E+01             0.763E-30
             0.648E+01             0.104E-29
             0.649E+01             0.300E-32
             0.650E+01             0.116E-29
             0.651E+01             0.220E-30
             0.653E+01             0.173E-30
             0.654E+01             0.931E-30
             0.655E+01             0.116E-29
             0.656E+01             0.513E-30
             0.658E+01             0.148E-29
             0.659E+01             0.952E-31
             0.660E+01             0.113E-30
             0.661E+01             0.377E-30
             0.663E+01             0.113E-30
             0.664E+01             0.241E-31
             0.665E+01             0.203E-30
             0.666E+01             0.996E-31
             0.668E+01             0.167E-29
             0.669E+01             0.103E-31
             0.670E+01             0.322E-30
             0.671E+01             0.214E-29
             0.673E+01             0.111E-30
             0.674E+01             0.118E-29
             0.675E+01             0.269E-29
             0.676E+01             0.210E-29
             0.678E+01             0.695E-30
             0.679E+01             0.207E-30
             0.680E+01             0.102E-29
             0.681E+01             0.176E-30
             0.683E+01             0.242E-29
             0.684E+01             0.403E-34
             0.685E+01             0.750E-30
             0.686E+01             0.215E-29
             0.688E+01             0.940E-30
             0.689E+01             0.389E-32
             0.690E+01             0.113E-29
             0.691E+01             0.141E-31
             0.693E+01             0.156E-30
             0.694E+01             0.375E-30
             0.695E+01             0.285E-29
             0.696E+01             0.346E-29
             0.698E+01             0.142E-33
             0.699E+01             0.323E-30
             0.700E+01             0.267E-31
             0.701E+01             0.215E-31
             0.703E+01             0.127E-32
             0.704E+01             0.707E-31
             0.705E+01             0.280E-30
             0.706E+01             0.281E-29
             0.708E+01             0.911E-30
             0.709E+01             0.439E-29
             0.710E+01             0.621E-29
             0.711E+01             0.874E-30
             0.713E+01             0.106E-29
             0.714E+01             0.661E-29
             0.715E+01             0.252E-29
             0.716E+01             0.972E-31
             0.718E+01             0.708E-30
             0.719E+01             0.154E-30
             0.720E+01             0.109E-29
             0.721E+01             0.317E-32
             0.723E+01             0.115E-29
             0.724E+01             0.119E-30
             0.725E+01             0.397E-30
             0.726E+01             0.578E-30
             0.728E+01             0.516E-31
             0.729E+01             0.144E-29
             0.730E+01             0.128E-30
             0.731E+01             0.332E-31
             0.733E+01             0.777E-31
             0.734E+01             0.430E-30
             0.735E+01             0.422E-32
             0.736E+01             0.213E-32
             0.738E+01             0.120E-30
             0.739E+01             0.363E-30
             0.740E+01             0.145E-29
             0.741E+01             0.783E-31
             0.743E+01             0.168E-30
             0.744E+01             0.273E-29
             0.745E+01             0.255E-29
             0.746E+01             0.300E-30
             0.748E+01             0.884E-30
             0.749E+01             0.465E-29
             0.750E+01             0.749E-29
             0.751E+01             0.594E-31
             0.753E+01             0.114E-29
             0.754E+01             0.798E-30
             0.755E+01             0.182E-28
             0.756E+01             0.259E-29
             0.758E+01             0.601E-30
             0.759E+01             0.613E-30
             0.760E+01             0.669E-29
             0.761E+01             0.373E-29
             0.763E+01             0.955E-29
             0.764E+01             0.806E-30
             0.765E+01             0.702E-30
             0.766E+01             0.329E-31
             0.768E+01             0.190E-29
             0.769E+01             0.432E-30
             0.770E+01             0.124E-30
             0.771E+01             0.136E-29
             0.773E+01             0.140E-29
             0.774E+01             0.137E-30
             0.775E+01             0.672E-29
             0.776E+01             0.985E-30
             0.778E+01             0.204E-29
             0.779E+01             0.348E-31
             0.780E+01             0.386E-29
             0.781E+01             0.333E-29
             0.783E+01             0.227E-29
             0.784E+01             0.343E-30
             0.785E+01             0.137E-29
             0.786E+01             0.348E-31
             0.788E+01             0.642E-29
             0.789E+01             0.393E-29
             0.790E+01             0.443E-30
             0.791E+01             0.266E-30
             0.793E+01             0.782E-29
             0.794E+01             0.593E-31
             0.795E+01             0.610E-29
             0.796E+01             0.247E-29
             0.798E+01             0.425E-29
             0.799E+01             0.397E-30
             0.800E+01             0.502E-30
             0.801E+01             0.150E-30
             0.803E+01             0.470E-30
             0.804E+01             0.683E-31
             0.805E+01             0.951E-30
             0.806E+01             0.448E-31
             0.808E+01             0.584E-29
             0.809E+01             0.157E-28
             0.810E+01             0.293E-30
             0.811E+01             0.352E-29
             0.813E+01             0.124E-29
             0.814E+01             0.707E-30
             0.815E+01             0.203E-30
             0.816E+01             0.839E-30
             0.818E+01             0.459E-30
             0.819E+01             0.987E-31
             0.820E+01             0.149E-29
             0.821E+01             0.133E-30
             0.823E+01             0.728E-30
             0.824E+01             0.660E-32
             0.825E+01             0.130E-29
             0.826E+01             0.197E-29
             0.828E+01             0.285E-29
             0.829E+01             0.872E-31
             0.830E+01             0.142E-30
             0.831E+01             0.133E-30
             0.833E+01             0.668E-31
             0.834E+01             0.615E-30
             0.835E+01             0.302E-29
             0.836E+01             0.228E-29
             0.838E+01             0.851E-32
             0.839E+01             0.308E-29
             0.840E+01             0.143E-28
             0.841E+01             0.293E-29
             0.843E+01             0.128E-28
             0.844E+01             0.102E-28
             0.845E+01             0.566E-31
             0.846E+01             0.199E-30
             0.848E+01             0.499E-30
             0.849E+01             0.684E-31
             0.850E+01             0.409E-30
             0.851E+01             0.679E-30
             0.853E+01             0.246E-29
             0.854E+01             0.690E-29
             0.855E+01             0.745E-31
             0.856E+01             0.161E-29
             0.858E+01             0.116E-30
             0.859E+01             0.941E-30
             0.860E+01             0.152E-30
             0.861E+01             0.246E-30
             0.863E+01             0.438E-29
             0.864E+01             0.472E-30
             0.865E+01             0.144E-28
             0.866E+01             0.581E-29
             0.868E+01             0.692E-30
             0.869E+01             0.857E-29
             0.870E+01             0.183E-29
             0.871E+01             0.273E-31
             0.873E+01             0.698E-30
             0.874E+01             0.301E-29
             0.875E+01             0.255E-30
             0.876E+01             0.501E-29
             0.878E+01             0.491E-30
             0.879E+01             0.266E-29
             0.880E+01             0.199E-29
             0.881E+01             0.415E-31
             0.883E+01             0.177E-29
             0.884E+01             0.297E-30
             0.885E+01             0.103E-29
             0.886E+01             0.118E-29
             0.888E+01             0.252E-31
             0.889E+01             0.114E-29
             0.890E+01             0.417E-31
             0.891E+01             0.398E-30
             0.893E+01             0.394E-30
             0.894E+01             0.940E-30
             0.895E+01             0.376E-30
             0.896E+01             0.342E-30
             0.898E+01             0.538E-30
             0.899E+01             0.987E-30
             0.900E+01             0.622E-31
             0.901E+01             0.270E-29
             0.903E+01             0.179E-29
             0.904E+01             0.479E-30
             0.905E+01             0.160E-30
             0.906E+01             0.172E-29
             0.908E+01             0.144E-30
             0.909E+01             0.164E-30
             0.910E+01             0.711E-32
             0.911E+01             0.737E-30
             0.913E+01             0.402E-31
             0.914E+01             0.208E-29
             0.915E+01             0.646E-30
             0.916E+01             0.597E-30
             0.918E+01             0.432E-31
             0.919E+01             0.584E-30
             0.920E+01             0.127E-29
             0.921E+01             0.144E-29
             0.923E+01             0.881E-31
             0.924E+01             0.362E-30
             0.925E+01             0.195E-33
             0.926E+01             0.530E-29
             0.928E+01             0.476E-29
             0.929E+01             0.215E-31
             0.930E+01             0.223E-29
             0.931E+01             0.307E-30
             0.933E+01             0.319E-29
             0.934E+01             0.182E-29
             0.935E+01             0.246E-30
             0.936E+01             0.202E-29
             0.938E+01             0.477E-30
             0.939E+01             0.213E-29
             0.940E+01             0.321E-30
             0.941E+01             0.278E-29
             0.943E+01             0.151E-31
             0.944E+01             0.895E-30
             0.945E+01             0.103E-29
             0.946E+01             0.752E-30
             0.948E+01             0.297E-30
             0.949E+01             0.576E-30
             0.950E+01             0.952E-30
             0.951E+01             0.247E-29
             0.953E+01             0.428E-30
             0.954E+01             0.535E-30
             0.955E+01             0.179E-30
             0.956E+01             0.286E-30
             0.958E+01             0.253E-29
             0.959E+01             0.419E-30
             0.960E+01             0.103E-28
             0.961E+01             0.199E-29
             0.963E+01             0.716E-30
             0.964E+01             0.367E-32
             0.965E+01             0.175E-29
             0.966E+01             0.200E-29
             0.968E+01             0.130E-32
             0.969E+01             0.224E-29
             0.970E+01             0.385E-31
             0.971E+01             0.385E-29
             0.973E+01             0.986E-31
             0.974E+01             0.312E-30
             0.975E+01             0.327E-30
             0.976E+01             0.200E-29
             0.978E+01             0.567E-30
             0.979E+01             0.643E-30
             0.980E+01             0.298E-29
             0.981E+01             0.182E-30
             0.983E+01             0.137E-29
             0.984E+01             0.897E-30
             0.985E+01             0.300E-30
             0.986E+01             0.320E-29
             0.988E+01             0.388E-30
             0.989E+01             0.642E-29
             0.990E+01             0.425E-31
             0.991E+01             0.208E-29
             0.993E+01             0.515E-34
             0.994E+01             0.520E-31
             0.995E+01             0.375E-30
             0.996E+01             0.236E-29
             0.998E+01             0.562E-30
             0.999E+01             0.609E-31
             0.100E+02             0.385E-29
