            -0.699E+01             0.107E-33
            -0.698E+01             0.113E-31
            -0.697E+01             0.149E-31
            -0.696E+01             0.306E-32
            -0.695E+01             0.627E-30
            -0.694E+01             0.101E-30
            -0.693E+01             0.160E-30
            -0.692E+01             0.743E-31
            -0.691E+01             0.176E-31
            -0.690E+01             0.160E-30
            -0.689E+01             0.667E-31
            -0.689E+01             0.728E-32
            -0.688E+01             0.117E-32
            -0.687E+01             0.411E-30
            -0.686E+01             0.162E-31
            -0.685E+01             0.430E-31
            -0.684E+01             0.299E-34
            -0.683E+01             0.136E-31
            -0.682E+01             0.619E-31
            -0.681E+01             0.236E-33
            -0.680E+01             0.183E-31
            -0.679E+01             0.104E-31
            -0.678E+01             0.936E-31
            -0.677E+01             0.305E-32
            -0.676E+01             0.247E-31
            -0.675E+01             0.228E-32
            -0.674E+01             0.112E-30
            -0.673E+01             0.230E-31
            -0.672E+01             0.116E-31
            -0.671E+01             0.655E-33
            -0.670E+01             0.406E-31
            -0.669E+01             0.111E-33
            -0.668E+01             0.229E-33
            -0.667E+01             0.152E-31
            -0.666E+01             0.924E-33
            -0.666E+01             0.750E-32
            -0.665E+01             0.132E-33
            -0.664E+01             0.292E-31
            -0.663E+01             0.200E-31
            -0.662E+01             0.332E-31
            -0.661E+01             0.214E-31
            -0.660E+01             0.281E-31
            -0.659E+01             0.890E-32
            -0.658E+01             0.337E-32
            -0.657E+01             0.233E-32
            -0.656E+01             0.744E-32
            -0.655E+01             0.454E-31
            -0.654E+01             0.303E-33
            -0.653E+01             0.102E-31
            -0.652E+01             0.119E-32
            -0.651E+01             0.759E-33
            -0.650E+01             0.184E-32
            -0.649E+01             0.197E-32
            -0.648E+01             0.115E-34
            -0.647E+01             0.402E-34
            -0.646E+01             0.457E-33
            -0.645E+01             0.553E-34
            -0.644E+01             0.153E-35
            -0.643E+01             0.167E-33
            -0.643E+01             0.878E-34
            -0.642E+01             0.608E-35
            -0.641E+01             0.660E-34
            -0.640E+01             0.105E-34
            -0.639E+01             0.871E-37
            -0.638E+01             0.189E-34
            -0.637E+01             0.165E-35
            -0.636E+01             0.191E-37
            -0.635E+01             0.206E-36
            -0.634E+01             0.133E-35
            -0.633E+01             0.330E-36
            -0.632E+01             0.201E-36
            -0.631E+01             0.446E-37
            -0.630E+01             0.509E-38
            -0.629E+01             0.127E-37
            -0.628E+01             0.277E-38
            -0.627E+01             0.212E-37
            -0.626E+01             0.544E-39
            -0.625E+01             0.440E-39
            -0.624E+01             0.300E-38
            -0.623E+01             0.156E-39
            -0.622E+01             0.338E-41
            -0.621E+01             0.437E-42
            -0.620E+01             0.304E-41
            -0.620E+01             0.380E-41
            -0.619E+01             0.514E-42
            -0.618E+01             0.589E-42
            -0.617E+01             0.338E-44
            -0.616E+01             0.721E-43
            -0.615E+01             0.986E-44
            -0.614E+01             0.353E-43
            -0.613E+01             0.844E-44
            -0.612E+01             0.105E-43
            -0.611E+01             0.688E-44
            -0.610E+01             0.102E-45
            -0.609E+01             0.431E-45
            -0.608E+01             0.147E-45
            -0.607E+01             0.105E-46
            -0.606E+01             0.416E-46
            -0.605E+01             0.878E-50
            -0.604E+01             0.369E-47
            -0.603E+01             0.205E-47
            -0.602E+01             0.225E-49
            -0.601E+01             0.109E-49
            -0.600E+01             0.258E-49
            -0.599E+01             0.778E-55
            -0.598E+01             0.188E-49
            -0.597E+01             0.923E-52
            -0.597E+01             0.113E-50
            -0.596E+01             0.771E-52
            -0.595E+01             0.184E-51
            -0.594E+01             0.896E-52
            -0.593E+01             0.105E-52
            -0.592E+01             0.422E-53
            -0.591E+01             0.219E-54
            -0.590E+01             0.519E-55
            -0.589E+01             0.521E-56
            -0.588E+01             0.111E-54
            -0.587E+01             0.238E-55
            -0.586E+01             0.319E-56
            -0.585E+01             0.143E-56
            -0.584E+01             0.149E-56
            -0.583E+01             0.365E-58
            -0.582E+01             0.320E-58
            -0.581E+01             0.153E-59
            -0.580E+01             0.249E-58
            -0.579E+01             0.989E-60
            -0.578E+01             0.136E-59
            -0.577E+01             0.646E-60
            -0.576E+01             0.953E-61
            -0.575E+01             0.135E-60
            -0.574E+01             0.906E-61
            -0.574E+01             0.121E-60
            -0.573E+01             0.125E-60
            -0.572E+01             0.732E-62
            -0.571E+01             0.183E-61
            -0.570E+01             0.106E-60
            -0.569E+01             0.251E-63
            -0.568E+01             0.825E-62
            -0.567E+01             0.830E-63
            -0.566E+01             0.407E-64
            -0.565E+01             0.183E-60
            -0.564E+01             0.123E-60
            -0.563E+01             0.122E-61
            -0.562E+01             0.753E-60
            -0.561E+01             0.941E-62
            -0.560E+01             0.841E-63
            -0.559E+01             0.228E-61
            -0.558E+01             0.438E-63
            -0.557E+01             0.401E-60
            -0.556E+01             0.524E-61
            -0.555E+01             0.168E-61
            -0.554E+01             0.989E-61
            -0.553E+01             0.245E-62
            -0.552E+01             0.794E-61
            -0.551E+01             0.320E-62
            -0.551E+01             0.249E-61
            -0.550E+01             0.412E-62
            -0.549E+01             0.684E-60
            -0.548E+01             0.192E-60
            -0.547E+01             0.595E-62
            -0.546E+01             0.198E-60
            -0.545E+01             0.143E-61
            -0.544E+01             0.179E-61
            -0.543E+01             0.100E-60
            -0.542E+01             0.124E-60
            -0.541E+01             0.775E-62
            -0.540E+01             0.413E-61
            -0.539E+01             0.189E-61
            -0.538E+01             0.830E-63
            -0.537E+01             0.105E-61
            -0.536E+01             0.589E-60
            -0.535E+01             0.354E-61
            -0.534E+01             0.392E-60
            -0.533E+01             0.688E-60
            -0.532E+01             0.636E-60
            -0.531E+01             0.406E-60
            -0.530E+01             0.137E-60
            -0.529E+01             0.459E-62
            -0.528E+01             0.136E-60
            -0.528E+01             0.545E-62
            -0.527E+01             0.402E-60
            -0.526E+01             0.357E-62
            -0.525E+01             0.199E-62
            -0.524E+01             0.689E-61
            -0.523E+01             0.253E-62
            -0.522E+01             0.394E-60
            -0.521E+01             0.132E-61
            -0.520E+01             0.129E-61
            -0.519E+01             0.536E-60
            -0.518E+01             0.505E-62
            -0.517E+01             0.777E-61
            -0.516E+01             0.297E-60
            -0.515E+01             0.181E-65
            -0.514E+01             0.645E-60
            -0.513E+01             0.855E-61
            -0.512E+01             0.255E-60
            -0.511E+01             0.252E-60
            -0.510E+01             0.434E-62
            -0.509E+01             0.112E-60
            -0.508E+01             0.815E-60
            -0.507E+01             0.393E-61
            -0.506E+01             0.141E-62
            -0.505E+01             0.469E-60
            -0.505E+01             0.112E-60
            -0.504E+01             0.642E-61
            -0.503E+01             0.164E-60
            -0.502E+01             0.577E-60
            -0.501E+01             0.346E-60
            -0.500E+01             0.135E-61
            -0.499E+01             0.453E-62
            -0.498E+01             0.240E-60
            -0.497E+01             0.482E-61
            -0.496E+01             0.214E-62
            -0.495E+01             0.999E-60
            -0.494E+01             0.135E-59
            -0.493E+01             0.737E-60
            -0.492E+01             0.289E-60
            -0.491E+01             0.106E-60
            -0.490E+01             0.875E-61
            -0.489E+01             0.484E-61
            -0.488E+01             0.497E-60
            -0.487E+01             0.826E-60
            -0.486E+01             0.194E-60
            -0.485E+01             0.246E-61
            -0.484E+01             0.192E-60
            -0.483E+01             0.244E-61
            -0.482E+01             0.180E-61
            -0.482E+01             0.212E-60
            -0.481E+01             0.299E-61
            -0.480E+01             0.265E-62
            -0.479E+01             0.849E-60
            -0.478E+01             0.853E-60
            -0.477E+01             0.371E-62
            -0.476E+01             0.343E-61
            -0.475E+01             0.314E-60
            -0.474E+01             0.198E-60
            -0.473E+01             0.265E-60
            -0.472E+01             0.478E-60
            -0.471E+01             0.116E-60
            -0.470E+01             0.359E-61
            -0.469E+01             0.128E-60
            -0.468E+01             0.296E-61
            -0.467E+01             0.859E-63
            -0.466E+01             0.535E-60
            -0.465E+01             0.136E-63
            -0.464E+01             0.952E-60
            -0.463E+01             0.263E-62
            -0.462E+01             0.510E-61
            -0.461E+01             0.997E-61
            -0.460E+01             0.223E-60
            -0.459E+01             0.167E-60
            -0.459E+01             0.456E-61
            -0.458E+01             0.512E-59
            -0.457E+01             0.527E-60
            -0.456E+01             0.313E-60
            -0.455E+01             0.352E-61
            -0.454E+01             0.479E-60
            -0.453E+01             0.854E-63
            -0.452E+01             0.546E-60
            -0.451E+01             0.446E-61
            -0.450E+01             0.313E-60
            -0.449E+01             0.618E-61
            -0.448E+01             0.528E-62
            -0.447E+01             0.148E-60
            -0.446E+01             0.998E-61
            -0.445E+01             0.301E-60
            -0.444E+01             0.124E-59
            -0.443E+01             0.167E-59
            -0.442E+01             0.429E-61
            -0.441E+01             0.197E-59
            -0.440E+01             0.220E-61
            -0.439E+01             0.410E-61
            -0.438E+01             0.114E-60
            -0.437E+01             0.104E-60
            -0.436E+01             0.220E-60
            -0.436E+01             0.917E-60
            -0.435E+01             0.448E-60
            -0.434E+01             0.157E-59
            -0.433E+01             0.245E-59
            -0.432E+01             0.177E-59
            -0.431E+01             0.315E-61
            -0.430E+01             0.607E-61
            -0.429E+01             0.267E-61
            -0.428E+01             0.100E-60
            -0.427E+01             0.305E-61
            -0.426E+01             0.272E-60
            -0.425E+01             0.789E-61
            -0.424E+01             0.899E-60
            -0.423E+01             0.948E-60
            -0.422E+01             0.410E-61
            -0.421E+01             0.406E-60
            -0.420E+01             0.553E-60
            -0.419E+01             0.390E-60
            -0.418E+01             0.100E-59
            -0.417E+01             0.159E-60
            -0.416E+01             0.591E-60
            -0.415E+01             0.115E-59
            -0.414E+01             0.149E-60
            -0.413E+01             0.135E-59
            -0.413E+01             0.740E-59
            -0.412E+01             0.138E-60
            -0.411E+01             0.136E-59
            -0.410E+01             0.219E-59
            -0.409E+01             0.224E-59
            -0.408E+01             0.196E-59
            -0.407E+01             0.461E-59
            -0.406E+01             0.255E-59
            -0.405E+01             0.208E-59
            -0.404E+01             0.213E-59
            -0.403E+01             0.519E-60
            -0.402E+01             0.725E-60
            -0.401E+01             0.138E-59
            -0.400E+01             0.466E-60
            -0.399E+01             0.399E-60
            -0.398E+01             0.388E-59
            -0.397E+01             0.583E-60
            -0.396E+01             0.343E-60
            -0.395E+01             0.276E-60
            -0.394E+01             0.115E-59
            -0.393E+01             0.159E-59
            -0.392E+01             0.460E-60
            -0.391E+01             0.508E-59
            -0.390E+01             0.122E-59
            -0.390E+01             0.248E-60
            -0.389E+01             0.771E-61
            -0.388E+01             0.333E-60
            -0.387E+01             0.805E-60
            -0.386E+01             0.100E-62
            -0.385E+01             0.144E-59
            -0.384E+01             0.523E-60
            -0.383E+01             0.141E-59
            -0.382E+01             0.294E-59
            -0.381E+01             0.508E-60
            -0.380E+01             0.110E-61
            -0.379E+01             0.110E-61
            -0.378E+01             0.319E-59
            -0.377E+01             0.250E-60
            -0.376E+01             0.375E-59
            -0.375E+01             0.857E-59
            -0.374E+01             0.632E-60
            -0.373E+01             0.934E-60
            -0.372E+01             0.826E-60
            -0.371E+01             0.439E-61
            -0.370E+01             0.229E-60
            -0.369E+01             0.189E-59
            -0.368E+01             0.131E-59
            -0.367E+01             0.735E-59
            -0.367E+01             0.119E-59
            -0.366E+01             0.324E-60
            -0.365E+01             0.294E-61
            -0.364E+01             0.313E-60
            -0.363E+01             0.362E-60
            -0.362E+01             0.215E-61
            -0.361E+01             0.951E-60
            -0.360E+01             0.689E-60
            -0.359E+01             0.262E-59
            -0.358E+01             0.130E-60
            -0.357E+01             0.157E-60
            -0.356E+01             0.546E-60
            -0.355E+01             0.874E-60
            -0.354E+01             0.133E-62
            -0.353E+01             0.175E-59
            -0.352E+01             0.188E-59
            -0.351E+01             0.236E-60
            -0.350E+01             0.540E-62
            -0.349E+01             0.165E-59
            -0.348E+01             0.259E-59
            -0.347E+01             0.965E-60
            -0.346E+01             0.747E-60
            -0.345E+01             0.222E-60
            -0.344E+01             0.112E-58
            -0.344E+01             0.247E-59
            -0.343E+01             0.106E-59
            -0.342E+01             0.133E-59
            -0.341E+01             0.110E-59
            -0.340E+01             0.275E-59
            -0.339E+01             0.253E-59
            -0.338E+01             0.468E-59
            -0.337E+01             0.113E-58
            -0.336E+01             0.679E-60
            -0.335E+01             0.384E-62
            -0.334E+01             0.131E-60
            -0.333E+01             0.448E-61
            -0.332E+01             0.619E-60
            -0.331E+01             0.523E-60
            -0.330E+01             0.214E-59
            -0.329E+01             0.316E-59
            -0.328E+01             0.202E-59
            -0.327E+01             0.166E-59
            -0.326E+01             0.437E-60
            -0.325E+01             0.781E-60
            -0.324E+01             0.842E-60
            -0.323E+01             0.949E-59
            -0.322E+01             0.111E-59
            -0.321E+01             0.297E-63
            -0.321E+01             0.902E-60
            -0.320E+01             0.496E-60
            -0.319E+01             0.105E-59
            -0.318E+01             0.116E-58
            -0.317E+01             0.667E-61
            -0.316E+01             0.649E-61
            -0.315E+01             0.541E-60
            -0.314E+01             0.225E-59
            -0.313E+01             0.347E-60
            -0.312E+01             0.977E-59
            -0.311E+01             0.777E-59
            -0.310E+01             0.245E-60
            -0.309E+01             0.389E-60
            -0.308E+01             0.895E-60
            -0.307E+01             0.156E-59
            -0.306E+01             0.785E-60
            -0.305E+01             0.187E-59
            -0.304E+01             0.222E-60
            -0.303E+01             0.830E-60
            -0.302E+01             0.214E-61
            -0.301E+01             0.303E-61
            -0.300E+01             0.253E-59
            -0.299E+01             0.699E-60
            -0.298E+01             0.522E-60
            -0.298E+01             0.174E-60
            -0.297E+01             0.700E-60
            -0.296E+01             0.458E-60
            -0.295E+01             0.148E-60
            -0.294E+01             0.352E-60
            -0.293E+01             0.195E-59
            -0.292E+01             0.925E-60
            -0.291E+01             0.870E-60
            -0.290E+01             0.663E-61
            -0.289E+01             0.607E-60
            -0.288E+01             0.884E-62
            -0.287E+01             0.585E-65
            -0.286E+01             0.195E-59
            -0.285E+01             0.325E-59
            -0.284E+01             0.119E-59
            -0.283E+01             0.372E-59
            -0.282E+01             0.437E-59
            -0.281E+01             0.389E-62
            -0.280E+01             0.361E-60
            -0.279E+01             0.515E-59
            -0.278E+01             0.279E-59
            -0.277E+01             0.234E-59
            -0.276E+01             0.503E-59
            -0.275E+01             0.609E-60
            -0.275E+01             0.882E-59
            -0.274E+01             0.542E-60
            -0.273E+01             0.256E-59
            -0.272E+01             0.297E-62
            -0.271E+01             0.366E-59
            -0.270E+01             0.397E-60
            -0.269E+01             0.394E-60
            -0.268E+01             0.793E-61
            -0.267E+01             0.178E-59
            -0.266E+01             0.688E-61
            -0.265E+01             0.324E-60
            -0.264E+01             0.155E-59
            -0.263E+01             0.220E-59
            -0.262E+01             0.968E-59
            -0.261E+01             0.251E-58
            -0.260E+01             0.417E-58
            -0.259E+01             0.137E-57
            -0.258E+01             0.289E-57
            -0.257E+01             0.884E-57
            -0.256E+01             0.240E-56
            -0.255E+01             0.648E-56
            -0.254E+01             0.169E-55
            -0.253E+01             0.447E-55
            -0.252E+01             0.115E-54
            -0.252E+01             0.301E-54
            -0.251E+01             0.786E-54
            -0.250E+01             0.202E-53
            -0.249E+01             0.525E-53
            -0.248E+01             0.135E-52
            -0.247E+01             0.346E-52
            -0.246E+01             0.883E-52
            -0.245E+01             0.225E-51
            -0.244E+01             0.570E-51
            -0.243E+01             0.144E-50
            -0.242E+01             0.362E-50
            -0.241E+01             0.909E-50
            -0.240E+01             0.227E-49
            -0.239E+01             0.566E-49
            -0.238E+01             0.140E-48
            -0.237E+01             0.347E-48
            -0.236E+01             0.855E-48
            -0.235E+01             0.210E-47
            -0.234E+01             0.513E-47
            -0.233E+01             0.125E-46
            -0.232E+01             0.304E-46
            -0.231E+01             0.736E-46
            -0.230E+01             0.177E-45
            -0.230E+01             0.426E-45
            -0.229E+01             0.102E-44
            -0.228E+01             0.243E-44
            -0.227E+01             0.579E-44
            -0.226E+01             0.137E-43
            -0.225E+01             0.323E-43
            -0.224E+01             0.761E-43
            -0.223E+01             0.178E-42
            -0.222E+01             0.416E-42
            -0.221E+01             0.968E-42
            -0.220E+01             0.224E-41
            -0.219E+01             0.518E-41
            -0.218E+01             0.119E-40
            -0.217E+01             0.273E-40
            -0.216E+01             0.625E-40
            -0.215E+01             0.142E-39
            -0.214E+01             0.323E-39
            -0.213E+01             0.729E-39
            -0.212E+01             0.164E-38
            -0.211E+01             0.369E-38
            -0.210E+01             0.824E-38
            -0.209E+01             0.184E-37
            -0.208E+01             0.408E-37
            -0.207E+01             0.902E-37
            -0.207E+01             0.199E-36
            -0.206E+01             0.437E-36
            -0.205E+01             0.955E-36
            -0.204E+01             0.208E-35
            -0.203E+01             0.453E-35
            -0.202E+01             0.980E-35
            -0.201E+01             0.211E-34
            -0.200E+01             0.454E-34
            -0.199E+01             0.973E-34
            -0.198E+01             0.208E-33
            -0.197E+01             0.441E-33
            -0.196E+01             0.935E-33
            -0.195E+01             0.197E-32
            -0.194E+01             0.415E-32
            -0.193E+01             0.869E-32
            -0.192E+01             0.182E-31
            -0.191E+01             0.378E-31
            -0.190E+01             0.783E-31
            -0.189E+01             0.162E-30
            -0.188E+01             0.333E-30
            -0.187E+01             0.682E-30
            -0.186E+01             0.139E-29
            -0.185E+01             0.284E-29
            -0.184E+01             0.576E-29
            -0.184E+01             0.116E-28
            -0.183E+01             0.234E-28
            -0.182E+01             0.470E-28
            -0.181E+01             0.940E-28
            -0.180E+01             0.187E-27
            -0.179E+01             0.372E-27
            -0.178E+01             0.735E-27
            -0.177E+01             0.145E-26
            -0.176E+01             0.284E-26
            -0.175E+01             0.556E-26
            -0.174E+01             0.108E-25
            -0.173E+01             0.211E-25
            -0.172E+01             0.408E-25
            -0.171E+01             0.786E-25
            -0.170E+01             0.151E-24
            -0.169E+01             0.289E-24
            -0.168E+01             0.551E-24
            -0.167E+01             0.105E-23
            -0.166E+01             0.198E-23
            -0.165E+01             0.374E-23
            -0.164E+01             0.704E-23
            -0.163E+01             0.132E-22
            -0.162E+01             0.246E-22
            -0.161E+01             0.457E-22
            -0.161E+01             0.847E-22
            -0.160E+01             0.156E-21
            -0.159E+01             0.288E-21
            -0.158E+01             0.527E-21
            -0.157E+01             0.963E-21
            -0.156E+01             0.175E-20
            -0.155E+01             0.317E-20
            -0.154E+01             0.573E-20
            -0.153E+01             0.103E-19
            -0.152E+01             0.185E-19
            -0.151E+01             0.331E-19
            -0.150E+01             0.589E-19
            -0.149E+01             0.104E-18
            -0.148E+01             0.184E-18
            -0.147E+01             0.325E-18
            -0.146E+01             0.570E-18
            -0.145E+01             0.996E-18
            -0.144E+01             0.174E-17
            -0.143E+01             0.301E-17
            -0.142E+01             0.521E-17
            -0.141E+01             0.897E-17
            -0.140E+01             0.154E-16
            -0.139E+01             0.263E-16
            -0.138E+01             0.449E-16
            -0.138E+01             0.762E-16
            -0.137E+01             0.129E-15
            -0.136E+01             0.217E-15
            -0.135E+01             0.365E-15
            -0.134E+01             0.610E-15
            -0.133E+01             0.102E-14
            -0.132E+01             0.169E-14
            -0.131E+01             0.280E-14
            -0.130E+01             0.461E-14
            -0.129E+01             0.758E-14
            -0.128E+01             0.124E-13
            -0.127E+01             0.202E-13
            -0.126E+01             0.329E-13
            -0.125E+01             0.533E-13
            -0.124E+01             0.860E-13
            -0.123E+01             0.138E-12
            -0.122E+01             0.221E-12
            -0.121E+01             0.353E-12
            -0.120E+01             0.562E-12
            -0.119E+01             0.890E-12
            -0.118E+01             0.140E-11
            -0.117E+01             0.221E-11
            -0.116E+01             0.346E-11
            -0.115E+01             0.540E-11
            -0.115E+01             0.841E-11
            -0.114E+01             0.130E-10
            -0.113E+01             0.201E-10
            -0.112E+01             0.310E-10
            -0.111E+01             0.475E-10
            -0.110E+01             0.725E-10
            -0.109E+01             0.110E-09
            -0.108E+01             0.167E-09
            -0.107E+01             0.253E-09
            -0.106E+01             0.380E-09
            -0.105E+01             0.570E-09
            -0.104E+01             0.852E-09
            -0.103E+01             0.127E-08
            -0.102E+01             0.188E-08
            -0.101E+01             0.278E-08
            -0.100E+01             0.410E-08
            -0.992E+00             0.601E-08
            -0.982E+00             0.879E-08
            -0.973E+00             0.128E-07
            -0.963E+00             0.186E-07
            -0.953E+00             0.269E-07
            -0.944E+00             0.387E-07
            -0.934E+00             0.555E-07
            -0.925E+00             0.794E-07
            -0.915E+00             0.113E-06
            -0.906E+00             0.161E-06
            -0.896E+00             0.227E-06
            -0.886E+00             0.320E-06
            -0.877E+00             0.450E-06
            -0.867E+00             0.629E-06
            -0.858E+00             0.877E-06
            -0.848E+00             0.122E-05
            -0.838E+00             0.169E-05
            -0.829E+00             0.232E-05
            -0.819E+00             0.319E-05
            -0.810E+00             0.437E-05
            -0.800E+00             0.596E-05
            -0.791E+00             0.810E-05
            -0.781E+00             0.110E-04
            -0.771E+00             0.148E-04
            -0.762E+00             0.199E-04
            -0.752E+00             0.266E-04
            -0.743E+00             0.355E-04
            -0.733E+00             0.472E-04
            -0.723E+00             0.624E-04
            -0.714E+00             0.824E-04
            -0.704E+00             0.108E-03
            -0.695E+00             0.142E-03
            -0.685E+00             0.185E-03
            -0.676E+00             0.241E-03
            -0.666E+00             0.312E-03
            -0.656E+00             0.402E-03
            -0.647E+00             0.518E-03
            -0.637E+00             0.663E-03
            -0.628E+00             0.847E-03
            -0.618E+00             0.108E-02
            -0.608E+00             0.136E-02
            -0.599E+00             0.172E-02
            -0.589E+00             0.217E-02
            -0.580E+00             0.272E-02
            -0.570E+00             0.339E-02
            -0.561E+00             0.422E-02
            -0.551E+00             0.523E-02
            -0.541E+00             0.646E-02
            -0.532E+00             0.795E-02
            -0.522E+00             0.975E-02
            -0.513E+00             0.119E-01
            -0.503E+00             0.145E-01
            -0.493E+00             0.176E-01
            -0.484E+00             0.212E-01
            -0.474E+00             0.256E-01
            -0.465E+00             0.307E-01
            -0.455E+00             0.366E-01
            -0.446E+00             0.436E-01
            -0.436E+00             0.518E-01
            -0.426E+00             0.612E-01
            -0.417E+00             0.720E-01
            -0.407E+00             0.845E-01
            -0.398E+00             0.988E-01
            -0.388E+00             0.115E+00
            -0.379E+00             0.134E+00
            -0.369E+00             0.154E+00
            -0.359E+00             0.178E+00
            -0.350E+00             0.204E+00
            -0.340E+00             0.233E+00
            -0.331E+00             0.266E+00
            -0.321E+00             0.302E+00
            -0.311E+00             0.341E+00
            -0.302E+00             0.385E+00
            -0.292E+00             0.432E+00
            -0.283E+00             0.483E+00
            -0.273E+00             0.538E+00
            -0.264E+00             0.598E+00
            -0.254E+00             0.661E+00
            -0.244E+00             0.729E+00
            -0.235E+00             0.801E+00
            -0.225E+00             0.876E+00
            -0.216E+00             0.955E+00
            -0.206E+00             0.104E+01
            -0.196E+00             0.112E+01
            -0.187E+00             0.121E+01
            -0.177E+00             0.130E+01
            -0.168E+00             0.139E+01
            -0.158E+00             0.148E+01
            -0.149E+00             0.158E+01
            -0.139E+00             0.167E+01
            -0.129E+00             0.176E+01
            -0.120E+00             0.185E+01
            -0.110E+00             0.194E+01
            -0.101E+00             0.202E+01
            -0.910E-01             0.210E+01
            -0.815E-01             0.217E+01
            -0.719E-01             0.224E+01
            -0.623E-01             0.231E+01
            -0.527E-01             0.236E+01
            -0.431E-01             0.241E+01
            -0.335E-01             0.245E+01
            -0.240E-01             0.248E+01
            -0.144E-01             0.251E+01
            -0.479E-02             0.252E+01
             0.479E-02             0.252E+01
             0.144E-01             0.252E+01
             0.240E-01             0.251E+01
             0.335E-01             0.248E+01
             0.431E-01             0.245E+01
             0.527E-01             0.241E+01
             0.623E-01             0.236E+01
             0.719E-01             0.231E+01
             0.815E-01             0.224E+01
             0.910E-01             0.217E+01
             0.101E+00             0.210E+01
             0.110E+00             0.202E+01
             0.120E+00             0.194E+01
             0.129E+00             0.185E+01
             0.139E+00             0.176E+01
             0.149E+00             0.167E+01
             0.158E+00             0.158E+01
             0.168E+00             0.148E+01
             0.177E+00             0.139E+01
             0.187E+00             0.130E+01
             0.196E+00             0.121E+01
             0.206E+00             0.112E+01
             0.216E+00             0.104E+01
             0.225E+00             0.955E+00
             0.235E+00             0.876E+00
             0.244E+00             0.801E+00
             0.254E+00             0.729E+00
             0.264E+00             0.661E+00
             0.273E+00             0.598E+00
             0.283E+00             0.538E+00
             0.292E+00             0.483E+00
             0.302E+00             0.432E+00
             0.311E+00             0.385E+00
             0.321E+00             0.341E+00
             0.331E+00             0.302E+00
             0.340E+00             0.266E+00
             0.350E+00             0.233E+00
             0.359E+00             0.204E+00
             0.369E+00             0.178E+00
             0.379E+00             0.154E+00
             0.388E+00             0.134E+00
             0.398E+00             0.115E+00
             0.407E+00             0.988E-01
             0.417E+00             0.845E-01
             0.426E+00             0.720E-01
             0.436E+00             0.612E-01
             0.446E+00             0.518E-01
             0.455E+00             0.436E-01
             0.465E+00             0.366E-01
             0.474E+00             0.307E-01
             0.484E+00             0.256E-01
             0.493E+00             0.212E-01
             0.503E+00             0.176E-01
             0.513E+00             0.145E-01
             0.522E+00             0.119E-01
             0.532E+00             0.975E-02
             0.541E+00             0.795E-02
             0.551E+00             0.646E-02
             0.561E+00             0.523E-02
             0.570E+00             0.422E-02
             0.580E+00             0.339E-02
             0.589E+00             0.272E-02
             0.599E+00             0.217E-02
             0.608E+00             0.172E-02
             0.618E+00             0.136E-02
             0.628E+00             0.108E-02
             0.637E+00             0.847E-03
             0.647E+00             0.663E-03
             0.656E+00             0.518E-03
             0.666E+00             0.402E-03
             0.676E+00             0.312E-03
             0.685E+00             0.241E-03
             0.695E+00             0.185E-03
             0.704E+00             0.142E-03
             0.714E+00             0.108E-03
             0.723E+00             0.824E-04
             0.733E+00             0.624E-04
             0.743E+00             0.472E-04
             0.752E+00             0.355E-04
             0.762E+00             0.266E-04
             0.771E+00             0.199E-04
             0.781E+00             0.148E-04
             0.791E+00             0.110E-04
             0.800E+00             0.810E-05
             0.810E+00             0.596E-05
             0.819E+00             0.437E-05
             0.829E+00             0.319E-05
             0.838E+00             0.232E-05
             0.848E+00             0.169E-05
             0.858E+00             0.122E-05
             0.867E+00             0.877E-06
             0.877E+00             0.629E-06
             0.886E+00             0.450E-06
             0.896E+00             0.320E-06
             0.906E+00             0.227E-06
             0.915E+00             0.161E-06
             0.925E+00             0.113E-06
             0.934E+00             0.794E-07
             0.944E+00             0.555E-07
             0.953E+00             0.387E-07
             0.963E+00             0.269E-07
             0.973E+00             0.186E-07
             0.982E+00             0.128E-07
             0.992E+00             0.879E-08
             0.100E+01             0.601E-08
             0.101E+01             0.410E-08
             0.102E+01             0.278E-08
             0.103E+01             0.188E-08
             0.104E+01             0.127E-08
             0.105E+01             0.852E-09
             0.106E+01             0.570E-09
             0.107E+01             0.380E-09
             0.108E+01             0.253E-09
             0.109E+01             0.167E-09
             0.110E+01             0.110E-09
             0.111E+01             0.725E-10
             0.112E+01             0.475E-10
             0.113E+01             0.310E-10
             0.114E+01             0.201E-10
             0.115E+01             0.130E-10
             0.115E+01             0.841E-11
             0.116E+01             0.540E-11
             0.117E+01             0.346E-11
             0.118E+01             0.221E-11
             0.119E+01             0.140E-11
             0.120E+01             0.890E-12
             0.121E+01             0.562E-12
             0.122E+01             0.353E-12
             0.123E+01             0.221E-12
             0.124E+01             0.138E-12
             0.125E+01             0.860E-13
             0.126E+01             0.533E-13
             0.127E+01             0.329E-13
             0.128E+01             0.202E-13
             0.129E+01             0.124E-13
             0.130E+01             0.758E-14
             0.131E+01             0.461E-14
             0.132E+01             0.280E-14
             0.133E+01             0.169E-14
             0.134E+01             0.102E-14
             0.135E+01             0.610E-15
             0.136E+01             0.365E-15
             0.137E+01             0.217E-15
             0.138E+01             0.129E-15
             0.138E+01             0.762E-16
             0.139E+01             0.449E-16
             0.140E+01             0.263E-16
             0.141E+01             0.154E-16
             0.142E+01             0.897E-17
             0.143E+01             0.521E-17
             0.144E+01             0.301E-17
             0.145E+01             0.174E-17
             0.146E+01             0.996E-18
             0.147E+01             0.570E-18
             0.148E+01             0.325E-18
             0.149E+01             0.184E-18
             0.150E+01             0.104E-18
             0.151E+01             0.589E-19
             0.152E+01             0.331E-19
             0.153E+01             0.185E-19
             0.154E+01             0.103E-19
             0.155E+01             0.573E-20
             0.156E+01             0.317E-20
             0.157E+01             0.175E-20
             0.158E+01             0.962E-21
             0.159E+01             0.526E-21
             0.160E+01             0.287E-21
             0.161E+01             0.156E-21
             0.161E+01             0.843E-22
             0.162E+01             0.455E-22
             0.163E+01             0.245E-22
             0.164E+01             0.131E-22
             0.165E+01             0.690E-23
             0.166E+01             0.365E-23
             0.167E+01             0.194E-23
             0.168E+01             0.101E-23
             0.169E+01             0.523E-24
             0.170E+01             0.269E-24
             0.171E+01             0.138E-24
             0.172E+01             0.727E-25
             0.173E+01             0.368E-25
             0.174E+01             0.193E-25
             0.175E+01             0.965E-26
             0.176E+01             0.470E-26
             0.177E+01             0.209E-26
             0.178E+01             0.525E-27
             0.179E+01             0.355E-27
             0.180E+01             0.245E-27
             0.181E+01             0.397E-28
             0.182E+01             0.273E-31
             0.183E+01             0.280E-35
             0.184E+01             0.513E-35
             0.184E+01             0.136E-29
             0.185E+01             0.850E-29
             0.186E+01             0.456E-29
             0.187E+01             0.760E-29
             0.188E+01             0.956E-29
             0.189E+01             0.347E-29
             0.190E+01             0.167E-28
             0.191E+01             0.164E-29
             0.192E+01             0.155E-28
             0.193E+01             0.117E-30
             0.194E+01             0.160E-28
             0.195E+01             0.142E-32
             0.196E+01             0.596E-29
             0.197E+01             0.129E-33
             0.198E+01             0.279E-30
             0.199E+01             0.803E-30
             0.200E+01             0.329E-30
             0.201E+01             0.218E-29
             0.202E+01             0.709E-30
             0.203E+01             0.110E-28
             0.204E+01             0.347E-28
             0.205E+01             0.234E-30
             0.206E+01             0.133E-28
             0.207E+01             0.645E-29
             0.207E+01             0.481E-29
             0.208E+01             0.175E-29
             0.209E+01             0.345E-29
             0.210E+01             0.368E-29
             0.211E+01             0.150E-29
             0.212E+01             0.231E-30
             0.213E+01             0.552E-28
             0.214E+01             0.531E-28
             0.215E+01             0.114E-27
             0.216E+01             0.186E-28
             0.217E+01             0.134E-28
             0.218E+01             0.145E-28
             0.219E+01             0.165E-28
             0.220E+01             0.151E-30
             0.221E+01             0.117E-28
             0.222E+01             0.533E-30
             0.223E+01             0.623E-29
             0.224E+01             0.712E-29
             0.225E+01             0.162E-28
             0.226E+01             0.180E-28
             0.227E+01             0.360E-28
             0.228E+01             0.116E-27
             0.229E+01             0.449E-28
             0.230E+01             0.955E-29
             0.230E+01             0.123E-28
             0.231E+01             0.610E-29
             0.232E+01             0.232E-28
             0.233E+01             0.679E-29
             0.234E+01             0.130E-28
             0.235E+01             0.669E-29
             0.236E+01             0.146E-28
             0.237E+01             0.312E-28
             0.238E+01             0.949E-28
             0.239E+01             0.529E-28
             0.240E+01             0.260E-28
             0.241E+01             0.220E-28
             0.242E+01             0.894E-28
             0.243E+01             0.131E-28
             0.244E+01             0.211E-29
             0.245E+01             0.202E-28
             0.246E+01             0.106E-28
             0.247E+01             0.468E-29
             0.248E+01             0.115E-28
             0.249E+01             0.105E-28
             0.250E+01             0.316E-28
             0.251E+01             0.345E-28
             0.252E+01             0.124E-30
             0.252E+01             0.598E-29
             0.253E+01             0.830E-29
             0.254E+01             0.467E-30
             0.255E+01             0.194E-29
             0.256E+01             0.611E-31
             0.257E+01             0.866E-31
             0.258E+01             0.369E-28
             0.259E+01             0.406E-28
             0.260E+01             0.509E-29
             0.261E+01             0.172E-29
             0.262E+01             0.159E-28
             0.263E+01             0.860E-29
             0.264E+01             0.331E-29
             0.265E+01             0.832E-30
             0.266E+01             0.645E-29
             0.267E+01             0.101E-28
             0.268E+01             0.312E-32
             0.269E+01             0.125E-30
             0.270E+01             0.172E-28
             0.271E+01             0.274E-29
             0.272E+01             0.759E-30
             0.273E+01             0.375E-30
             0.274E+01             0.788E-29
             0.275E+01             0.357E-29
             0.275E+01             0.141E-29
             0.276E+01             0.159E-28
             0.277E+01             0.755E-28
             0.278E+01             0.333E-28
             0.279E+01             0.423E-29
             0.280E+01             0.488E-32
             0.281E+01             0.947E-30
             0.282E+01             0.119E-28
             0.283E+01             0.339E-28
             0.284E+01             0.106E-28
             0.285E+01             0.580E-29
             0.286E+01             0.214E-30
             0.287E+01             0.471E-29
             0.288E+01             0.200E-29
             0.289E+01             0.750E-30
             0.290E+01             0.640E-29
             0.291E+01             0.441E-29
             0.292E+01             0.421E-29
             0.293E+01             0.184E-29
             0.294E+01             0.289E-30
             0.295E+01             0.866E-30
             0.296E+01             0.168E-28
             0.297E+01             0.499E-28
             0.298E+01             0.757E-28
             0.298E+01             0.151E-28
             0.299E+01             0.121E-29
             0.300E+01             0.162E-28
             0.301E+01             0.201E-28
             0.302E+01             0.105E-28
             0.303E+01             0.143E-29
             0.304E+01             0.284E-29
             0.305E+01             0.553E-30
             0.306E+01             0.901E-30
             0.307E+01             0.464E-29
             0.308E+01             0.686E-29
             0.309E+01             0.447E-30
             0.310E+01             0.211E-29
             0.311E+01             0.168E-30
             0.312E+01             0.234E-28
             0.313E+01             0.144E-29
             0.314E+01             0.306E-29
             0.315E+01             0.196E-28
             0.316E+01             0.423E-29
             0.317E+01             0.359E-29
             0.318E+01             0.101E-29
             0.319E+01             0.556E-29
             0.320E+01             0.459E-29
             0.321E+01             0.195E-28
             0.321E+01             0.118E-28
             0.322E+01             0.518E-29
             0.323E+01             0.386E-29
             0.324E+01             0.137E-29
             0.325E+01             0.601E-29
             0.326E+01             0.199E-31
             0.327E+01             0.225E-30
             0.328E+01             0.109E-29
             0.329E+01             0.175E-28
             0.330E+01             0.764E-29
             0.331E+01             0.349E-30
             0.332E+01             0.209E-28
             0.333E+01             0.252E-28
             0.334E+01             0.274E-30
             0.335E+01             0.418E-30
             0.336E+01             0.357E-29
             0.337E+01             0.113E-28
             0.338E+01             0.147E-29
             0.339E+01             0.586E-30
             0.340E+01             0.297E-29
             0.341E+01             0.110E-29
             0.342E+01             0.758E-29
             0.343E+01             0.874E-30
             0.344E+01             0.222E-30
             0.344E+01             0.178E-29
             0.345E+01             0.618E-30
             0.346E+01             0.353E-29
             0.347E+01             0.498E-30
             0.348E+01             0.607E-30
             0.349E+01             0.340E-29
             0.350E+01             0.863E-29
             0.351E+01             0.460E-31
             0.352E+01             0.791E-31
             0.353E+01             0.973E-29
             0.354E+01             0.169E-29
             0.355E+01             0.277E-29
             0.356E+01             0.133E-29
             0.357E+01             0.785E-29
             0.358E+01             0.343E-29
             0.359E+01             0.462E-29
             0.360E+01             0.367E-29
             0.361E+01             0.193E-29
             0.362E+01             0.626E-30
             0.363E+01             0.848E-30
             0.364E+01             0.122E-30
             0.365E+01             0.570E-30
             0.366E+01             0.100E-28
             0.367E+01             0.272E-30
             0.367E+01             0.194E-29
             0.368E+01             0.328E-29
             0.369E+01             0.509E-30
             0.370E+01             0.496E-30
             0.371E+01             0.304E-29
             0.372E+01             0.396E-29
             0.373E+01             0.591E-31
             0.374E+01             0.178E-28
             0.375E+01             0.193E-28
             0.376E+01             0.123E-28
             0.377E+01             0.190E-30
             0.378E+01             0.702E-29
             0.379E+01             0.230E-29
             0.380E+01             0.792E-30
             0.381E+01             0.426E-30
             0.382E+01             0.133E-29
             0.383E+01             0.304E-29
             0.384E+01             0.726E-29
             0.385E+01             0.387E-29
             0.386E+01             0.602E-30
             0.387E+01             0.502E-30
             0.388E+01             0.177E-32
             0.389E+01             0.284E-29
             0.390E+01             0.585E-29
             0.390E+01             0.960E-30
             0.391E+01             0.192E-35
             0.392E+01             0.524E-30
             0.393E+01             0.452E-29
             0.394E+01             0.180E-30
             0.395E+01             0.357E-29
             0.396E+01             0.441E-30
             0.397E+01             0.155E-29
             0.398E+01             0.372E-30
             0.399E+01             0.200E-29
             0.400E+01             0.359E-32
             0.401E+01             0.286E-29
             0.402E+01             0.323E-31
             0.403E+01             0.134E-30
             0.404E+01             0.874E-29
             0.405E+01             0.105E-30
             0.406E+01             0.219E-29
             0.407E+01             0.183E-29
             0.408E+01             0.752E-31
             0.409E+01             0.104E-28
             0.410E+01             0.158E-33
             0.411E+01             0.290E-30
             0.412E+01             0.245E-29
             0.413E+01             0.874E-31
             0.413E+01             0.102E-29
             0.414E+01             0.123E-29
             0.415E+01             0.202E-29
             0.416E+01             0.151E-29
             0.417E+01             0.239E-31
             0.418E+01             0.746E-31
             0.419E+01             0.268E-29
             0.420E+01             0.270E-31
             0.421E+01             0.471E-30
             0.422E+01             0.729E-30
             0.423E+01             0.147E-29
             0.424E+01             0.191E-29
             0.425E+01             0.383E-29
             0.426E+01             0.150E-30
             0.427E+01             0.661E-29
             0.428E+01             0.197E-32
             0.429E+01             0.796E-30
             0.430E+01             0.999E-30
             0.431E+01             0.168E-29
             0.432E+01             0.733E-29
             0.433E+01             0.172E-33
             0.434E+01             0.505E-29
             0.435E+01             0.564E-31
             0.436E+01             0.187E-29
             0.436E+01             0.354E-29
             0.437E+01             0.228E-29
             0.438E+01             0.109E-33
             0.439E+01             0.112E-29
             0.440E+01             0.423E-33
             0.441E+01             0.103E-31
             0.442E+01             0.175E-30
             0.443E+01             0.200E-31
             0.444E+01             0.559E-30
             0.445E+01             0.595E-30
             0.446E+01             0.137E-29
             0.447E+01             0.123E-30
             0.448E+01             0.390E-30
             0.449E+01             0.322E-30
             0.450E+01             0.215E-30
             0.451E+01             0.730E-30
             0.452E+01             0.212E-29
             0.453E+01             0.102E-31
             0.454E+01             0.996E-29
             0.455E+01             0.521E-29
             0.456E+01             0.200E-30
             0.457E+01             0.351E-29
             0.458E+01             0.227E-32
             0.459E+01             0.387E-30
             0.459E+01             0.534E-29
             0.460E+01             0.488E-30
             0.461E+01             0.322E-30
             0.462E+01             0.914E-30
             0.463E+01             0.318E-32
             0.464E+01             0.429E-29
             0.465E+01             0.118E-31
             0.466E+01             0.197E-31
             0.467E+01             0.229E-30
             0.468E+01             0.271E-30
             0.469E+01             0.375E-29
             0.470E+01             0.101E-29
             0.471E+01             0.638E-29
             0.472E+01             0.164E-29
             0.473E+01             0.215E-29
             0.474E+01             0.426E-30
             0.475E+01             0.104E-31
             0.476E+01             0.760E-31
             0.477E+01             0.352E-29
             0.478E+01             0.203E-30
             0.479E+01             0.276E-32
             0.480E+01             0.314E-29
             0.481E+01             0.546E-30
             0.482E+01             0.563E-31
             0.482E+01             0.177E-30
             0.483E+01             0.186E-30
             0.484E+01             0.189E-32
             0.485E+01             0.905E-31
             0.486E+01             0.123E-29
             0.487E+01             0.264E-29
             0.488E+01             0.329E-29
             0.489E+01             0.511E-29
             0.490E+01             0.238E-31
             0.491E+01             0.467E-29
             0.492E+01             0.151E-29
             0.493E+01             0.341E-29
             0.494E+01             0.160E-29
             0.495E+01             0.253E-30
             0.496E+01             0.450E-29
             0.497E+01             0.559E-31
             0.498E+01             0.619E-30
             0.499E+01             0.110E-29
             0.500E+01             0.274E-31
             0.501E+01             0.987E-30
             0.502E+01             0.112E-29
             0.503E+01             0.110E-29
             0.504E+01             0.365E-29
             0.505E+01             0.670E-30
             0.505E+01             0.268E-30
             0.506E+01             0.869E-30
             0.507E+01             0.230E-29
             0.508E+01             0.114E-28
             0.509E+01             0.150E-28
             0.510E+01             0.459E-29
             0.511E+01             0.501E-29
             0.512E+01             0.328E-30
             0.513E+01             0.546E-29
             0.514E+01             0.278E-30
             0.515E+01             0.415E-29
             0.516E+01             0.538E-29
             0.517E+01             0.176E-31
             0.518E+01             0.505E-30
             0.519E+01             0.802E-31
             0.520E+01             0.478E-30
             0.521E+01             0.240E-31
             0.522E+01             0.851E-30
             0.523E+01             0.942E-31
             0.524E+01             0.211E-31
             0.525E+01             0.545E-31
             0.526E+01             0.519E-30
             0.527E+01             0.943E-32
             0.528E+01             0.433E-29
             0.528E+01             0.487E-29
             0.529E+01             0.139E-29
             0.530E+01             0.141E-29
             0.531E+01             0.939E-31
             0.532E+01             0.595E-29
             0.533E+01             0.424E-32
             0.534E+01             0.927E-30
             0.535E+01             0.759E-30
             0.536E+01             0.538E-29
             0.537E+01             0.881E-30
             0.538E+01             0.340E-29
             0.539E+01             0.796E-30
             0.540E+01             0.203E-29
             0.541E+01             0.662E-30
             0.542E+01             0.256E-29
             0.543E+01             0.528E-29
             0.544E+01             0.174E-30
             0.545E+01             0.625E-29
             0.546E+01             0.230E-29
             0.547E+01             0.256E-29
             0.548E+01             0.128E-29
             0.549E+01             0.351E-29
             0.550E+01             0.340E-29
             0.551E+01             0.172E-31
             0.551E+01             0.196E-29
             0.552E+01             0.122E-29
             0.553E+01             0.231E-29
             0.554E+01             0.108E-29
             0.555E+01             0.825E-30
             0.556E+01             0.371E-29
             0.557E+01             0.104E-29
             0.558E+01             0.972E-30
             0.559E+01             0.927E-30
             0.560E+01             0.144E-29
             0.561E+01             0.157E-31
             0.562E+01             0.137E-28
             0.563E+01             0.283E-30
             0.564E+01             0.129E-28
             0.565E+01             0.758E-29
             0.566E+01             0.344E-30
             0.567E+01             0.678E-30
             0.568E+01             0.312E-29
             0.569E+01             0.698E-29
             0.570E+01             0.373E-29
             0.571E+01             0.230E-31
             0.572E+01             0.375E-29
             0.573E+01             0.154E-31
             0.574E+01             0.160E-29
             0.574E+01             0.835E-30
             0.575E+01             0.196E-29
             0.576E+01             0.397E-29
             0.577E+01             0.919E-30
             0.578E+01             0.236E-30
             0.579E+01             0.105E-30
             0.580E+01             0.422E-29
             0.581E+01             0.126E-30
             0.582E+01             0.676E-29
             0.583E+01             0.218E-29
             0.584E+01             0.296E-29
             0.585E+01             0.267E-29
             0.586E+01             0.833E-31
             0.587E+01             0.413E-29
             0.588E+01             0.132E-29
             0.589E+01             0.222E-29
             0.590E+01             0.161E-29
             0.591E+01             0.540E-31
             0.592E+01             0.284E-29
             0.593E+01             0.237E-29
             0.594E+01             0.685E-30
             0.595E+01             0.153E-28
             0.596E+01             0.956E-30
             0.597E+01             0.276E-29
             0.597E+01             0.420E-29
             0.598E+01             0.803E-30
             0.599E+01             0.611E-29
             0.600E+01             0.102E-29
             0.601E+01             0.360E-29
             0.602E+01             0.943E-30
             0.603E+01             0.476E-29
             0.604E+01             0.731E-29
             0.605E+01             0.754E-29
             0.606E+01             0.854E-30
             0.607E+01             0.618E-29
             0.608E+01             0.145E-29
             0.609E+01             0.177E-29
             0.610E+01             0.108E-29
             0.611E+01             0.240E-30
             0.612E+01             0.131E-31
             0.613E+01             0.177E-31
             0.614E+01             0.274E-29
             0.615E+01             0.838E-31
             0.616E+01             0.936E-30
             0.617E+01             0.154E-28
             0.618E+01             0.129E-30
             0.619E+01             0.372E-29
             0.620E+01             0.490E-29
             0.620E+01             0.256E-29
             0.621E+01             0.905E-30
             0.622E+01             0.280E-29
             0.623E+01             0.498E-29
             0.624E+01             0.241E-28
             0.625E+01             0.368E-29
             0.626E+01             0.232E-30
             0.627E+01             0.386E-30
             0.628E+01             0.522E-30
             0.629E+01             0.783E-29
             0.630E+01             0.736E-30
             0.631E+01             0.690E-31
             0.632E+01             0.364E-30
             0.633E+01             0.116E-29
             0.634E+01             0.236E-29
             0.635E+01             0.491E-30
             0.636E+01             0.158E-30
             0.637E+01             0.795E-30
             0.638E+01             0.682E-32
             0.639E+01             0.648E-29
             0.640E+01             0.171E-29
             0.641E+01             0.606E-30
             0.642E+01             0.511E-30
             0.643E+01             0.762E-30
             0.643E+01             0.250E-29
             0.644E+01             0.158E-29
             0.645E+01             0.916E-29
             0.646E+01             0.508E-29
             0.647E+01             0.858E-29
             0.648E+01             0.115E-29
             0.649E+01             0.904E-30
             0.650E+01             0.118E-29
             0.651E+01             0.185E-29
             0.652E+01             0.111E-28
             0.653E+01             0.186E-30
             0.654E+01             0.615E-29
             0.655E+01             0.866E-30
             0.656E+01             0.507E-29
             0.657E+01             0.146E-29
             0.658E+01             0.324E-29
             0.659E+01             0.254E-30
             0.660E+01             0.794E-30
             0.661E+01             0.136E-30
             0.662E+01             0.895E-30
             0.663E+01             0.138E-29
             0.664E+01             0.643E-30
             0.665E+01             0.114E-29
             0.666E+01             0.697E-31
             0.666E+01             0.397E-32
             0.667E+01             0.124E-29
             0.668E+01             0.690E-29
             0.669E+01             0.123E-28
             0.670E+01             0.307E-29
             0.671E+01             0.140E-28
             0.672E+01             0.386E-29
             0.673E+01             0.163E-29
             0.674E+01             0.104E-30
             0.675E+01             0.807E-30
             0.676E+01             0.690E-31
             0.677E+01             0.239E-29
             0.678E+01             0.181E-29
             0.679E+01             0.854E-30
             0.680E+01             0.437E-29
             0.681E+01             0.832E-30
             0.682E+01             0.138E-29
             0.683E+01             0.917E-30
             0.684E+01             0.132E-30
             0.685E+01             0.746E-30
             0.686E+01             0.597E-32
             0.687E+01             0.182E-29
             0.688E+01             0.193E-29
             0.689E+01             0.132E-29
             0.689E+01             0.382E-29
             0.690E+01             0.191E-29
             0.691E+01             0.851E-30
             0.692E+01             0.182E-29
             0.693E+01             0.334E-31
             0.694E+01             0.164E-30
             0.695E+01             0.622E-30
             0.696E+01             0.934E-30
             0.697E+01             0.186E-29
             0.698E+01             0.113E-30
             0.699E+01             0.257E-29
             0.700E+01             0.439E-29
