            -0.994E+01             0.000E+00
            -0.988E+01             0.000E+00
            -0.982E+01             0.000E+00
            -0.977E+01             0.000E+00
            -0.971E+01             0.000E+00
            -0.965E+01             0.000E+00
            -0.959E+01             0.000E+00
            -0.953E+01             0.000E+00
            -0.947E+01             0.000E+00
            -0.941E+01             0.000E+00
            -0.935E+01             0.000E+00
            -0.930E+01             0.000E+00
            -0.924E+01             0.000E+00
            -0.918E+01             0.000E+00
            -0.912E+01             0.000E+00
            -0.906E+01             0.000E+00
            -0.900E+01             0.000E+00
            -0.894E+01             0.000E+00
            -0.889E+01             0.000E+00
            -0.883E+01             0.000E+00
            -0.877E+01             0.000E+00
            -0.871E+01             0.000E+00
            -0.865E+01             0.000E+00
            -0.859E+01             0.000E+00
            -0.853E+01             0.000E+00
            -0.848E+01             0.000E+00
            -0.842E+01             0.000E+00
            -0.836E+01             0.000E+00
            -0.830E+01             0.000E+00
            -0.824E+01             0.000E+00
            -0.818E+01             0.000E+00
            -0.812E+01             0.000E+00
            -0.806E+01             0.000E+00
            -0.801E+01             0.000E+00
            -0.795E+01             0.000E+00
            -0.789E+01             0.000E+00
            -0.783E+01             0.000E+00
            -0.777E+01             0.000E+00
            -0.771E+01             0.000E+00
            -0.765E+01             0.185-318
            -0.760E+01             0.127-314
            -0.754E+01             0.852-311
            -0.748E+01             0.553-307
            -0.742E+01             0.348-303
            -0.736E+01             0.212-299
            -0.730E+01             0.126-295
            -0.724E+01             0.721-292
            -0.718E+01             0.401-288
            -0.713E+01             0.216-284
            -0.707E+01             0.113-280
            -0.701E+01             0.569-277
            -0.695E+01             0.278-273
            -0.689E+01             0.132-269
            -0.683E+01             0.604-266
            -0.677E+01             0.268-262
            -0.672E+01             0.115-258
            -0.666E+01             0.475-255
            -0.660E+01             0.190-251
            -0.654E+01             0.737-248
            -0.648E+01             0.276-244
            -0.642E+01             0.996-241
            -0.636E+01             0.347-237
            -0.630E+01             0.117-233
            -0.625E+01             0.379-230
            -0.619E+01             0.119-226
            -0.613E+01             0.359-223
            -0.607E+01             0.105-219
            -0.601E+01             0.293-216
            -0.595E+01             0.793-213
            -0.589E+01             0.206-209
            -0.584E+01             0.517-206
            -0.578E+01             0.125-202
            -0.572E+01             0.289-199
            -0.566E+01             0.646-196
            -0.560E+01             0.138-192
            -0.554E+01             0.285-189
            -0.548E+01             0.565-186
            -0.543E+01             0.107-182
            -0.537E+01             0.196-179
            -0.531E+01             0.343-176
            -0.525E+01             0.575-173
            -0.519E+01             0.925-170
            -0.513E+01             0.143-166
            -0.507E+01             0.211-163
            -0.501E+01             0.298-160
            -0.496E+01             0.403-157
            -0.490E+01             0.521-154
            -0.484E+01             0.644-151
            -0.478E+01             0.761-148
            -0.472E+01             0.859-145
            -0.466E+01             0.925-142
            -0.460E+01             0.951-139
            -0.455E+01             0.932-136
            -0.449E+01             0.870-133
            -0.443E+01             0.774-130
            -0.437E+01             0.655-127
            -0.431E+01             0.528-124
            -0.425E+01             0.405-121
            -0.419E+01             0.295-118
            -0.413E+01             0.204-115
            -0.408E+01             0.134-112
            -0.402E+01             0.832-110
            -0.396E+01             0.491-107
            -0.390E+01             0.274-104
            -0.384E+01             0.145-101
            -0.378E+01             0.726E-99
            -0.372E+01             0.344E-96
            -0.367E+01             0.153E-93
            -0.361E+01             0.647E-91
            -0.355E+01             0.257E-88
            -0.349E+01             0.964E-86
            -0.343E+01             0.340E-83
            -0.337E+01             0.113E-80
            -0.331E+01             0.352E-78
            -0.326E+01             0.103E-75
            -0.320E+01             0.284E-73
            -0.314E+01             0.731E-71
            -0.308E+01             0.176E-68
            -0.302E+01             0.398E-66
            -0.296E+01             0.841E-64
            -0.290E+01             0.166E-61
            -0.284E+01             0.305E-59
            -0.279E+01             0.522E-57
            -0.273E+01             0.831E-55
            -0.267E+01             0.123E-52
            -0.261E+01             0.169E-50
            -0.255E+01             0.216E-48
            -0.249E+01             0.255E-46
            -0.243E+01             0.279E-44
            -0.238E+01             0.282E-42
            -0.232E+01             0.263E-40
            -0.226E+01             0.225E-38
            -0.220E+01             0.178E-36
            -0.214E+01             0.129E-34
            -0.208E+01             0.859E-33
            -0.202E+01             0.524E-31
            -0.196E+01             0.292E-29
            -0.191E+01             0.148E-27
            -0.185E+01             0.689E-26
            -0.179E+01             0.290E-24
            -0.173E+01             0.111E-22
            -0.167E+01             0.387E-21
            -0.161E+01             0.121E-19
            -0.155E+01             0.345E-18
            -0.150E+01             0.882E-17
            -0.144E+01             0.203E-15
            -0.138E+01             0.419E-14
            -0.132E+01             0.776E-13
            -0.126E+01             0.128E-11
            -0.120E+01             0.189E-10
            -0.114E+01             0.248E-09
            -0.109E+01             0.289E-08
            -0.103E+01             0.298E-07
            -0.968E+00             0.271E-06
            -0.909E+00             0.217E-05
            -0.850E+00             0.153E-04
            -0.792E+00             0.944E-04
            -0.733E+00             0.508E-03
            -0.674E+00             0.238E-02
            -0.616E+00             0.966E-02
            -0.557E+00             0.338E-01
            -0.499E+00             0.102E+00
            -0.440E+00             0.261E+00
            -0.381E+00             0.567E+00
            -0.323E+00             0.103E+01
            -0.264E+00             0.154E+01
            -0.205E+00             0.186E+01
            -0.147E+00             0.171E+01
            -0.880E-01             0.108E+01
            -0.293E-01             0.333E+00
             0.293E-01             0.160E-26
             0.880E-01             0.333E+00
             0.147E+00             0.108E+01
             0.205E+00             0.171E+01
             0.264E+00             0.186E+01
             0.323E+00             0.154E+01
             0.381E+00             0.103E+01
             0.440E+00             0.567E+00
             0.499E+00             0.261E+00
             0.557E+00             0.102E+00
             0.616E+00             0.338E-01
             0.674E+00             0.966E-02
             0.733E+00             0.238E-02
             0.792E+00             0.508E-03
             0.850E+00             0.944E-04
             0.909E+00             0.153E-04
             0.968E+00             0.217E-05
             0.103E+01             0.271E-06
             0.109E+01             0.298E-07
             0.114E+01             0.289E-08
             0.120E+01             0.248E-09
             0.126E+01             0.189E-10
             0.132E+01             0.128E-11
             0.138E+01             0.776E-13
             0.144E+01             0.419E-14
             0.150E+01             0.203E-15
             0.155E+01             0.882E-17
             0.161E+01             0.345E-18
             0.167E+01             0.121E-19
             0.173E+01             0.387E-21
             0.179E+01             0.111E-22
             0.185E+01             0.291E-24
             0.191E+01             0.671E-26
             0.196E+01             0.199E-27
             0.202E+01             0.325E-29
             0.208E+01             0.197E-30
             0.214E+01             0.836E-30
             0.220E+01             0.337E-31
             0.226E+01             0.258E-30
             0.232E+01             0.852E-31
             0.238E+01             0.932E-31
             0.243E+01             0.979E-31
             0.249E+01             0.226E-33
             0.255E+01             0.210E-32
             0.261E+01             0.155E-30
             0.267E+01             0.322E-31
             0.273E+01             0.402E-31
             0.279E+01             0.311E-32
             0.284E+01             0.447E-32
             0.290E+01             0.106E-30
             0.296E+01             0.272E-33
             0.302E+01             0.456E-32
             0.308E+01             0.498E-30
             0.314E+01             0.334E-30
             0.320E+01             0.148E-30
             0.326E+01             0.422E-30
             0.331E+01             0.256E-31
             0.337E+01             0.466E-34
             0.343E+01             0.201E-29
             0.349E+01             0.569E-31
             0.355E+01             0.149E-31
             0.361E+01             0.339E-32
             0.367E+01             0.531E-30
             0.372E+01             0.708E-31
             0.378E+01             0.457E-31
             0.384E+01             0.186E-31
             0.390E+01             0.120E-29
             0.396E+01             0.835E-30
             0.402E+01             0.177E-30
             0.408E+01             0.255E-30
             0.413E+01             0.524E-31
             0.419E+01             0.263E-29
             0.425E+01             0.253E-33
             0.431E+01             0.861E-32
             0.437E+01             0.274E-32
             0.443E+01             0.201E-31
             0.449E+01             0.256E-31
             0.455E+01             0.229E-29
             0.460E+01             0.832E-30
             0.466E+01             0.671E-31
             0.472E+01             0.905E-31
             0.478E+01             0.773E-30
             0.484E+01             0.195E-31
             0.490E+01             0.467E-30
             0.496E+01             0.141E-30
             0.501E+01             0.626E-30
             0.507E+01             0.807E-30
             0.513E+01             0.886E-31
             0.519E+01             0.137E-30
             0.525E+01             0.102E-30
             0.531E+01             0.393E-31
             0.537E+01             0.754E-31
             0.543E+01             0.944E-32
             0.548E+01             0.521E-32
             0.554E+01             0.117E-33
             0.560E+01             0.351E-34
             0.566E+01             0.166E-35
             0.572E+01             0.142E-35
             0.578E+01             0.420E-41
             0.584E+01             0.448E-39
             0.589E+01             0.102E-39
             0.595E+01             0.896E-40
             0.601E+01             0.864E-41
             0.607E+01             0.141E-42
             0.613E+01             0.205E-45
             0.619E+01             0.252E-45
             0.625E+01             0.699E-46
             0.630E+01             0.227E-48
             0.636E+01             0.709E-48
             0.642E+01             0.166E-49
             0.648E+01             0.271E-50
             0.654E+01             0.243E-52
             0.660E+01             0.509E-56
             0.666E+01             0.172E-55
             0.672E+01             0.162E-58
             0.677E+01             0.642E-59
             0.683E+01             0.218E-60
             0.689E+01             0.353E-61
             0.695E+01             0.698E-61
             0.701E+01             0.246E-60
             0.707E+01             0.208E-60
             0.713E+01             0.557E-60
             0.718E+01             0.543E-61
             0.724E+01             0.674E-60
             0.730E+01             0.122E-59
             0.736E+01             0.536E-60
             0.742E+01             0.615E-60
             0.748E+01             0.580E-60
             0.754E+01             0.137E-59
             0.760E+01             0.257E-61
             0.765E+01             0.948E-62
             0.771E+01             0.163E-60
             0.777E+01             0.354E-60
             0.783E+01             0.136E-60
             0.789E+01             0.422E-63
             0.795E+01             0.365E-60
             0.801E+01             0.253E-60
             0.806E+01             0.951E-63
             0.812E+01             0.305E-63
             0.818E+01             0.287E-60
             0.824E+01             0.205E-61
             0.830E+01             0.106E-62
             0.836E+01             0.189E-61
             0.842E+01             0.176E-62
             0.848E+01             0.756E-63
             0.853E+01             0.132E-62
             0.859E+01             0.243E-61
             0.865E+01             0.851E-62
             0.871E+01             0.782E-64
             0.877E+01             0.694E-63
             0.883E+01             0.180E-67
             0.889E+01             0.124E-67
             0.894E+01             0.204E-65
             0.900E+01             0.283E-68
             0.906E+01             0.696E-69
             0.912E+01             0.327E-72
             0.918E+01             0.161E-73
             0.924E+01             0.429E-74
             0.930E+01             0.627E-77
             0.935E+01             0.579E-79
             0.941E+01             0.181E-79
             0.947E+01             0.148E-83
             0.953E+01             0.839E-86
             0.959E+01             0.239E-86
             0.965E+01             0.530E-89
             0.971E+01             0.866E-91
             0.977E+01             0.117E-90
             0.982E+01             0.101E-89
             0.988E+01             0.291E-90
             0.994E+01             0.106E-90
             0.100E+02             0.702E-94
