            -0.998E+01             0.328E-32
            -0.997E+01             0.642E-32
            -0.995E+01             0.103E-31
            -0.994E+01             0.195E-33
            -0.992E+01             0.262E-33
            -0.991E+01             0.284E-33
            -0.989E+01             0.153E-31
            -0.988E+01             0.126E-31
            -0.986E+01             0.472E-33
            -0.985E+01             0.326E-32
            -0.983E+01             0.726E-35
            -0.982E+01             0.625E-34
            -0.980E+01             0.592E-33
            -0.979E+01             0.899E-35
            -0.977E+01             0.440E-33
            -0.976E+01             0.431E-35
            -0.974E+01             0.972E-36
            -0.973E+01             0.695E-35
            -0.971E+01             0.876E-38
            -0.970E+01             0.239E-37
            -0.968E+01             0.847E-38
            -0.967E+01             0.173E-38
            -0.965E+01             0.132E-37
            -0.964E+01             0.261E-39
            -0.962E+01             0.977E-39
            -0.961E+01             0.355E-40
            -0.959E+01             0.821E-41
            -0.958E+01             0.221E-41
            -0.956E+01             0.133E-41
            -0.955E+01             0.380E-43
            -0.953E+01             0.147E-42
            -0.952E+01             0.181E-43
            -0.950E+01             0.119E-44
            -0.949E+01             0.190E-47
            -0.947E+01             0.235E-46
            -0.945E+01             0.552E-46
            -0.944E+01             0.652E-47
            -0.942E+01             0.854E-49
            -0.941E+01             0.159E-48
            -0.939E+01             0.189E-50
            -0.938E+01             0.112E-49
            -0.936E+01             0.272E-51
            -0.935E+01             0.707E-52
            -0.933E+01             0.799E-56
            -0.932E+01             0.292E-54
            -0.930E+01             0.279E-54
            -0.929E+01             0.760E-57
            -0.927E+01             0.411E-56
            -0.926E+01             0.421E-59
            -0.924E+01             0.241E-57
            -0.923E+01             0.260E-62
            -0.921E+01             0.533E-61
            -0.920E+01             0.381E-64
            -0.918E+01             0.721E-62
            -0.917E+01             0.434E-63
            -0.915E+01             0.166E-62
            -0.914E+01             0.315E-62
            -0.912E+01             0.255E-63
            -0.911E+01             0.290E-61
            -0.909E+01             0.267E-61
            -0.908E+01             0.614E-65
            -0.906E+01             0.190E-66
            -0.905E+01             0.346E-62
            -0.903E+01             0.832E-63
            -0.902E+01             0.197E-63
            -0.900E+01             0.688E-62
            -0.899E+01             0.478E-65
            -0.897E+01             0.200E-63
            -0.896E+01             0.517E-65
            -0.894E+01             0.354E-63
            -0.893E+01             0.690E-63
            -0.891E+01             0.157E-62
            -0.889E+01             0.206E-63
            -0.888E+01             0.114E-61
            -0.886E+01             0.151E-62
            -0.885E+01             0.948E-63
            -0.883E+01             0.244E-63
            -0.882E+01             0.138E-62
            -0.880E+01             0.609E-62
            -0.879E+01             0.162E-61
            -0.877E+01             0.767E-62
            -0.876E+01             0.141E-64
            -0.874E+01             0.470E-64
            -0.873E+01             0.152E-64
            -0.871E+01             0.212E-63
            -0.870E+01             0.413E-62
            -0.868E+01             0.326E-62
            -0.867E+01             0.898E-64
            -0.865E+01             0.390E-63
            -0.864E+01             0.167E-61
            -0.862E+01             0.511E-64
            -0.861E+01             0.750E-63
            -0.859E+01             0.526E-63
            -0.858E+01             0.287E-61
            -0.856E+01             0.293E-64
            -0.855E+01             0.203E-62
            -0.853E+01             0.107E-64
            -0.852E+01             0.310E-62
            -0.850E+01             0.280E-63
            -0.849E+01             0.560E-62
            -0.847E+01             0.396E-63
            -0.846E+01             0.952E-63
            -0.844E+01             0.131E-62
            -0.843E+01             0.277E-62
            -0.841E+01             0.543E-63
            -0.840E+01             0.217E-63
            -0.838E+01             0.855E-62
            -0.836E+01             0.177E-63
            -0.835E+01             0.405E-65
            -0.833E+01             0.122E-64
            -0.832E+01             0.790E-64
            -0.830E+01             0.125E-63
            -0.829E+01             0.147E-64
            -0.827E+01             0.325E-62
            -0.826E+01             0.179E-62
            -0.824E+01             0.188E-64
            -0.823E+01             0.278E-62
            -0.821E+01             0.284E-61
            -0.820E+01             0.250E-63
            -0.818E+01             0.538E-64
            -0.817E+01             0.333E-64
            -0.815E+01             0.350E-66
            -0.814E+01             0.846E-62
            -0.812E+01             0.501E-68
            -0.811E+01             0.320E-63
            -0.809E+01             0.109E-63
            -0.808E+01             0.558E-62
            -0.806E+01             0.710E-65
            -0.805E+01             0.249E-65
            -0.803E+01             0.228E-61
            -0.802E+01             0.516E-63
            -0.800E+01             0.175E-63
            -0.799E+01             0.725E-62
            -0.797E+01             0.251E-63
            -0.796E+01             0.741E-62
            -0.794E+01             0.371E-67
            -0.793E+01             0.110E-64
            -0.791E+01             0.100E-63
            -0.790E+01             0.135E-61
            -0.788E+01             0.198E-64
            -0.787E+01             0.768E-63
            -0.785E+01             0.112E-63
            -0.783E+01             0.355E-62
            -0.782E+01             0.153E-64
            -0.780E+01             0.469E-62
            -0.779E+01             0.299E-64
            -0.777E+01             0.675E-63
            -0.776E+01             0.194E-63
            -0.774E+01             0.190E-62
            -0.773E+01             0.782E-64
            -0.771E+01             0.190E-62
            -0.770E+01             0.837E-64
            -0.768E+01             0.171E-64
            -0.767E+01             0.109E-63
            -0.765E+01             0.390E-63
            -0.764E+01             0.632E-62
            -0.762E+01             0.328E-61
            -0.761E+01             0.689E-66
            -0.759E+01             0.190E-62
            -0.758E+01             0.492E-64
            -0.756E+01             0.107E-63
            -0.755E+01             0.833E-63
            -0.753E+01             0.841E-64
            -0.752E+01             0.282E-63
            -0.750E+01             0.804E-64
            -0.749E+01             0.536E-62
            -0.747E+01             0.270E-63
            -0.746E+01             0.746E-66
            -0.744E+01             0.335E-64
            -0.743E+01             0.340E-63
            -0.741E+01             0.462E-63
            -0.740E+01             0.893E-64
            -0.738E+01             0.836E-62
            -0.737E+01             0.473E-64
            -0.735E+01             0.196E-63
            -0.734E+01             0.227E-66
            -0.732E+01             0.221E-64
            -0.731E+01             0.274E-62
            -0.729E+01             0.178E-63
            -0.727E+01             0.305E-65
            -0.726E+01             0.129E-62
            -0.724E+01             0.187E-63
            -0.723E+01             0.310E-63
            -0.721E+01             0.427E-64
            -0.720E+01             0.398E-64
            -0.718E+01             0.138E-66
            -0.717E+01             0.320E-63
            -0.715E+01             0.166E-62
            -0.714E+01             0.248E-61
            -0.712E+01             0.109E-60
            -0.711E+01             0.211E-62
            -0.709E+01             0.321E-63
            -0.708E+01             0.390E-63
            -0.706E+01             0.175E-62
            -0.705E+01             0.437E-64
            -0.703E+01             0.219E-65
            -0.702E+01             0.539E-65
            -0.700E+01             0.335E-61
            -0.699E+01             0.249E-62
            -0.697E+01             0.508E-65
            -0.696E+01             0.605E-65
            -0.694E+01             0.294E-64
            -0.693E+01             0.322E-62
            -0.691E+01             0.108E-61
            -0.690E+01             0.149E-62
            -0.688E+01             0.318E-64
            -0.687E+01             0.119E-61
            -0.685E+01             0.206E-64
            -0.684E+01             0.145E-63
            -0.682E+01             0.443E-63
            -0.681E+01             0.568E-63
            -0.679E+01             0.228E-62
            -0.678E+01             0.978E-64
            -0.676E+01             0.986E-62
            -0.674E+01             0.181E-64
            -0.673E+01             0.239E-61
            -0.671E+01             0.173E-64
            -0.670E+01             0.116E-63
            -0.668E+01             0.284E-64
            -0.667E+01             0.106E-62
            -0.665E+01             0.232E-62
            -0.664E+01             0.272E-63
            -0.662E+01             0.150E-65
            -0.661E+01             0.621E-63
            -0.659E+01             0.529E-64
            -0.658E+01             0.256E-63
            -0.656E+01             0.105E-63
            -0.655E+01             0.524E-63
            -0.653E+01             0.765E-64
            -0.652E+01             0.288E-65
            -0.650E+01             0.112E-64
            -0.649E+01             0.569E-65
            -0.647E+01             0.948E-64
            -0.646E+01             0.354E-65
            -0.644E+01             0.119E-62
            -0.643E+01             0.235E-64
            -0.641E+01             0.114E-62
            -0.640E+01             0.331E-62
            -0.638E+01             0.396E-64
            -0.637E+01             0.540E-62
            -0.635E+01             0.199E-62
            -0.634E+01             0.215E-64
            -0.632E+01             0.475E-62
            -0.631E+01             0.225E-63
            -0.629E+01             0.207E-62
            -0.628E+01             0.134E-63
            -0.626E+01             0.707E-62
            -0.625E+01             0.122E-64
            -0.623E+01             0.172E-62
            -0.621E+01             0.724E-62
            -0.620E+01             0.140E-62
            -0.618E+01             0.723E-65
            -0.617E+01             0.457E-66
            -0.615E+01             0.389E-64
            -0.614E+01             0.257E-63
            -0.612E+01             0.948E-64
            -0.611E+01             0.224E-62
            -0.609E+01             0.299E-65
            -0.608E+01             0.435E-65
            -0.606E+01             0.466E-62
            -0.605E+01             0.363E-63
            -0.603E+01             0.116E-63
            -0.602E+01             0.278E-62
            -0.600E+01             0.605E-64
            -0.599E+01             0.103E-64
            -0.597E+01             0.610E-65
            -0.596E+01             0.201E-63
            -0.594E+01             0.203E-62
            -0.593E+01             0.113E-62
            -0.591E+01             0.466E-62
            -0.590E+01             0.169E-62
            -0.588E+01             0.157E-62
            -0.587E+01             0.977E-64
            -0.585E+01             0.126E-63
            -0.584E+01             0.321E-65
            -0.582E+01             0.359E-63
            -0.581E+01             0.348E-65
            -0.579E+01             0.298E-64
            -0.578E+01             0.214E-63
            -0.576E+01             0.124E-64
            -0.575E+01             0.625E-63
            -0.573E+01             0.684E-65
            -0.572E+01             0.228E-64
            -0.570E+01             0.417E-62
            -0.569E+01             0.979E-67
            -0.567E+01             0.995E-62
            -0.565E+01             0.102E-63
            -0.564E+01             0.314E-63
            -0.562E+01             0.250E-64
            -0.561E+01             0.276E-63
            -0.559E+01             0.208E-62
            -0.558E+01             0.420E-64
            -0.556E+01             0.394E-62
            -0.555E+01             0.608E-65
            -0.553E+01             0.491E-63
            -0.552E+01             0.285E-62
            -0.550E+01             0.781E-62
            -0.549E+01             0.177E-61
            -0.547E+01             0.825E-63
            -0.546E+01             0.352E-67
            -0.544E+01             0.199E-63
            -0.543E+01             0.393E-63
            -0.541E+01             0.348E-62
            -0.540E+01             0.838E-65
            -0.538E+01             0.384E-66
            -0.537E+01             0.179E-64
            -0.535E+01             0.425E-63
            -0.534E+01             0.652E-63
            -0.532E+01             0.162E-64
            -0.531E+01             0.104E-63
            -0.529E+01             0.466E-63
            -0.528E+01             0.528E-64
            -0.526E+01             0.372E-64
            -0.525E+01             0.156E-63
            -0.523E+01             0.188E-63
            -0.522E+01             0.235E-64
            -0.520E+01             0.104E-61
            -0.519E+01             0.119E-62
            -0.517E+01             0.228E-63
            -0.516E+01             0.965E-66
            -0.514E+01             0.232E-62
            -0.512E+01             0.429E-63
            -0.511E+01             0.170E-63
            -0.509E+01             0.602E-62
            -0.508E+01             0.115E-62
            -0.506E+01             0.380E-66
            -0.505E+01             0.167E-65
            -0.503E+01             0.214E-64
            -0.502E+01             0.370E-62
            -0.500E+01             0.289E-65
            -0.499E+01             0.631E-65
            -0.497E+01             0.534E-62
            -0.496E+01             0.811E-63
            -0.494E+01             0.293E-63
            -0.493E+01             0.140E-64
            -0.491E+01             0.380E-62
            -0.490E+01             0.147E-62
            -0.488E+01             0.212E-63
            -0.487E+01             0.496E-63
            -0.485E+01             0.140E-63
            -0.484E+01             0.114E-62
            -0.482E+01             0.656E-62
            -0.481E+01             0.278E-62
            -0.479E+01             0.368E-62
            -0.478E+01             0.301E-63
            -0.476E+01             0.226E-65
            -0.475E+01             0.512E-64
            -0.473E+01             0.282E-65
            -0.472E+01             0.805E-65
            -0.470E+01             0.383E-64
            -0.469E+01             0.677E-63
            -0.467E+01             0.177E-63
            -0.466E+01             0.681E-64
            -0.464E+01             0.515E-63
            -0.463E+01             0.272E-63
            -0.461E+01             0.292E-65
            -0.460E+01             0.660E-66
            -0.458E+01             0.443E-63
            -0.456E+01             0.224E-64
            -0.455E+01             0.185E-62
            -0.453E+01             0.348E-62
            -0.452E+01             0.119E-62
            -0.450E+01             0.148E-65
            -0.449E+01             0.394E-64
            -0.447E+01             0.221E-62
            -0.446E+01             0.486E-64
            -0.444E+01             0.930E-63
            -0.443E+01             0.145E-62
            -0.441E+01             0.985E-64
            -0.440E+01             0.148E-63
            -0.438E+01             0.319E-62
            -0.437E+01             0.998E-64
            -0.435E+01             0.421E-63
            -0.434E+01             0.754E-62
            -0.432E+01             0.320E-62
            -0.431E+01             0.493E-63
            -0.429E+01             0.428E-64
            -0.428E+01             0.410E-67
            -0.426E+01             0.163E-66
            -0.425E+01             0.666E-63
            -0.423E+01             0.369E-65
            -0.422E+01             0.998E-65
            -0.420E+01             0.785E-63
            -0.419E+01             0.942E-63
            -0.417E+01             0.550E-62
            -0.416E+01             0.314E-63
            -0.414E+01             0.142E-63
            -0.413E+01             0.869E-62
            -0.411E+01             0.717E-64
            -0.410E+01             0.991E-64
            -0.408E+01             0.782E-65
            -0.407E+01             0.541E-62
            -0.405E+01             0.867E-66
            -0.403E+01             0.404E-62
            -0.402E+01             0.187E-62
            -0.400E+01             0.226E-62
            -0.399E+01             0.301E-62
            -0.397E+01             0.909E-62
            -0.396E+01             0.102E-62
            -0.394E+01             0.444E-66
            -0.393E+01             0.130E-61
            -0.391E+01             0.363E-61
            -0.390E+01             0.368E-62
            -0.388E+01             0.808E-61
            -0.387E+01             0.113E-61
            -0.385E+01             0.254E-63
            -0.384E+01             0.343E-60
            -0.382E+01             0.782E-63
            -0.381E+01             0.489E-60
            -0.379E+01             0.292E-60
            -0.378E+01             0.126E-59
            -0.376E+01             0.316E-60
            -0.375E+01             0.307E-60
            -0.373E+01             0.203E-59
            -0.372E+01             0.312E-60
            -0.370E+01             0.872E-60
            -0.369E+01             0.276E-60
            -0.367E+01             0.105E-61
            -0.366E+01             0.665E-60
            -0.364E+01             0.537E-61
            -0.363E+01             0.671E-61
            -0.361E+01             0.746E-61
            -0.360E+01             0.166E-61
            -0.358E+01             0.114E-61
            -0.357E+01             0.461E-60
            -0.355E+01             0.796E-61
            -0.354E+01             0.709E-61
            -0.352E+01             0.519E-60
            -0.350E+01             0.921E-63
            -0.349E+01             0.522E-60
            -0.347E+01             0.752E-61
            -0.346E+01             0.185E-60
            -0.344E+01             0.935E-61
            -0.343E+01             0.587E-61
            -0.341E+01             0.102E-60
            -0.340E+01             0.612E-61
            -0.338E+01             0.657E-60
            -0.337E+01             0.438E-60
            -0.335E+01             0.762E-61
            -0.334E+01             0.251E-59
            -0.332E+01             0.178E-60
            -0.331E+01             0.718E-59
            -0.329E+01             0.385E-59
            -0.328E+01             0.738E-59
            -0.326E+01             0.139E-60
            -0.325E+01             0.172E-59
            -0.323E+01             0.615E-60
            -0.322E+01             0.330E-59
            -0.320E+01             0.863E-59
            -0.319E+01             0.665E-59
            -0.317E+01             0.469E-59
            -0.316E+01             0.324E-59
            -0.314E+01             0.111E-59
            -0.313E+01             0.432E-59
            -0.311E+01             0.687E-60
            -0.310E+01             0.102E-59
            -0.308E+01             0.302E-60
            -0.307E+01             0.853E-60
            -0.305E+01             0.918E-59
            -0.304E+01             0.313E-60
            -0.302E+01             0.853E-60
            -0.301E+01             0.379E-59
            -0.299E+01             0.106E-58
            -0.298E+01             0.212E-59
            -0.296E+01             0.255E-59
            -0.294E+01             0.145E-59
            -0.293E+01             0.107E-59
            -0.291E+01             0.111E-59
            -0.290E+01             0.705E-60
            -0.288E+01             0.657E-60
            -0.287E+01             0.122E-60
            -0.285E+01             0.367E-61
            -0.284E+01             0.171E-59
            -0.282E+01             0.534E-60
            -0.281E+01             0.180E-59
            -0.279E+01             0.954E-60
            -0.278E+01             0.828E-61
            -0.276E+01             0.155E-59
            -0.275E+01             0.330E-59
            -0.273E+01             0.638E-59
            -0.272E+01             0.402E-60
            -0.270E+01             0.734E-61
            -0.269E+01             0.414E-60
            -0.267E+01             0.267E-59
            -0.266E+01             0.718E-58
            -0.264E+01             0.331E-57
            -0.263E+01             0.196E-56
            -0.261E+01             0.865E-56
            -0.260E+01             0.385E-55
            -0.258E+01             0.177E-54
            -0.257E+01             0.805E-54
            -0.255E+01             0.363E-53
            -0.254E+01             0.163E-52
            -0.252E+01             0.722E-52
            -0.251E+01             0.318E-51
            -0.249E+01             0.139E-50
            -0.248E+01             0.600E-50
            -0.246E+01             0.257E-49
            -0.245E+01             0.109E-48
            -0.243E+01             0.461E-48
            -0.241E+01             0.192E-47
            -0.240E+01             0.797E-47
            -0.238E+01             0.327E-46
            -0.237E+01             0.133E-45
            -0.235E+01             0.537E-45
            -0.234E+01             0.215E-44
            -0.232E+01             0.852E-44
            -0.231E+01             0.335E-43
            -0.229E+01             0.130E-42
            -0.228E+01             0.504E-42
            -0.226E+01             0.193E-41
            -0.225E+01             0.732E-41
            -0.223E+01             0.275E-40
            -0.222E+01             0.103E-39
            -0.220E+01             0.379E-39
            -0.219E+01             0.139E-38
            -0.217E+01             0.505E-38
            -0.216E+01             0.182E-37
            -0.214E+01             0.648E-37
            -0.213E+01             0.229E-36
            -0.211E+01             0.804E-36
            -0.210E+01             0.279E-35
            -0.208E+01             0.962E-35
            -0.207E+01             0.328E-34
            -0.205E+01             0.111E-33
            -0.204E+01             0.373E-33
            -0.202E+01             0.124E-32
            -0.201E+01             0.408E-32
            -0.199E+01             0.133E-31
            -0.198E+01             0.432E-31
            -0.196E+01             0.138E-30
            -0.195E+01             0.440E-30
            -0.193E+01             0.139E-29
            -0.192E+01             0.433E-29
            -0.190E+01             0.134E-28
            -0.188E+01             0.411E-28
            -0.187E+01             0.125E-27
            -0.185E+01             0.377E-27
            -0.184E+01             0.113E-26
            -0.182E+01             0.333E-26
            -0.181E+01             0.977E-26
            -0.179E+01             0.284E-25
            -0.178E+01             0.819E-25
            -0.176E+01             0.234E-24
            -0.175E+01             0.661E-24
            -0.173E+01             0.185E-23
            -0.172E+01             0.515E-23
            -0.170E+01             0.142E-22
            -0.169E+01             0.387E-22
            -0.167E+01             0.105E-21
            -0.166E+01             0.281E-21
            -0.164E+01             0.746E-21
            -0.163E+01             0.196E-20
            -0.161E+01             0.512E-20
            -0.160E+01             0.132E-19
            -0.158E+01             0.339E-19
            -0.157E+01             0.860E-19
            -0.155E+01             0.216E-18
            -0.154E+01             0.539E-18
            -0.152E+01             0.133E-17
            -0.151E+01             0.326E-17
            -0.149E+01             0.790E-17
            -0.148E+01             0.190E-16
            -0.146E+01             0.452E-16
            -0.145E+01             0.107E-15
            -0.143E+01             0.249E-15
            -0.142E+01             0.577E-15
            -0.140E+01             0.132E-14
            -0.139E+01             0.301E-14
            -0.137E+01             0.678E-14
            -0.136E+01             0.151E-13
            -0.134E+01             0.335E-13
            -0.132E+01             0.734E-13
            -0.131E+01             0.159E-12
            -0.129E+01             0.343E-12
            -0.128E+01             0.731E-12
            -0.126E+01             0.154E-11
            -0.125E+01             0.323E-11
            -0.123E+01             0.669E-11
            -0.122E+01             0.137E-10
            -0.120E+01             0.279E-10
            -0.119E+01             0.563E-10
            -0.117E+01             0.112E-09
            -0.116E+01             0.222E-09
            -0.114E+01             0.436E-09
            -0.113E+01             0.846E-09
            -0.111E+01             0.163E-08
            -0.110E+01             0.310E-08
            -0.108E+01             0.585E-08
            -0.107E+01             0.109E-07
            -0.105E+01             0.202E-07
            -0.104E+01             0.371E-07
            -0.102E+01             0.675E-07
            -0.101E+01             0.121E-06
            -0.992E+00             0.217E-06
            -0.977E+00             0.382E-06
            -0.961E+00             0.669E-06
            -0.946E+00             0.116E-05
            -0.931E+00             0.199E-05
            -0.916E+00             0.338E-05
            -0.901E+00             0.569E-05
            -0.886E+00             0.948E-05
            -0.871E+00             0.156E-04
            -0.855E+00             0.256E-04
            -0.840E+00             0.414E-04
            -0.825E+00             0.664E-04
            -0.810E+00             0.105E-03
            -0.795E+00             0.166E-03
            -0.780E+00             0.258E-03
            -0.765E+00             0.398E-03
            -0.749E+00             0.608E-03
            -0.734E+00             0.919E-03
            -0.719E+00             0.138E-02
            -0.704E+00             0.204E-02
            -0.689E+00             0.299E-02
            -0.674E+00             0.434E-02
            -0.659E+00             0.624E-02
            -0.643E+00             0.888E-02
            -0.628E+00             0.125E-01
            -0.613E+00             0.174E-01
            -0.598E+00             0.241E-01
            -0.583E+00             0.329E-01
            -0.568E+00             0.444E-01
            -0.553E+00             0.594E-01
            -0.537E+00             0.785E-01
            -0.522E+00             0.103E+00
            -0.507E+00             0.133E+00
            -0.492E+00             0.171E+00
            -0.477E+00             0.216E+00
            -0.462E+00             0.271E+00
            -0.447E+00             0.335E+00
            -0.431E+00             0.411E+00
            -0.416E+00             0.497E+00
            -0.401E+00             0.595E+00
            -0.386E+00             0.704E+00
            -0.371E+00             0.822E+00
            -0.356E+00             0.949E+00
            -0.341E+00             0.108E+01
            -0.326E+00             0.122E+01
            -0.310E+00             0.135E+01
            -0.295E+00             0.148E+01
            -0.280E+00             0.160E+01
            -0.265E+00             0.170E+01
            -0.250E+00             0.178E+01
            -0.235E+00             0.183E+01
            -0.220E+00             0.186E+01
            -0.204E+00             0.185E+01
            -0.189E+00             0.180E+01
            -0.174E+00             0.172E+01
            -0.159E+00             0.161E+01
            -0.144E+00             0.146E+01
            -0.129E+00             0.129E+01
            -0.114E+00             0.111E+01
            -0.984E-01             0.907E+00
            -0.833E-01             0.707E+00
            -0.681E-01             0.517E+00
            -0.530E-01             0.345E+00
            -0.379E-01             0.200E+00
            -0.227E-01             0.910E-01
            -0.757E-02             0.231E-01
             0.757E-02             0.142E-24
             0.227E-01             0.231E-01
             0.379E-01             0.910E-01
             0.530E-01             0.200E+00
             0.681E-01             0.345E+00
             0.833E-01             0.517E+00
             0.984E-01             0.707E+00
             0.114E+00             0.907E+00
             0.129E+00             0.111E+01
             0.144E+00             0.129E+01
             0.159E+00             0.146E+01
             0.174E+00             0.161E+01
             0.189E+00             0.172E+01
             0.204E+00             0.180E+01
             0.220E+00             0.185E+01
             0.235E+00             0.186E+01
             0.250E+00             0.183E+01
             0.265E+00             0.178E+01
             0.280E+00             0.170E+01
             0.295E+00             0.160E+01
             0.310E+00             0.148E+01
             0.326E+00             0.135E+01
             0.341E+00             0.122E+01
             0.356E+00             0.108E+01
             0.371E+00             0.949E+00
             0.386E+00             0.822E+00
             0.401E+00             0.704E+00
             0.416E+00             0.595E+00
             0.431E+00             0.497E+00
             0.447E+00             0.411E+00
             0.462E+00             0.335E+00
             0.477E+00             0.271E+00
             0.492E+00             0.216E+00
             0.507E+00             0.171E+00
             0.522E+00             0.133E+00
             0.537E+00             0.103E+00
             0.553E+00             0.785E-01
             0.568E+00             0.594E-01
             0.583E+00             0.444E-01
             0.598E+00             0.329E-01
             0.613E+00             0.241E-01
             0.628E+00             0.174E-01
             0.643E+00             0.125E-01
             0.659E+00             0.888E-02
             0.674E+00             0.624E-02
             0.689E+00             0.434E-02
             0.704E+00             0.299E-02
             0.719E+00             0.204E-02
             0.734E+00             0.138E-02
             0.749E+00             0.919E-03
             0.765E+00             0.608E-03
             0.780E+00             0.398E-03
             0.795E+00             0.258E-03
             0.810E+00             0.166E-03
             0.825E+00             0.105E-03
             0.840E+00             0.664E-04
             0.855E+00             0.414E-04
             0.871E+00             0.256E-04
             0.886E+00             0.156E-04
             0.901E+00             0.948E-05
             0.916E+00             0.569E-05
             0.931E+00             0.338E-05
             0.946E+00             0.199E-05
             0.961E+00             0.116E-05
             0.977E+00             0.669E-06
             0.992E+00             0.382E-06
             0.101E+01             0.217E-06
             0.102E+01             0.121E-06
             0.104E+01             0.675E-07
             0.105E+01             0.371E-07
             0.107E+01             0.202E-07
             0.108E+01             0.109E-07
             0.110E+01             0.585E-08
             0.111E+01             0.310E-08
             0.113E+01             0.163E-08
             0.114E+01             0.846E-09
             0.116E+01             0.436E-09
             0.117E+01             0.222E-09
             0.119E+01             0.112E-09
             0.120E+01             0.563E-10
             0.122E+01             0.279E-10
             0.123E+01             0.137E-10
             0.125E+01             0.669E-11
             0.126E+01             0.323E-11
             0.128E+01             0.154E-11
             0.129E+01             0.731E-12
             0.131E+01             0.343E-12
             0.132E+01             0.159E-12
             0.134E+01             0.734E-13
             0.136E+01             0.335E-13
             0.137E+01             0.151E-13
             0.139E+01             0.678E-14
             0.140E+01             0.301E-14
             0.142E+01             0.132E-14
             0.143E+01             0.577E-15
             0.145E+01             0.249E-15
             0.146E+01             0.107E-15
             0.148E+01             0.452E-16
             0.149E+01             0.190E-16
             0.151E+01             0.790E-17
             0.152E+01             0.326E-17
             0.154E+01             0.133E-17
             0.155E+01             0.539E-18
             0.157E+01             0.216E-18
             0.158E+01             0.860E-19
             0.160E+01             0.339E-19
             0.161E+01             0.132E-19
             0.163E+01             0.512E-20
             0.164E+01             0.196E-20
             0.166E+01             0.746E-21
             0.167E+01             0.281E-21
             0.169E+01             0.105E-21
             0.170E+01             0.387E-22
             0.172E+01             0.142E-22
             0.173E+01             0.514E-23
             0.175E+01             0.182E-23
             0.176E+01             0.638E-24
             0.178E+01             0.218E-24
             0.179E+01             0.736E-25
             0.181E+01             0.260E-25
             0.182E+01             0.740E-26
             0.184E+01             0.151E-26
             0.185E+01             0.561E-27
             0.187E+01             0.283E-28
             0.188E+01             0.124E-28
             0.190E+01             0.224E-30
             0.192E+01             0.318E-28
             0.193E+01             0.439E-29
             0.195E+01             0.558E-29
             0.196E+01             0.376E-29
             0.198E+01             0.554E-28
             0.199E+01             0.276E-29
             0.201E+01             0.297E-28
             0.202E+01             0.574E-29
             0.204E+01             0.690E-28
             0.205E+01             0.181E-28
             0.207E+01             0.199E-28
             0.208E+01             0.401E-28
             0.210E+01             0.634E-28
             0.211E+01             0.908E-31
             0.213E+01             0.329E-29
             0.214E+01             0.443E-29
             0.216E+01             0.419E-29
             0.217E+01             0.161E-28
             0.219E+01             0.133E-29
             0.220E+01             0.178E-28
             0.222E+01             0.354E-29
             0.223E+01             0.326E-29
             0.225E+01             0.116E-29
             0.226E+01             0.371E-28
             0.228E+01             0.312E-30
             0.229E+01             0.221E-28
             0.231E+01             0.182E-29
             0.232E+01             0.247E-28
             0.234E+01             0.418E-28
             0.235E+01             0.639E-28
             0.237E+01             0.862E-28
             0.238E+01             0.970E-29
             0.240E+01             0.124E-28
             0.241E+01             0.473E-28
             0.243E+01             0.313E-30
             0.245E+01             0.322E-29
             0.246E+01             0.344E-30
             0.248E+01             0.988E-29
             0.249E+01             0.570E-29
             0.251E+01             0.233E-29
             0.252E+01             0.102E-29
             0.254E+01             0.354E-29
             0.255E+01             0.179E-28
             0.257E+01             0.123E-29
             0.258E+01             0.153E-29
             0.260E+01             0.120E-29
             0.261E+01             0.238E-29
             0.263E+01             0.561E-29
             0.264E+01             0.938E-29
             0.266E+01             0.581E-29
             0.267E+01             0.337E-28
             0.269E+01             0.788E-29
             0.270E+01             0.469E-30
             0.272E+01             0.997E-29
             0.273E+01             0.725E-30
             0.275E+01             0.138E-28
             0.276E+01             0.133E-29
             0.278E+01             0.129E-30
             0.279E+01             0.124E-28
             0.281E+01             0.996E-29
             0.282E+01             0.408E-30
             0.284E+01             0.728E-29
             0.285E+01             0.249E-29
             0.287E+01             0.135E-28
             0.288E+01             0.932E-31
             0.290E+01             0.880E-30
             0.291E+01             0.257E-28
             0.293E+01             0.407E-29
             0.294E+01             0.948E-29
             0.296E+01             0.120E-28
             0.298E+01             0.307E-31
             0.299E+01             0.167E-32
             0.301E+01             0.129E-31
             0.302E+01             0.574E-30
             0.304E+01             0.274E-29
             0.305E+01             0.668E-31
             0.307E+01             0.802E-32
             0.308E+01             0.503E-30
             0.310E+01             0.112E-28
             0.311E+01             0.145E-28
             0.313E+01             0.381E-30
             0.314E+01             0.112E-28
             0.316E+01             0.178E-28
             0.317E+01             0.485E-30
             0.319E+01             0.170E-29
             0.320E+01             0.281E-30
             0.322E+01             0.627E-31
             0.323E+01             0.415E-29
             0.325E+01             0.359E-30
             0.326E+01             0.201E-31
             0.328E+01             0.362E-29
             0.329E+01             0.438E-29
             0.331E+01             0.245E-29
             0.332E+01             0.197E-30
             0.334E+01             0.212E-30
             0.335E+01             0.846E-30
             0.337E+01             0.358E-29
             0.338E+01             0.208E-29
             0.340E+01             0.484E-29
             0.341E+01             0.859E-29
             0.343E+01             0.172E-28
             0.344E+01             0.743E-29
             0.346E+01             0.393E-29
             0.347E+01             0.393E-29
             0.349E+01             0.649E-29
             0.350E+01             0.838E-29
             0.352E+01             0.681E-29
             0.354E+01             0.162E-29
             0.355E+01             0.282E-29
             0.357E+01             0.125E-28
             0.358E+01             0.467E-29
             0.360E+01             0.274E-29
             0.361E+01             0.132E-28
             0.363E+01             0.148E-30
             0.364E+01             0.609E-30
             0.366E+01             0.223E-29
             0.367E+01             0.454E-29
             0.369E+01             0.641E-31
             0.370E+01             0.290E-29
             0.372E+01             0.258E-29
             0.373E+01             0.780E-30
             0.375E+01             0.540E-29
             0.376E+01             0.605E-29
             0.378E+01             0.192E-29
             0.379E+01             0.732E-30
             0.381E+01             0.175E-30
             0.382E+01             0.499E-30
             0.384E+01             0.105E-32
             0.385E+01             0.697E-35
             0.387E+01             0.165E-29
             0.388E+01             0.226E-30
             0.390E+01             0.532E-30
             0.391E+01             0.407E-29
             0.393E+01             0.807E-31
             0.394E+01             0.325E-31
             0.396E+01             0.497E-30
             0.397E+01             0.299E-29
             0.399E+01             0.136E-28
             0.400E+01             0.176E-30
             0.402E+01             0.133E-29
             0.403E+01             0.165E-30
             0.405E+01             0.155E-30
             0.407E+01             0.116E-29
             0.408E+01             0.196E-29
             0.410E+01             0.987E-30
             0.411E+01             0.398E-31
             0.413E+01             0.302E-29
             0.414E+01             0.591E-32
             0.416E+01             0.657E-30
             0.417E+01             0.202E-30
             0.419E+01             0.503E-30
             0.420E+01             0.225E-29
             0.422E+01             0.504E-30
             0.423E+01             0.126E-30
             0.425E+01             0.848E-30
             0.426E+01             0.308E-29
             0.428E+01             0.965E-30
             0.429E+01             0.182E-32
             0.431E+01             0.962E-29
             0.432E+01             0.380E-29
             0.434E+01             0.682E-31
             0.435E+01             0.978E-30
             0.437E+01             0.332E-31
             0.438E+01             0.275E-30
             0.440E+01             0.418E-32
             0.441E+01             0.435E-29
             0.443E+01             0.303E-29
             0.444E+01             0.683E-30
             0.446E+01             0.109E-30
             0.447E+01             0.779E-31
             0.449E+01             0.970E-34
             0.450E+01             0.443E-30
             0.452E+01             0.315E-30
             0.453E+01             0.289E-30
             0.455E+01             0.150E-28
             0.456E+01             0.192E-29
             0.458E+01             0.144E-29
             0.460E+01             0.209E-31
             0.461E+01             0.239E-29
             0.463E+01             0.275E-29
             0.464E+01             0.483E-32
             0.466E+01             0.245E-30
             0.467E+01             0.461E-30
             0.469E+01             0.731E-30
             0.470E+01             0.244E-30
             0.472E+01             0.192E-29
             0.473E+01             0.609E-31
             0.475E+01             0.362E-30
             0.476E+01             0.281E-29
             0.478E+01             0.187E-30
             0.479E+01             0.123E-30
             0.481E+01             0.254E-29
             0.482E+01             0.349E-31
             0.484E+01             0.984E-30
             0.485E+01             0.641E-32
             0.487E+01             0.119E-29
             0.488E+01             0.810E-30
             0.490E+01             0.412E-34
             0.491E+01             0.160E-31
             0.493E+01             0.419E-29
             0.494E+01             0.370E-30
             0.496E+01             0.101E-30
             0.497E+01             0.672E-32
             0.499E+01             0.681E-30
             0.500E+01             0.767E-30
             0.502E+01             0.226E-31
             0.503E+01             0.114E-29
             0.505E+01             0.644E-32
             0.506E+01             0.182E-30
             0.508E+01             0.191E-29
             0.509E+01             0.702E-30
             0.511E+01             0.702E-31
             0.512E+01             0.276E-29
             0.514E+01             0.577E-32
             0.516E+01             0.175E-30
             0.517E+01             0.571E-31
             0.519E+01             0.137E-31
             0.520E+01             0.171E-31
             0.522E+01             0.935E-30
             0.523E+01             0.162E-31
             0.525E+01             0.335E-31
             0.526E+01             0.335E-31
             0.528E+01             0.182E-29
             0.529E+01             0.656E-31
             0.531E+01             0.162E-29
             0.532E+01             0.197E-30
             0.534E+01             0.647E-30
             0.535E+01             0.286E-29
             0.537E+01             0.117E-30
             0.538E+01             0.449E-30
             0.540E+01             0.229E-31
             0.541E+01             0.374E-30
             0.543E+01             0.733E-32
             0.544E+01             0.726E-30
             0.546E+01             0.105E-30
             0.547E+01             0.693E-31
             0.549E+01             0.989E-30
             0.550E+01             0.224E-30
             0.552E+01             0.392E-30
             0.553E+01             0.584E-31
             0.555E+01             0.256E-30
             0.556E+01             0.176E-29
             0.558E+01             0.317E-30
             0.559E+01             0.193E-30
             0.561E+01             0.912E-30
             0.562E+01             0.864E-31
             0.564E+01             0.889E-32
             0.565E+01             0.115E-29
             0.567E+01             0.862E-32
             0.569E+01             0.445E-30
             0.570E+01             0.101E-29
             0.572E+01             0.967E-31
             0.573E+01             0.243E-30
             0.575E+01             0.159E-30
             0.576E+01             0.406E-30
             0.578E+01             0.401E-31
             0.579E+01             0.206E-30
             0.581E+01             0.199E-30
             0.582E+01             0.407E-30
             0.584E+01             0.916E-30
             0.585E+01             0.771E-30
             0.587E+01             0.216E-30
             0.588E+01             0.161E-30
             0.590E+01             0.302E-31
             0.591E+01             0.374E-30
             0.593E+01             0.107E-30
             0.594E+01             0.705E-30
             0.596E+01             0.139E-30
             0.597E+01             0.232E-30
             0.599E+01             0.670E-32
             0.600E+01             0.496E-31
             0.602E+01             0.163E-30
             0.603E+01             0.775E-31
             0.605E+01             0.138E-29
             0.606E+01             0.924E-31
             0.608E+01             0.937E-31
             0.609E+01             0.699E-31
             0.611E+01             0.454E-32
             0.612E+01             0.256E-30
             0.614E+01             0.123E-31
             0.615E+01             0.197E-29
             0.617E+01             0.454E-30
             0.618E+01             0.388E-31
             0.620E+01             0.120E-30
             0.621E+01             0.569E-31
             0.623E+01             0.615E-31
             0.625E+01             0.136E-30
             0.626E+01             0.345E-31
             0.628E+01             0.165E-29
             0.629E+01             0.632E-31
             0.631E+01             0.694E-30
             0.632E+01             0.363E-30
             0.634E+01             0.765E-31
             0.635E+01             0.525E-31
             0.637E+01             0.229E-31
             0.638E+01             0.760E-30
             0.640E+01             0.218E-30
             0.641E+01             0.758E-30
             0.643E+01             0.277E-30
             0.644E+01             0.747E-31
             0.646E+01             0.347E-32
             0.647E+01             0.218E-30
             0.649E+01             0.512E-30
             0.650E+01             0.560E-30
             0.652E+01             0.734E-31
             0.653E+01             0.238E-30
             0.655E+01             0.395E-30
             0.656E+01             0.644E-30
             0.658E+01             0.168E-29
             0.659E+01             0.121E-29
             0.661E+01             0.466E-30
             0.662E+01             0.317E-30
             0.664E+01             0.105E-31
             0.665E+01             0.496E-30
             0.667E+01             0.373E-31
             0.668E+01             0.780E-30
             0.670E+01             0.586E-30
             0.671E+01             0.473E-30
             0.673E+01             0.248E-29
             0.674E+01             0.354E-32
             0.676E+01             0.645E-30
             0.678E+01             0.184E-29
             0.679E+01             0.242E-30
             0.681E+01             0.642E-33
             0.682E+01             0.195E-30
             0.684E+01             0.203E-30
             0.685E+01             0.167E-29
             0.687E+01             0.305E-30
             0.688E+01             0.191E-30
             0.690E+01             0.488E-31
             0.691E+01             0.454E-30
             0.693E+01             0.680E-34
             0.694E+01             0.806E-30
             0.696E+01             0.598E-30
             0.697E+01             0.243E-29
             0.699E+01             0.492E-29
             0.700E+01             0.165E-29
             0.702E+01             0.193E-30
             0.703E+01             0.318E-32
             0.705E+01             0.404E-31
             0.706E+01             0.123E-29
             0.708E+01             0.102E-29
             0.709E+01             0.253E-29
             0.711E+01             0.434E-29
             0.712E+01             0.371E-30
             0.714E+01             0.124E-30
             0.715E+01             0.920E-31
             0.717E+01             0.484E-31
             0.718E+01             0.225E-30
             0.720E+01             0.239E-29
             0.721E+01             0.105E-29
             0.723E+01             0.866E-30
             0.724E+01             0.173E-30
             0.726E+01             0.121E-29
             0.727E+01             0.283E-31
             0.729E+01             0.261E-29
             0.731E+01             0.319E-30
             0.732E+01             0.239E-30
             0.734E+01             0.312E-29
             0.735E+01             0.508E-29
             0.737E+01             0.573E-30
             0.738E+01             0.320E-30
             0.740E+01             0.178E-29
             0.741E+01             0.161E-30
             0.743E+01             0.253E-31
             0.744E+01             0.752E-30
             0.746E+01             0.206E-29
             0.747E+01             0.125E-30
             0.749E+01             0.346E-29
             0.750E+01             0.264E-29
             0.752E+01             0.356E-30
             0.753E+01             0.545E-32
             0.755E+01             0.590E-30
             0.756E+01             0.191E-30
             0.758E+01             0.635E-29
             0.759E+01             0.601E-29
             0.761E+01             0.465E-31
             0.762E+01             0.118E-31
             0.764E+01             0.885E-29
             0.765E+01             0.263E-29
             0.767E+01             0.164E-29
             0.768E+01             0.419E-32
             0.770E+01             0.135E-29
             0.771E+01             0.302E-30
             0.773E+01             0.262E-29
             0.774E+01             0.403E-30
             0.776E+01             0.251E-29
             0.777E+01             0.422E-29
             0.779E+01             0.736E-29
             0.780E+01             0.264E-30
             0.782E+01             0.459E-29
             0.783E+01             0.715E-29
             0.785E+01             0.134E-28
             0.787E+01             0.133E-30
             0.788E+01             0.551E-29
             0.790E+01             0.119E-29
             0.791E+01             0.265E-29
             0.793E+01             0.183E-31
             0.794E+01             0.590E-29
             0.796E+01             0.378E-29
             0.797E+01             0.159E-29
             0.799E+01             0.769E-30
             0.800E+01             0.463E-30
             0.802E+01             0.233E-29
             0.803E+01             0.588E-31
             0.805E+01             0.646E-32
             0.806E+01             0.823E-29
             0.808E+01             0.369E-31
             0.809E+01             0.159E-30
             0.811E+01             0.152E-29
             0.812E+01             0.104E-29
             0.814E+01             0.239E-32
             0.815E+01             0.826E-30
             0.817E+01             0.373E-32
             0.818E+01             0.799E-29
             0.820E+01             0.559E-29
             0.821E+01             0.226E-30
             0.823E+01             0.745E-29
             0.824E+01             0.236E-29
             0.826E+01             0.958E-31
             0.827E+01             0.679E-29
             0.829E+01             0.229E-30
             0.830E+01             0.305E-30
             0.832E+01             0.118E-29
             0.833E+01             0.191E-29
             0.835E+01             0.182E-29
             0.836E+01             0.202E-29
             0.838E+01             0.216E-31
             0.840E+01             0.133E-29
             0.841E+01             0.112E-29
             0.843E+01             0.245E-31
             0.844E+01             0.607E-30
             0.846E+01             0.102E-29
             0.847E+01             0.650E-30
             0.849E+01             0.135E-30
             0.850E+01             0.471E-32
             0.852E+01             0.210E-30
             0.853E+01             0.101E-29
             0.855E+01             0.125E-31
             0.856E+01             0.488E-30
             0.858E+01             0.884E-30
             0.859E+01             0.466E-30
             0.861E+01             0.426E-30
             0.862E+01             0.173E-29
             0.864E+01             0.280E-30
             0.865E+01             0.289E-30
             0.867E+01             0.125E-29
             0.868E+01             0.858E-33
             0.870E+01             0.264E-29
             0.871E+01             0.369E-30
             0.873E+01             0.278E-30
             0.874E+01             0.837E-31
             0.876E+01             0.114E-29
             0.877E+01             0.419E-30
             0.879E+01             0.297E-29
             0.880E+01             0.901E-32
             0.882E+01             0.954E-30
             0.883E+01             0.415E-30
             0.885E+01             0.955E-30
             0.886E+01             0.228E-30
             0.888E+01             0.405E-30
             0.889E+01             0.724E-29
             0.891E+01             0.220E-32
             0.893E+01             0.451E-29
             0.894E+01             0.144E-30
             0.896E+01             0.660E-30
             0.897E+01             0.166E-30
             0.899E+01             0.215E-33
             0.900E+01             0.321E-30
             0.902E+01             0.195E-29
             0.903E+01             0.939E-30
             0.905E+01             0.599E-31
             0.906E+01             0.216E-29
             0.908E+01             0.283E-30
             0.909E+01             0.701E-30
             0.911E+01             0.364E-30
             0.912E+01             0.131E-29
             0.914E+01             0.468E-31
             0.915E+01             0.288E-30
             0.917E+01             0.424E-32
             0.918E+01             0.144E-30
             0.920E+01             0.331E-30
             0.921E+01             0.852E-31
             0.923E+01             0.803E-32
             0.924E+01             0.589E-30
             0.926E+01             0.380E-33
             0.927E+01             0.749E-30
             0.929E+01             0.711E-30
             0.930E+01             0.130E-30
             0.932E+01             0.482E-30
             0.933E+01             0.159E-31
             0.935E+01             0.644E-30
             0.936E+01             0.675E-30
             0.938E+01             0.512E-29
             0.939E+01             0.463E-29
             0.941E+01             0.136E-30
             0.942E+01             0.414E-32
             0.944E+01             0.360E-30
             0.945E+01             0.664E-29
             0.947E+01             0.457E-29
             0.949E+01             0.907E-30
             0.950E+01             0.317E-30
             0.952E+01             0.296E-30
             0.953E+01             0.824E-31
             0.955E+01             0.795E-31
             0.956E+01             0.948E-32
             0.958E+01             0.220E-31
             0.959E+01             0.192E-29
             0.961E+01             0.412E-31
             0.962E+01             0.126E-29
             0.964E+01             0.900E-29
             0.965E+01             0.137E-32
             0.967E+01             0.201E-29
             0.968E+01             0.980E-29
             0.970E+01             0.279E-29
             0.971E+01             0.173E-30
             0.973E+01             0.601E-30
             0.974E+01             0.437E-31
             0.976E+01             0.552E-30
             0.977E+01             0.697E-29
             0.979E+01             0.668E-29
             0.980E+01             0.902E-30
             0.982E+01             0.680E-31
             0.983E+01             0.385E-30
             0.985E+01             0.315E-29
             0.986E+01             0.406E-29
             0.988E+01             0.479E-29
             0.989E+01             0.104E-29
             0.991E+01             0.366E-29
             0.992E+01             0.153E-29
             0.994E+01             0.139E-29
             0.995E+01             0.426E-31
             0.997E+01             0.103E-29
             0.998E+01             0.115E-29
             0.100E+02             0.484E-30
