            -0.998E+01             0.000E+00
            -0.996E+01             0.000E+00
            -0.993E+01             0.000E+00
            -0.991E+01             0.000E+00
            -0.989E+01             0.000E+00
            -0.987E+01             0.000E+00
            -0.984E+01             0.000E+00
            -0.982E+01             0.000E+00
            -0.980E+01             0.000E+00
            -0.978E+01             0.000E+00
            -0.976E+01             0.000E+00
            -0.973E+01             0.000E+00
            -0.971E+01             0.000E+00
            -0.969E+01             0.000E+00
            -0.967E+01             0.000E+00
            -0.964E+01             0.000E+00
            -0.962E+01             0.000E+00
            -0.960E+01             0.000E+00
            -0.958E+01             0.000E+00
            -0.956E+01             0.000E+00
            -0.953E+01             0.000E+00
            -0.951E+01             0.000E+00
            -0.949E+01             0.000E+00
            -0.947E+01             0.000E+00
            -0.945E+01             0.000E+00
            -0.942E+01             0.000E+00
            -0.940E+01             0.000E+00
            -0.938E+01             0.000E+00
            -0.936E+01             0.000E+00
            -0.933E+01             0.000E+00
            -0.931E+01             0.000E+00
            -0.929E+01             0.000E+00
            -0.927E+01             0.000E+00
            -0.925E+01             0.000E+00
            -0.922E+01             0.000E+00
            -0.920E+01             0.000E+00
            -0.918E+01             0.000E+00
            -0.916E+01             0.000E+00
            -0.913E+01             0.000E+00
            -0.911E+01             0.000E+00
            -0.909E+01             0.000E+00
            -0.907E+01             0.000E+00
            -0.905E+01             0.000E+00
            -0.902E+01             0.000E+00
            -0.900E+01             0.000E+00
            -0.898E+01             0.000E+00
            -0.896E+01             0.000E+00
            -0.893E+01             0.000E+00
            -0.891E+01             0.000E+00
            -0.889E+01             0.000E+00
            -0.887E+01             0.000E+00
            -0.885E+01             0.000E+00
            -0.882E+01             0.000E+00
            -0.880E+01             0.000E+00
            -0.878E+01             0.000E+00
            -0.876E+01             0.000E+00
            -0.873E+01             0.000E+00
            -0.871E+01             0.000E+00
            -0.869E+01             0.000E+00
            -0.867E+01             0.000E+00
            -0.865E+01             0.000E+00
            -0.862E+01             0.000E+00
            -0.860E+01             0.000E+00
            -0.858E+01             0.000E+00
            -0.856E+01             0.000E+00
            -0.853E+01             0.000E+00
            -0.851E+01             0.000E+00
            -0.849E+01             0.000E+00
            -0.847E+01             0.000E+00
            -0.845E+01             0.000E+00
            -0.842E+01             0.000E+00
            -0.840E+01             0.000E+00
            -0.838E+01             0.000E+00
            -0.836E+01             0.000E+00
            -0.834E+01             0.000E+00
            -0.831E+01             0.000E+00
            -0.829E+01             0.000E+00
            -0.827E+01             0.000E+00
            -0.825E+01             0.000E+00
            -0.822E+01             0.000E+00
            -0.820E+01             0.000E+00
            -0.818E+01             0.000E+00
            -0.816E+01             0.000E+00
            -0.814E+01             0.000E+00
            -0.811E+01             0.000E+00
            -0.809E+01             0.000E+00
            -0.807E+01             0.000E+00
            -0.805E+01             0.000E+00
            -0.802E+01             0.000E+00
            -0.800E+01             0.000E+00
            -0.798E+01             0.000E+00
            -0.796E+01             0.000E+00
            -0.794E+01             0.000E+00
            -0.791E+01             0.000E+00
            -0.789E+01             0.000E+00
            -0.787E+01             0.000E+00
            -0.785E+01             0.000E+00
            -0.782E+01             0.000E+00
            -0.780E+01             0.000E+00
            -0.778E+01             0.000E+00
            -0.776E+01             0.000E+00
            -0.774E+01             0.000E+00
            -0.771E+01             0.000E+00
            -0.769E+01             0.000E+00
            -0.767E+01             0.000E+00
            -0.765E+01             0.000E+00
            -0.762E+01             0.000E+00
            -0.760E+01             0.000E+00
            -0.758E+01             0.000E+00
            -0.756E+01             0.000E+00
            -0.754E+01             0.000E+00
            -0.751E+01             0.000E+00
            -0.749E+01             0.000E+00
            -0.747E+01             0.000E+00
            -0.745E+01             0.000E+00
            -0.743E+01             0.000E+00
            -0.740E+01             0.222-321
            -0.738E+01             0.156-320
            -0.736E+01             0.134-316
            -0.734E+01             0.176-315
            -0.731E+01             0.202-312
            -0.729E+01             0.111-309
            -0.727E+01             0.185-308
            -0.725E+01             0.986-307
            -0.723E+01             0.701-304
            -0.720E+01             0.839-303
            -0.718E+01             0.212-301
            -0.716E+01             0.164-301
            -0.714E+01             0.227-296
            -0.711E+01             0.503-294
            -0.709E+01             0.541-293
            -0.707E+01             0.107-292
            -0.705E+01             0.176-289
            -0.703E+01             0.108-287
            -0.700E+01             0.191-284
            -0.698E+01             0.597-283
            -0.696E+01             0.238-280
            -0.694E+01             0.774-279
            -0.691E+01             0.241-276
            -0.689E+01             0.121-275
            -0.687E+01             0.198-272
            -0.685E+01             0.401-271
            -0.683E+01             0.470-272
            -0.680E+01             0.405-268
            -0.678E+01             0.799-267
            -0.676E+01             0.607-264
            -0.674E+01             0.163-260
            -0.671E+01             0.194-259
            -0.669E+01             0.424-258
            -0.667E+01             0.109-258
            -0.665E+01             0.598-256
            -0.663E+01             0.748-254
            -0.660E+01             0.155-250
            -0.658E+01             0.989-248
            -0.656E+01             0.951-247
            -0.654E+01             0.480-244
            -0.651E+01             0.756-244
            -0.649E+01             0.608-243
            -0.647E+01             0.637-239
            -0.645E+01             0.127-237
            -0.643E+01             0.557-236
            -0.640E+01             0.682-236
            -0.638E+01             0.183-234
            -0.636E+01             0.152-231
            -0.634E+01             0.374-229
            -0.632E+01             0.722-227
            -0.629E+01             0.428-224
            -0.627E+01             0.356-223
            -0.625E+01             0.543-221
            -0.623E+01             0.254-220
            -0.620E+01             0.171-216
            -0.618E+01             0.723-215
            -0.616E+01             0.266-214
            -0.614E+01             0.576-212
            -0.612E+01             0.169-212
            -0.609E+01             0.224-209
            -0.607E+01             0.494-207
            -0.605E+01             0.283-206
            -0.603E+01             0.603-208
            -0.600E+01             0.285-201
            -0.598E+01             0.307-201
            -0.596E+01             0.334-199
            -0.594E+01             0.237-196
            -0.592E+01             0.539-196
            -0.589E+01             0.616-193
            -0.587E+01             0.606-194
            -0.585E+01             0.170-192
            -0.583E+01             0.184-189
            -0.580E+01             0.458-187
            -0.578E+01             0.331-185
            -0.576E+01             0.166-183
            -0.574E+01             0.558-182
            -0.572E+01             0.778-180
            -0.569E+01             0.867-179
            -0.567E+01             0.702-177
            -0.565E+01             0.352-175
            -0.563E+01             0.506-174
            -0.560E+01             0.314-172
            -0.558E+01             0.272-170
            -0.556E+01             0.419-170
            -0.554E+01             0.166-167
            -0.552E+01             0.333-167
            -0.549E+01             0.150-165
            -0.547E+01             0.781-162
            -0.545E+01             0.418-162
            -0.543E+01             0.503-162
            -0.541E+01             0.544-158
            -0.538E+01             0.202-157
            -0.536E+01             0.207-157
            -0.534E+01             0.328-153
            -0.532E+01             0.200-153
            -0.529E+01             0.118-151
            -0.527E+01             0.290-153
            -0.525E+01             0.928-148
            -0.523E+01             0.190-145
            -0.521E+01             0.556-145
            -0.518E+01             0.544-145
            -0.516E+01             0.575-143
            -0.514E+01             0.132-141
            -0.512E+01             0.566-141
            -0.509E+01             0.248-137
            -0.507E+01             0.253-136
            -0.505E+01             0.894-136
            -0.503E+01             0.181-134
            -0.501E+01             0.108-132
            -0.498E+01             0.128-131
            -0.496E+01             0.458-129
            -0.494E+01             0.970-128
            -0.492E+01             0.600-128
            -0.489E+01             0.173-125
            -0.487E+01             0.178-126
            -0.485E+01             0.209-122
            -0.483E+01             0.723-123
            -0.481E+01             0.505-121
            -0.478E+01             0.255-120
            -0.476E+01             0.397-120
            -0.474E+01             0.284-116
            -0.472E+01             0.109-115
            -0.469E+01             0.231-115
            -0.467E+01             0.588-113
            -0.465E+01             0.552-112
            -0.463E+01             0.699-110
            -0.461E+01             0.742-109
            -0.458E+01             0.340-107
            -0.456E+01             0.319-108
            -0.454E+01             0.111-106
            -0.452E+01             0.947-106
            -0.450E+01             0.147-104
            -0.447E+01             0.401-103
            -0.445E+01             0.806-102
            -0.443E+01             0.196-101
            -0.441E+01             0.228E-99
            -0.438E+01             0.149E-99
            -0.436E+01             0.466E-96
            -0.434E+01             0.590E-95
            -0.432E+01             0.817E-95
            -0.430E+01             0.255E-94
            -0.427E+01             0.141E-92
            -0.425E+01             0.254E-93
            -0.423E+01             0.971E-91
            -0.421E+01             0.817E-89
            -0.418E+01             0.534E-88
            -0.416E+01             0.626E-89
            -0.414E+01             0.208E-88
            -0.412E+01             0.285E-86
            -0.410E+01             0.100E-86
            -0.407E+01             0.498E-86
            -0.405E+01             0.137E-83
            -0.403E+01             0.621E-82
            -0.401E+01             0.296E-81
            -0.398E+01             0.567E-81
            -0.396E+01             0.104E-79
            -0.394E+01             0.445E-78
            -0.392E+01             0.240E-79
            -0.390E+01             0.714E-79
            -0.387E+01             0.454E-76
            -0.385E+01             0.470E-75
            -0.383E+01             0.335E-75
            -0.381E+01             0.476E-75
            -0.378E+01             0.119E-74
            -0.376E+01             0.112E-71
            -0.374E+01             0.324E-75
            -0.372E+01             0.640E-74
            -0.370E+01             0.121E-69
            -0.367E+01             0.723E-69
            -0.365E+01             0.187E-68
            -0.363E+01             0.155E-68
            -0.361E+01             0.491E-67
            -0.358E+01             0.300E-67
            -0.356E+01             0.230E-66
            -0.354E+01             0.934E-69
            -0.352E+01             0.169E-65
            -0.350E+01             0.887E-67
            -0.347E+01             0.139E-63
            -0.345E+01             0.920E-63
            -0.343E+01             0.362E-65
            -0.341E+01             0.218E-63
            -0.339E+01             0.143E-62
            -0.336E+01             0.179E-61
            -0.334E+01             0.187E-63
            -0.332E+01             0.757E-62
            -0.330E+01             0.234E-63
            -0.327E+01             0.796E-61
            -0.325E+01             0.228E-60
            -0.323E+01             0.152E-60
            -0.321E+01             0.486E-61
            -0.319E+01             0.255E-60
            -0.316E+01             0.205E-61
            -0.314E+01             0.786E-61
            -0.312E+01             0.650E-61
            -0.310E+01             0.732E-61
            -0.307E+01             0.119E-60
            -0.305E+01             0.132E-60
            -0.303E+01             0.215E-60
            -0.301E+01             0.300E-60
            -0.299E+01             0.403E-61
            -0.296E+01             0.200E-62
            -0.294E+01             0.238E-61
            -0.292E+01             0.259E-61
            -0.290E+01             0.356E-60
            -0.287E+01             0.334E-60
            -0.285E+01             0.423E-61
            -0.283E+01             0.404E-62
            -0.281E+01             0.296E-61
            -0.279E+01             0.452E-59
            -0.276E+01             0.646E-58
            -0.274E+01             0.701E-57
            -0.272E+01             0.602E-56
            -0.270E+01             0.562E-55
            -0.267E+01             0.523E-54
            -0.265E+01             0.477E-53
            -0.263E+01             0.429E-52
            -0.261E+01             0.380E-51
            -0.259E+01             0.330E-50
            -0.256E+01             0.281E-49
            -0.254E+01             0.236E-48
            -0.252E+01             0.194E-47
            -0.250E+01             0.157E-46
            -0.248E+01             0.125E-45
            -0.245E+01             0.977E-45
            -0.243E+01             0.749E-44
            -0.241E+01             0.565E-43
            -0.239E+01             0.418E-42
            -0.236E+01             0.304E-41
            -0.234E+01             0.217E-40
            -0.232E+01             0.152E-39
            -0.230E+01             0.105E-38
            -0.228E+01             0.709E-38
            -0.225E+01             0.471E-37
            -0.223E+01             0.307E-36
            -0.221E+01             0.196E-35
            -0.219E+01             0.123E-34
            -0.216E+01             0.762E-34
            -0.214E+01             0.462E-33
            -0.212E+01             0.274E-32
            -0.210E+01             0.160E-31
            -0.208E+01             0.918E-31
            -0.205E+01             0.516E-30
            -0.203E+01             0.285E-29
            -0.201E+01             0.154E-28
            -0.199E+01             0.821E-28
            -0.196E+01             0.428E-27
            -0.194E+01             0.219E-26
            -0.192E+01             0.110E-25
            -0.190E+01             0.543E-25
            -0.188E+01             0.262E-24
            -0.185E+01             0.124E-23
            -0.183E+01             0.579E-23
            -0.181E+01             0.264E-22
            -0.179E+01             0.118E-21
            -0.176E+01             0.520E-21
            -0.174E+01             0.224E-20
            -0.172E+01             0.947E-20
            -0.170E+01             0.392E-19
            -0.168E+01             0.159E-18
            -0.165E+01             0.635E-18
            -0.163E+01             0.248E-17
            -0.161E+01             0.950E-17
            -0.159E+01             0.357E-16
            -0.156E+01             0.131E-15
            -0.154E+01             0.474E-15
            -0.152E+01             0.168E-14
            -0.150E+01             0.581E-14
            -0.148E+01             0.197E-13
            -0.145E+01             0.657E-13
            -0.143E+01             0.214E-12
            -0.141E+01             0.685E-12
            -0.139E+01             0.214E-11
            -0.137E+01             0.658E-11
            -0.134E+01             0.198E-10
            -0.132E+01             0.582E-10
            -0.130E+01             0.168E-09
            -0.128E+01             0.474E-09
            -0.125E+01             0.131E-08
            -0.123E+01             0.354E-08
            -0.121E+01             0.939E-08
            -0.119E+01             0.244E-07
            -0.117E+01             0.619E-07
            -0.114E+01             0.154E-06
            -0.112E+01             0.374E-06
            -0.110E+01             0.890E-06
            -0.108E+01             0.207E-05
            -0.105E+01             0.471E-05
            -0.103E+01             0.105E-04
            -0.101E+01             0.229E-04
            -0.988E+00             0.486E-04
            -0.966E+00             0.101E-03
            -0.943E+00             0.206E-03
            -0.921E+00             0.409E-03
            -0.899E+00             0.793E-03
            -0.877E+00             0.150E-02
            -0.855E+00             0.278E-02
            -0.832E+00             0.502E-02
            -0.810E+00             0.884E-02
            -0.788E+00             0.152E-01
            -0.766E+00             0.254E-01
            -0.744E+00             0.415E-01
            -0.721E+00             0.659E-01
            -0.699E+00             0.102E+00
            -0.677E+00             0.153E+00
            -0.655E+00             0.224E+00
            -0.633E+00             0.318E+00
            -0.610E+00             0.439E+00
            -0.588E+00             0.585E+00
            -0.566E+00             0.756E+00
            -0.544E+00             0.943E+00
            -0.522E+00             0.113E+01
            -0.499E+00             0.131E+01
            -0.477E+00             0.145E+01
            -0.455E+00             0.153E+01
            -0.433E+00             0.154E+01
            -0.411E+00             0.145E+01
            -0.388E+00             0.127E+01
            -0.366E+00             0.102E+01
            -0.344E+00             0.721E+00
            -0.322E+00             0.426E+00
            -0.300E+00             0.180E+00
            -0.277E+00             0.310E-01
            -0.255E+00             0.672E-02
            -0.233E+00             0.113E+00
            -0.211E+00             0.325E+00
            -0.189E+00             0.594E+00
            -0.166E+00             0.854E+00
            -0.144E+00             0.104E+01
            -0.122E+00             0.110E+01
            -0.999E-01             0.102E+01
            -0.777E-01             0.822E+00
            -0.555E-01             0.548E+00
            -0.333E-01             0.274E+00
            -0.111E-01             0.735E-01
             0.111E-01             0.977E-25
             0.333E-01             0.735E-01
             0.555E-01             0.274E+00
             0.777E-01             0.548E+00
             0.999E-01             0.822E+00
             0.122E+00             0.102E+01
             0.144E+00             0.110E+01
             0.166E+00             0.104E+01
             0.189E+00             0.854E+00
             0.211E+00             0.594E+00
             0.233E+00             0.325E+00
             0.255E+00             0.113E+00
             0.277E+00             0.672E-02
             0.300E+00             0.310E-01
             0.322E+00             0.180E+00
             0.344E+00             0.426E+00
             0.366E+00             0.721E+00
             0.388E+00             0.102E+01
             0.411E+00             0.127E+01
             0.433E+00             0.145E+01
             0.455E+00             0.154E+01
             0.477E+00             0.153E+01
             0.499E+00             0.145E+01
             0.522E+00             0.131E+01
             0.544E+00             0.113E+01
             0.566E+00             0.943E+00
             0.588E+00             0.756E+00
             0.610E+00             0.585E+00
             0.633E+00             0.439E+00
             0.655E+00             0.318E+00
             0.677E+00             0.224E+00
             0.699E+00             0.153E+00
             0.721E+00             0.102E+00
             0.744E+00             0.659E-01
             0.766E+00             0.415E-01
             0.788E+00             0.254E-01
             0.810E+00             0.152E-01
             0.832E+00             0.884E-02
             0.855E+00             0.502E-02
             0.877E+00             0.278E-02
             0.899E+00             0.150E-02
             0.921E+00             0.793E-03
             0.943E+00             0.409E-03
             0.966E+00             0.206E-03
             0.988E+00             0.101E-03
             0.101E+01             0.486E-04
             0.103E+01             0.229E-04
             0.105E+01             0.105E-04
             0.108E+01             0.471E-05
             0.110E+01             0.207E-05
             0.112E+01             0.890E-06
             0.114E+01             0.374E-06
             0.117E+01             0.154E-06
             0.119E+01             0.619E-07
             0.121E+01             0.244E-07
             0.123E+01             0.939E-08
             0.125E+01             0.354E-08
             0.128E+01             0.131E-08
             0.130E+01             0.474E-09
             0.132E+01             0.168E-09
             0.134E+01             0.582E-10
             0.137E+01             0.198E-10
             0.139E+01             0.658E-11
             0.141E+01             0.214E-11
             0.143E+01             0.685E-12
             0.145E+01             0.214E-12
             0.148E+01             0.657E-13
             0.150E+01             0.197E-13
             0.152E+01             0.581E-14
             0.154E+01             0.168E-14
             0.156E+01             0.474E-15
             0.159E+01             0.131E-15
             0.161E+01             0.357E-16
             0.163E+01             0.950E-17
             0.165E+01             0.248E-17
             0.168E+01             0.635E-18
             0.170E+01             0.159E-18
             0.172E+01             0.392E-19
             0.174E+01             0.947E-20
             0.176E+01             0.224E-20
             0.179E+01             0.520E-21
             0.181E+01             0.118E-21
             0.183E+01             0.264E-22
             0.185E+01             0.581E-23
             0.188E+01             0.125E-23
             0.190E+01             0.268E-24
             0.192E+01             0.619E-25
             0.194E+01             0.123E-25
             0.196E+01             0.237E-26
             0.199E+01             0.680E-27
             0.201E+01             0.327E-28
             0.203E+01             0.121E-28
             0.205E+01             0.219E-29
             0.208E+01             0.155E-29
             0.210E+01             0.158E-30
             0.212E+01             0.503E-28
             0.214E+01             0.120E-28
             0.216E+01             0.166E-28
             0.219E+01             0.186E-30
             0.221E+01             0.790E-29
             0.223E+01             0.331E-30
             0.225E+01             0.346E-29
             0.228E+01             0.874E-30
             0.230E+01             0.110E-29
             0.232E+01             0.579E-29
             0.234E+01             0.171E-28
             0.236E+01             0.124E-29
             0.239E+01             0.245E-29
             0.241E+01             0.143E-29
             0.243E+01             0.616E-29
             0.245E+01             0.632E-29
             0.248E+01             0.244E-28
             0.250E+01             0.434E-30
             0.252E+01             0.456E-31
             0.254E+01             0.220E-28
             0.256E+01             0.482E-29
             0.259E+01             0.115E-28
             0.261E+01             0.459E-29
             0.263E+01             0.381E-29
             0.265E+01             0.973E-30
             0.267E+01             0.281E-33
             0.270E+01             0.173E-29
             0.272E+01             0.621E-29
             0.274E+01             0.115E-30
             0.276E+01             0.145E-29
             0.279E+01             0.459E-29
             0.281E+01             0.536E-29
             0.283E+01             0.165E-30
             0.285E+01             0.187E-29
             0.287E+01             0.945E-30
             0.290E+01             0.342E-31
             0.292E+01             0.544E-29
             0.294E+01             0.702E-30
             0.296E+01             0.462E-31
             0.299E+01             0.598E-29
             0.301E+01             0.346E-29
             0.303E+01             0.177E-28
             0.305E+01             0.335E-29
             0.307E+01             0.745E-29
             0.310E+01             0.753E-29
             0.312E+01             0.781E-29
             0.314E+01             0.249E-29
             0.316E+01             0.870E-30
             0.319E+01             0.556E-29
             0.321E+01             0.162E-29
             0.323E+01             0.127E-29
             0.325E+01             0.506E-30
             0.327E+01             0.249E-30
             0.330E+01             0.246E-29
             0.332E+01             0.692E-31
             0.334E+01             0.225E-30
             0.336E+01             0.445E-31
             0.339E+01             0.817E-30
             0.341E+01             0.137E-30
             0.343E+01             0.152E-31
             0.345E+01             0.432E-30
             0.347E+01             0.503E-29
             0.350E+01             0.637E-31
             0.352E+01             0.288E-29
             0.354E+01             0.212E-29
             0.356E+01             0.699E-30
             0.358E+01             0.216E-29
             0.361E+01             0.973E-30
             0.363E+01             0.153E-30
             0.365E+01             0.554E-31
             0.367E+01             0.905E-30
             0.370E+01             0.519E-29
             0.372E+01             0.319E-30
             0.374E+01             0.154E-30
             0.376E+01             0.139E-31
             0.378E+01             0.103E-29
             0.381E+01             0.139E-29
             0.383E+01             0.526E-30
             0.385E+01             0.403E-31
             0.387E+01             0.626E-30
             0.390E+01             0.459E-30
             0.392E+01             0.221E-30
             0.394E+01             0.243E-29
             0.396E+01             0.402E-29
             0.398E+01             0.735E-30
             0.401E+01             0.211E-29
             0.403E+01             0.343E-30
             0.405E+01             0.185E-29
             0.407E+01             0.873E-30
             0.410E+01             0.423E-30
             0.412E+01             0.460E-32
             0.414E+01             0.632E-30
             0.416E+01             0.146E-29
             0.418E+01             0.261E-29
             0.421E+01             0.261E-30
             0.423E+01             0.217E-30
             0.425E+01             0.141E-30
             0.427E+01             0.504E-33
             0.430E+01             0.909E-31
             0.432E+01             0.129E-29
             0.434E+01             0.198E-31
             0.436E+01             0.381E-32
             0.438E+01             0.192E-30
             0.441E+01             0.292E-31
             0.443E+01             0.541E-30
             0.445E+01             0.362E-30
             0.447E+01             0.139E-29
             0.450E+01             0.309E-31
             0.452E+01             0.112E-29
             0.454E+01             0.888E-30
             0.456E+01             0.115E-29
             0.458E+01             0.395E-31
             0.461E+01             0.364E-30
             0.463E+01             0.564E-30
             0.465E+01             0.887E-32
             0.467E+01             0.805E-30
             0.469E+01             0.367E-30
             0.472E+01             0.144E-29
             0.474E+01             0.175E-30
             0.476E+01             0.292E-31
             0.478E+01             0.188E-30
             0.481E+01             0.836E-30
             0.483E+01             0.147E-32
             0.485E+01             0.866E-31
             0.487E+01             0.267E-30
             0.489E+01             0.873E-35
             0.492E+01             0.511E-30
             0.494E+01             0.614E-30
             0.496E+01             0.386E-30
             0.498E+01             0.109E-30
             0.501E+01             0.269E-30
             0.503E+01             0.865E-32
             0.505E+01             0.414E-31
             0.507E+01             0.562E-32
             0.509E+01             0.195E-33
             0.512E+01             0.669E-30
             0.514E+01             0.143E-31
             0.516E+01             0.164E-30
             0.518E+01             0.126E-30
             0.521E+01             0.611E-31
             0.523E+01             0.414E-31
             0.525E+01             0.691E-30
             0.527E+01             0.968E-32
             0.529E+01             0.110E-30
             0.532E+01             0.234E-30
             0.534E+01             0.198E-30
             0.536E+01             0.258E-30
             0.538E+01             0.488E-30
             0.541E+01             0.350E-31
             0.543E+01             0.954E-32
             0.545E+01             0.653E-31
             0.547E+01             0.939E-30
             0.549E+01             0.752E-31
             0.552E+01             0.216E-30
             0.554E+01             0.750E-30
             0.556E+01             0.201E-31
             0.558E+01             0.270E-30
             0.560E+01             0.966E-31
             0.563E+01             0.181E-30
             0.565E+01             0.163E-30
             0.567E+01             0.195E-29
             0.569E+01             0.919E-30
             0.572E+01             0.675E-30
             0.574E+01             0.812E-31
             0.576E+01             0.288E-30
             0.578E+01             0.312E-31
             0.580E+01             0.156E-30
             0.583E+01             0.107E-30
             0.585E+01             0.401E-30
             0.587E+01             0.412E-31
             0.589E+01             0.228E-30
             0.592E+01             0.458E-30
             0.594E+01             0.517E-31
             0.596E+01             0.221E-31
             0.598E+01             0.549E-30
             0.600E+01             0.524E-33
             0.603E+01             0.487E-30
             0.605E+01             0.719E-34
             0.607E+01             0.261E-29
             0.609E+01             0.190E-29
             0.612E+01             0.144E-29
             0.614E+01             0.388E-30
             0.616E+01             0.358E-33
             0.618E+01             0.464E-31
             0.620E+01             0.415E-30
             0.623E+01             0.176E-30
             0.625E+01             0.650E-32
             0.627E+01             0.486E-30
             0.629E+01             0.256E-30
             0.632E+01             0.173E-29
             0.634E+01             0.202E-29
             0.636E+01             0.603E-30
             0.638E+01             0.866E-30
             0.640E+01             0.961E-30
             0.643E+01             0.264E-30
             0.645E+01             0.392E-35
             0.647E+01             0.832E-30
             0.649E+01             0.812E-31
             0.651E+01             0.183E-29
             0.654E+01             0.791E-30
             0.656E+01             0.321E-30
             0.658E+01             0.707E-33
             0.660E+01             0.284E-29
             0.663E+01             0.265E-29
             0.665E+01             0.157E-29
             0.667E+01             0.448E-30
             0.669E+01             0.818E-29
             0.671E+01             0.948E-31
             0.674E+01             0.467E-29
             0.676E+01             0.360E-30
             0.678E+01             0.117E-28
             0.680E+01             0.490E-29
             0.683E+01             0.238E-30
             0.685E+01             0.800E-30
             0.687E+01             0.233E-29
             0.689E+01             0.146E-28
             0.691E+01             0.978E-31
             0.694E+01             0.225E-30
             0.696E+01             0.348E-32
             0.698E+01             0.115E-29
             0.700E+01             0.255E-29
             0.703E+01             0.781E-36
             0.705E+01             0.985E-31
             0.707E+01             0.233E-29
             0.709E+01             0.517E-32
             0.711E+01             0.122E-31
             0.714E+01             0.180E-29
             0.716E+01             0.223E-31
             0.718E+01             0.724E-29
             0.720E+01             0.372E-30
             0.723E+01             0.757E-30
             0.725E+01             0.157E-29
             0.727E+01             0.317E-30
             0.729E+01             0.215E-30
             0.731E+01             0.585E-30
             0.734E+01             0.100E-29
             0.736E+01             0.184E-30
             0.738E+01             0.113E-29
             0.740E+01             0.383E-29
             0.743E+01             0.669E-29
             0.745E+01             0.111E-29
             0.747E+01             0.141E-29
             0.749E+01             0.154E-30
             0.751E+01             0.712E-30
             0.754E+01             0.307E-30
             0.756E+01             0.239E-30
             0.758E+01             0.397E-30
             0.760E+01             0.116E-28
             0.762E+01             0.441E-29
             0.765E+01             0.230E-29
             0.767E+01             0.164E-29
             0.769E+01             0.741E-31
             0.771E+01             0.819E-30
             0.774E+01             0.172E-29
             0.776E+01             0.112E-30
             0.778E+01             0.612E-30
             0.780E+01             0.201E-29
             0.782E+01             0.212E-29
             0.785E+01             0.463E-29
             0.787E+01             0.187E-31
             0.789E+01             0.126E-29
             0.791E+01             0.948E-31
             0.794E+01             0.231E-29
             0.796E+01             0.138E-30
             0.798E+01             0.147E-29
             0.800E+01             0.422E-30
             0.802E+01             0.423E-30
             0.805E+01             0.509E-29
             0.807E+01             0.262E-30
             0.809E+01             0.594E-29
             0.811E+01             0.230E-30
             0.814E+01             0.337E-29
             0.816E+01             0.383E-30
             0.818E+01             0.135E-29
             0.820E+01             0.970E-30
             0.822E+01             0.149E-29
             0.825E+01             0.105E-30
             0.827E+01             0.278E-33
             0.829E+01             0.974E-31
             0.831E+01             0.164E-29
             0.834E+01             0.223E-30
             0.836E+01             0.346E-30
             0.838E+01             0.189E-29
             0.840E+01             0.115E-29
             0.842E+01             0.166E-33
             0.845E+01             0.255E-29
             0.847E+01             0.119E-29
             0.849E+01             0.359E-31
             0.851E+01             0.210E-29
             0.853E+01             0.324E-30
             0.856E+01             0.954E-30
             0.858E+01             0.356E-30
             0.860E+01             0.639E-31
             0.862E+01             0.694E-31
             0.865E+01             0.614E-30
             0.867E+01             0.866E-31
             0.869E+01             0.180E-33
             0.871E+01             0.111E-30
             0.873E+01             0.981E-31
             0.876E+01             0.629E-32
             0.878E+01             0.376E-32
             0.880E+01             0.365E-31
             0.882E+01             0.624E-32
             0.885E+01             0.463E-33
             0.887E+01             0.458E-34
             0.889E+01             0.449E-35
             0.891E+01             0.457E-34
             0.893E+01             0.362E-35
             0.896E+01             0.142E-37
             0.898E+01             0.347E-36
             0.900E+01             0.166E-38
             0.902E+01             0.166E-36
             0.905E+01             0.636E-38
             0.907E+01             0.301E-38
             0.909E+01             0.353E-38
             0.911E+01             0.567E-39
             0.913E+01             0.589E-42
             0.916E+01             0.263E-40
             0.918E+01             0.237E-40
             0.920E+01             0.799E-42
             0.922E+01             0.998E-43
             0.925E+01             0.376E-43
             0.927E+01             0.508E-44
             0.929E+01             0.608E-45
             0.931E+01             0.137E-46
             0.933E+01             0.500E-47
             0.936E+01             0.687E-48
             0.938E+01             0.236E-49
             0.940E+01             0.104E-49
             0.942E+01             0.477E-51
             0.945E+01             0.492E-52
             0.947E+01             0.954E-53
             0.949E+01             0.875E-54
             0.951E+01             0.485E-56
             0.953E+01             0.462E-56
             0.956E+01             0.881E-57
             0.958E+01             0.292E-58
             0.960E+01             0.129E-59
             0.962E+01             0.219E-59
             0.964E+01             0.298E-58
             0.967E+01             0.121E-60
             0.969E+01             0.438E-59
             0.971E+01             0.476E-59
             0.973E+01             0.376E-61
             0.976E+01             0.631E-61
             0.978E+01             0.958E-59
             0.980E+01             0.274E-59
             0.982E+01             0.112E-59
             0.984E+01             0.240E-58
             0.987E+01             0.182E-59
             0.989E+01             0.815E-59
             0.991E+01             0.441E-59
             0.993E+01             0.158E-58
             0.996E+01             0.169E-59
             0.998E+01             0.628E-59
             0.100E+02             0.336E-61
