            -0.499E+01             0.718E-60
            -0.498E+01             0.760E-60
            -0.497E+01             0.833E-61
            -0.497E+01             0.273E-59
            -0.496E+01             0.904E-62
            -0.495E+01             0.982E-61
            -0.494E+01             0.884E-61
            -0.493E+01             0.980E-62
            -0.492E+01             0.869E-60
            -0.492E+01             0.118E-61
            -0.491E+01             0.912E-64
            -0.490E+01             0.962E-60
            -0.489E+01             0.446E-60
            -0.488E+01             0.272E-60
            -0.487E+01             0.196E-60
            -0.486E+01             0.113E-59
            -0.486E+01             0.383E-60
            -0.485E+01             0.903E-61
            -0.484E+01             0.182E-60
            -0.483E+01             0.626E-60
            -0.482E+01             0.349E-60
            -0.481E+01             0.479E-60
            -0.481E+01             0.550E-60
            -0.480E+01             0.746E-61
            -0.479E+01             0.378E-60
            -0.478E+01             0.375E-62
            -0.477E+01             0.637E-61
            -0.476E+01             0.505E-60
            -0.475E+01             0.896E-61
            -0.475E+01             0.659E-64
            -0.474E+01             0.121E-60
            -0.473E+01             0.499E-59
            -0.472E+01             0.124E-60
            -0.471E+01             0.230E-61
            -0.470E+01             0.728E-61
            -0.470E+01             0.485E-60
            -0.469E+01             0.410E-62
            -0.468E+01             0.204E-60
            -0.467E+01             0.232E-59
            -0.466E+01             0.470E-60
            -0.465E+01             0.510E-60
            -0.464E+01             0.167E-59
            -0.464E+01             0.262E-60
            -0.463E+01             0.120E-60
            -0.462E+01             0.288E-60
            -0.461E+01             0.101E-59
            -0.460E+01             0.275E-59
            -0.459E+01             0.133E-60
            -0.459E+01             0.593E-61
            -0.458E+01             0.135E-60
            -0.457E+01             0.265E-60
            -0.456E+01             0.984E-62
            -0.455E+01             0.318E-62
            -0.454E+01             0.219E-60
            -0.453E+01             0.299E-61
            -0.453E+01             0.149E-60
            -0.452E+01             0.294E-61
            -0.451E+01             0.293E-61
            -0.450E+01             0.554E-60
            -0.449E+01             0.621E-63
            -0.448E+01             0.747E-60
            -0.448E+01             0.165E-60
            -0.447E+01             0.458E-60
            -0.446E+01             0.353E-60
            -0.445E+01             0.213E-60
            -0.444E+01             0.139E-62
            -0.443E+01             0.190E-60
            -0.442E+01             0.762E-60
            -0.442E+01             0.269E-60
            -0.441E+01             0.134E-59
            -0.440E+01             0.611E-60
            -0.439E+01             0.106E-59
            -0.438E+01             0.263E-59
            -0.437E+01             0.570E-60
            -0.436E+01             0.296E-60
            -0.436E+01             0.622E-61
            -0.435E+01             0.109E-60
            -0.434E+01             0.101E-59
            -0.433E+01             0.437E-61
            -0.432E+01             0.157E-60
            -0.431E+01             0.407E-62
            -0.431E+01             0.464E-61
            -0.430E+01             0.449E-61
            -0.429E+01             0.270E-60
            -0.428E+01             0.572E-60
            -0.427E+01             0.127E-61
            -0.426E+01             0.919E-62
            -0.425E+01             0.251E-60
            -0.425E+01             0.497E-60
            -0.424E+01             0.132E-63
            -0.423E+01             0.230E-61
            -0.422E+01             0.653E-61
            -0.421E+01             0.456E-62
            -0.420E+01             0.106E-61
            -0.420E+01             0.622E-60
            -0.419E+01             0.183E-59
            -0.418E+01             0.444E-60
            -0.417E+01             0.522E-60
            -0.416E+01             0.220E-60
            -0.415E+01             0.342E-60
            -0.414E+01             0.108E-59
            -0.414E+01             0.231E-60
            -0.413E+01             0.460E-60
            -0.412E+01             0.225E-60
            -0.411E+01             0.165E-60
            -0.410E+01             0.121E-60
            -0.409E+01             0.122E-60
            -0.409E+01             0.154E-60
            -0.408E+01             0.750E-60
            -0.407E+01             0.874E-61
            -0.406E+01             0.101E-59
            -0.405E+01             0.855E-60
            -0.404E+01             0.285E-60
            -0.403E+01             0.959E-62
            -0.403E+01             0.198E-61
            -0.402E+01             0.832E-60
            -0.401E+01             0.856E-60
            -0.400E+01             0.213E-61
            -0.399E+01             0.154E-59
            -0.398E+01             0.775E-61
            -0.398E+01             0.233E-60
            -0.397E+01             0.274E-60
            -0.396E+01             0.116E-59
            -0.395E+01             0.364E-60
            -0.394E+01             0.656E-63
            -0.393E+01             0.557E-60
            -0.392E+01             0.656E-63
            -0.392E+01             0.259E-60
            -0.391E+01             0.566E-60
            -0.390E+01             0.166E-60
            -0.389E+01             0.310E-60
            -0.388E+01             0.836E-60
            -0.387E+01             0.344E-61
            -0.387E+01             0.236E-62
            -0.386E+01             0.860E-62
            -0.385E+01             0.685E-60
            -0.384E+01             0.796E-60
            -0.383E+01             0.361E-60
            -0.382E+01             0.267E-60
            -0.381E+01             0.630E-60
            -0.381E+01             0.949E-60
            -0.380E+01             0.784E-60
            -0.379E+01             0.521E-60
            -0.378E+01             0.142E-59
            -0.377E+01             0.423E-60
            -0.376E+01             0.197E-63
            -0.376E+01             0.946E-61
            -0.375E+01             0.246E-60
            -0.374E+01             0.703E-63
            -0.373E+01             0.540E-60
            -0.372E+01             0.183E-60
            -0.371E+01             0.874E-62
            -0.370E+01             0.217E-62
            -0.370E+01             0.890E-61
            -0.369E+01             0.468E-60
            -0.368E+01             0.414E-61
            -0.367E+01             0.496E-63
            -0.366E+01             0.354E-60
            -0.365E+01             0.160E-60
            -0.365E+01             0.447E-60
            -0.364E+01             0.585E-60
            -0.363E+01             0.399E-61
            -0.362E+01             0.246E-62
            -0.361E+01             0.427E-60
            -0.360E+01             0.753E-61
            -0.359E+01             0.264E-61
            -0.359E+01             0.418E-60
            -0.358E+01             0.438E-59
            -0.357E+01             0.100E-59
            -0.356E+01             0.425E-61
            -0.355E+01             0.201E-60
            -0.354E+01             0.365E-60
            -0.354E+01             0.237E-61
            -0.353E+01             0.111E-59
            -0.352E+01             0.146E-60
            -0.351E+01             0.146E-60
            -0.350E+01             0.292E-59
            -0.349E+01             0.864E-62
            -0.348E+01             0.133E-60
            -0.348E+01             0.411E-59
            -0.347E+01             0.311E-61
            -0.346E+01             0.271E-60
            -0.345E+01             0.404E-60
            -0.344E+01             0.178E-60
            -0.343E+01             0.230E-60
            -0.343E+01             0.927E-61
            -0.342E+01             0.356E-60
            -0.341E+01             0.339E-60
            -0.340E+01             0.126E-60
            -0.339E+01             0.105E-60
            -0.338E+01             0.100E-59
            -0.337E+01             0.196E-59
            -0.337E+01             0.138E-60
            -0.336E+01             0.380E-60
            -0.335E+01             0.384E-60
            -0.334E+01             0.124E-59
            -0.333E+01             0.901E-61
            -0.332E+01             0.158E-60
            -0.331E+01             0.195E-61
            -0.331E+01             0.853E-61
            -0.330E+01             0.459E-61
            -0.329E+01             0.130E-59
            -0.328E+01             0.719E-61
            -0.327E+01             0.630E-59
            -0.326E+01             0.392E-62
            -0.326E+01             0.322E-60
            -0.325E+01             0.321E-59
            -0.324E+01             0.136E-60
            -0.323E+01             0.704E-60
            -0.322E+01             0.499E-60
            -0.321E+01             0.249E-61
            -0.320E+01             0.208E-60
            -0.320E+01             0.743E-60
            -0.319E+01             0.329E-61
            -0.318E+01             0.424E-64
            -0.317E+01             0.743E-60
            -0.316E+01             0.911E-60
            -0.315E+01             0.528E-60
            -0.315E+01             0.906E-62
            -0.314E+01             0.115E-59
            -0.313E+01             0.299E-59
            -0.312E+01             0.145E-60
            -0.311E+01             0.243E-63
            -0.310E+01             0.180E-61
            -0.309E+01             0.886E-61
            -0.309E+01             0.673E-61
            -0.308E+01             0.372E-60
            -0.307E+01             0.750E-60
            -0.306E+01             0.119E-59
            -0.305E+01             0.590E-60
            -0.304E+01             0.672E-61
            -0.304E+01             0.832E-61
            -0.303E+01             0.994E-61
            -0.302E+01             0.554E-61
            -0.301E+01             0.110E-59
            -0.300E+01             0.169E-59
            -0.299E+01             0.196E-61
            -0.298E+01             0.740E-60
            -0.298E+01             0.181E-59
            -0.297E+01             0.316E-61
            -0.296E+01             0.118E-60
            -0.295E+01             0.274E-59
            -0.294E+01             0.710E-60
            -0.293E+01             0.148E-60
            -0.293E+01             0.680E-60
            -0.292E+01             0.126E-60
            -0.291E+01             0.104E-61
            -0.290E+01             0.159E-59
            -0.289E+01             0.319E-60
            -0.288E+01             0.689E-61
            -0.287E+01             0.373E-60
            -0.287E+01             0.380E-60
            -0.286E+01             0.565E-62
            -0.285E+01             0.107E-60
            -0.284E+01             0.206E-61
            -0.283E+01             0.146E-60
            -0.282E+01             0.905E-60
            -0.282E+01             0.344E-61
            -0.281E+01             0.112E-60
            -0.280E+01             0.672E-61
            -0.279E+01             0.423E-60
            -0.278E+01             0.216E-61
            -0.277E+01             0.279E-60
            -0.276E+01             0.359E-60
            -0.276E+01             0.397E-61
            -0.275E+01             0.911E-60
            -0.274E+01             0.707E-59
            -0.273E+01             0.466E-59
            -0.272E+01             0.119E-58
            -0.271E+01             0.207E-58
            -0.271E+01             0.406E-58
            -0.270E+01             0.923E-58
            -0.269E+01             0.210E-57
            -0.268E+01             0.475E-57
            -0.267E+01             0.124E-56
            -0.266E+01             0.279E-56
            -0.265E+01             0.667E-56
            -0.265E+01             0.160E-55
            -0.264E+01             0.379E-55
            -0.263E+01             0.913E-55
            -0.262E+01             0.218E-54
            -0.261E+01             0.521E-54
            -0.260E+01             0.123E-53
            -0.260E+01             0.292E-53
            -0.259E+01             0.690E-53
            -0.258E+01             0.163E-52
            -0.257E+01             0.382E-52
            -0.256E+01             0.894E-52
            -0.255E+01             0.209E-51
            -0.254E+01             0.486E-51
            -0.254E+01             0.113E-50
            -0.253E+01             0.261E-50
            -0.252E+01             0.604E-50
            -0.251E+01             0.139E-49
            -0.250E+01             0.319E-49
            -0.249E+01             0.730E-49
            -0.249E+01             0.167E-48
            -0.248E+01             0.379E-48
            -0.247E+01             0.861E-48
            -0.246E+01             0.195E-47
            -0.245E+01             0.440E-47
            -0.244E+01             0.989E-47
            -0.243E+01             0.222E-46
            -0.243E+01             0.497E-46
            -0.242E+01             0.111E-45
            -0.241E+01             0.247E-45
            -0.240E+01             0.547E-45
            -0.239E+01             0.121E-44
            -0.238E+01             0.267E-44
            -0.238E+01             0.587E-44
            -0.237E+01             0.129E-43
            -0.236E+01             0.281E-43
            -0.235E+01             0.614E-43
            -0.234E+01             0.133E-42
            -0.233E+01             0.289E-42
            -0.232E+01             0.625E-42
            -0.232E+01             0.135E-41
            -0.231E+01             0.290E-41
            -0.230E+01             0.621E-41
            -0.229E+01             0.133E-40
            -0.228E+01             0.283E-40
            -0.227E+01             0.601E-40
            -0.227E+01             0.127E-39
            -0.226E+01             0.269E-39
            -0.225E+01             0.567E-39
            -0.224E+01             0.119E-38
            -0.223E+01             0.249E-38
            -0.222E+01             0.521E-38
            -0.221E+01             0.108E-37
            -0.221E+01             0.225E-37
            -0.220E+01             0.466E-37
            -0.219E+01             0.963E-37
            -0.218E+01             0.198E-36
            -0.217E+01             0.407E-36
            -0.216E+01             0.833E-36
            -0.215E+01             0.170E-35
            -0.215E+01             0.346E-35
            -0.214E+01             0.702E-35
            -0.213E+01             0.142E-34
            -0.212E+01             0.286E-34
            -0.211E+01             0.576E-34
            -0.210E+01             0.116E-33
            -0.210E+01             0.231E-33
            -0.209E+01             0.461E-33
            -0.208E+01             0.917E-33
            -0.207E+01             0.182E-32
            -0.206E+01             0.359E-32
            -0.205E+01             0.709E-32
            -0.204E+01             0.139E-31
            -0.204E+01             0.273E-31
            -0.203E+01             0.534E-31
            -0.202E+01             0.104E-30
            -0.201E+01             0.202E-30
            -0.200E+01             0.391E-30
            -0.199E+01             0.756E-30
            -0.199E+01             0.146E-29
            -0.198E+01             0.280E-29
            -0.197E+01             0.536E-29
            -0.196E+01             0.102E-28
            -0.195E+01             0.195E-28
            -0.194E+01             0.370E-28
            -0.193E+01             0.700E-28
            -0.193E+01             0.132E-27
            -0.192E+01             0.249E-27
            -0.191E+01             0.466E-27
            -0.190E+01             0.873E-27
            -0.189E+01             0.163E-26
            -0.188E+01             0.303E-26
            -0.188E+01             0.562E-26
            -0.187E+01             0.104E-25
            -0.186E+01             0.191E-25
            -0.185E+01             0.352E-25
            -0.184E+01             0.645E-25
            -0.183E+01             0.118E-24
            -0.182E+01             0.215E-24
            -0.182E+01             0.391E-24
            -0.181E+01             0.708E-24
            -0.180E+01             0.128E-23
            -0.179E+01             0.230E-23
            -0.178E+01             0.414E-23
            -0.177E+01             0.741E-23
            -0.177E+01             0.132E-22
            -0.176E+01             0.235E-22
            -0.175E+01             0.418E-22
            -0.174E+01             0.740E-22
            -0.173E+01             0.131E-21
            -0.172E+01             0.230E-21
            -0.171E+01             0.403E-21
            -0.171E+01             0.705E-21
            -0.170E+01             0.123E-20
            -0.169E+01             0.214E-20
            -0.168E+01             0.371E-20
            -0.167E+01             0.641E-20
            -0.166E+01             0.110E-19
            -0.166E+01             0.190E-19
            -0.165E+01             0.325E-19
            -0.164E+01             0.556E-19
            -0.163E+01             0.947E-19
            -0.162E+01             0.161E-18
            -0.161E+01             0.272E-18
            -0.160E+01             0.460E-18
            -0.160E+01             0.774E-18
            -0.159E+01             0.130E-17
            -0.158E+01             0.217E-17
            -0.157E+01             0.363E-17
            -0.156E+01             0.603E-17
            -0.155E+01             0.100E-16
            -0.155E+01             0.165E-16
            -0.154E+01             0.273E-16
            -0.153E+01             0.449E-16
            -0.152E+01             0.735E-16
            -0.151E+01             0.120E-15
            -0.150E+01             0.196E-15
            -0.149E+01             0.318E-15
            -0.149E+01             0.515E-15
            -0.148E+01             0.832E-15
            -0.147E+01             0.134E-14
            -0.146E+01             0.215E-14
            -0.145E+01             0.344E-14
            -0.144E+01             0.549E-14
            -0.144E+01             0.874E-14
            -0.143E+01             0.139E-13
            -0.142E+01             0.219E-13
            -0.141E+01             0.345E-13
            -0.140E+01             0.543E-13
            -0.139E+01             0.851E-13
            -0.138E+01             0.133E-12
            -0.138E+01             0.207E-12
            -0.137E+01             0.322E-12
            -0.136E+01             0.498E-12
            -0.135E+01             0.769E-12
            -0.134E+01             0.118E-11
            -0.133E+01             0.182E-11
            -0.133E+01             0.278E-11
            -0.132E+01             0.424E-11
            -0.131E+01             0.645E-11
            -0.130E+01             0.978E-11
            -0.129E+01             0.148E-10
            -0.128E+01             0.223E-10
            -0.127E+01             0.335E-10
            -0.127E+01             0.501E-10
            -0.126E+01             0.749E-10
            -0.125E+01             0.111E-09
            -0.124E+01             0.165E-09
            -0.123E+01             0.245E-09
            -0.122E+01             0.361E-09
            -0.122E+01             0.531E-09
            -0.121E+01             0.779E-09
            -0.120E+01             0.114E-08
            -0.119E+01             0.166E-08
            -0.118E+01             0.241E-08
            -0.117E+01             0.349E-08
            -0.116E+01             0.504E-08
            -0.116E+01             0.726E-08
            -0.115E+01             0.104E-07
            -0.114E+01             0.149E-07
            -0.113E+01             0.213E-07
            -0.112E+01             0.302E-07
            -0.111E+01             0.428E-07
            -0.110E+01             0.605E-07
            -0.110E+01             0.853E-07
            -0.109E+01             0.120E-06
            -0.108E+01             0.168E-06
            -0.107E+01             0.234E-06
            -0.106E+01             0.325E-06
            -0.105E+01             0.451E-06
            -0.105E+01             0.624E-06
            -0.104E+01             0.860E-06
            -0.103E+01             0.118E-05
            -0.102E+01             0.162E-05
            -0.101E+01             0.221E-05
            -0.100E+01             0.301E-05
            -0.995E+00             0.408E-05
            -0.986E+00             0.552E-05
            -0.978E+00             0.744E-05
            -0.970E+00             0.100E-04
            -0.961E+00             0.134E-04
            -0.953E+00             0.179E-04
            -0.944E+00             0.238E-04
            -0.936E+00             0.316E-04
            -0.927E+00             0.418E-04
            -0.919E+00             0.550E-04
            -0.910E+00             0.723E-04
            -0.902E+00             0.947E-04
            -0.893E+00             0.124E-03
            -0.885E+00             0.161E-03
            -0.876E+00             0.209E-03
            -0.868E+00             0.270E-03
            -0.859E+00             0.348E-03
            -0.851E+00             0.446E-03
            -0.843E+00             0.572E-03
            -0.834E+00             0.729E-03
            -0.826E+00             0.927E-03
            -0.817E+00             0.118E-02
            -0.809E+00             0.148E-02
            -0.800E+00             0.187E-02
            -0.792E+00             0.234E-02
            -0.783E+00             0.293E-02
            -0.775E+00             0.365E-02
            -0.766E+00             0.454E-02
            -0.758E+00             0.562E-02
            -0.749E+00             0.693E-02
            -0.741E+00             0.852E-02
            -0.732E+00             0.104E-01
            -0.724E+00             0.127E-01
            -0.715E+00             0.155E-01
            -0.707E+00             0.188E-01
            -0.699E+00             0.227E-01
            -0.690E+00             0.273E-01
            -0.682E+00             0.328E-01
            -0.673E+00             0.392E-01
            -0.665E+00             0.467E-01
            -0.656E+00             0.554E-01
            -0.648E+00             0.655E-01
            -0.639E+00             0.772E-01
            -0.631E+00             0.906E-01
            -0.622E+00             0.106E+00
            -0.614E+00             0.123E+00
            -0.605E+00             0.143E+00
            -0.597E+00             0.166E+00
            -0.588E+00             0.191E+00
            -0.580E+00             0.219E+00
            -0.572E+00             0.250E+00
            -0.563E+00             0.284E+00
            -0.555E+00             0.322E+00
            -0.546E+00             0.364E+00
            -0.538E+00             0.409E+00
            -0.529E+00             0.458E+00
            -0.521E+00             0.511E+00
            -0.512E+00             0.568E+00
            -0.504E+00             0.628E+00
            -0.495E+00             0.691E+00
            -0.487E+00             0.757E+00
            -0.478E+00             0.826E+00
            -0.470E+00             0.898E+00
            -0.461E+00             0.970E+00
            -0.453E+00             0.104E+01
            -0.445E+00             0.112E+01
            -0.436E+00             0.119E+01
            -0.428E+00             0.126E+01
            -0.419E+00             0.133E+01
            -0.411E+00             0.140E+01
            -0.402E+00             0.146E+01
            -0.394E+00             0.151E+01
            -0.385E+00             0.156E+01
            -0.377E+00             0.160E+01
            -0.368E+00             0.163E+01
            -0.360E+00             0.165E+01
            -0.351E+00             0.166E+01
            -0.343E+00             0.165E+01
            -0.334E+00             0.164E+01
            -0.326E+00             0.161E+01
            -0.318E+00             0.157E+01
            -0.309E+00             0.152E+01
            -0.301E+00             0.145E+01
            -0.292E+00             0.138E+01
            -0.284E+00             0.129E+01
            -0.275E+00             0.119E+01
            -0.267E+00             0.109E+01
            -0.258E+00             0.981E+00
            -0.250E+00             0.868E+00
            -0.241E+00             0.754E+00
            -0.233E+00             0.640E+00
            -0.224E+00             0.528E+00
            -0.216E+00             0.422E+00
            -0.207E+00             0.324E+00
            -0.199E+00             0.235E+00
            -0.191E+00             0.158E+00
            -0.182E+00             0.952E-01
            -0.174E+00             0.471E-01
            -0.165E+00             0.155E-01
            -0.157E+00             0.957E-03
            -0.148E+00             0.394E-02
            -0.140E+00             0.243E-01
            -0.131E+00             0.617E-01
            -0.123E+00             0.115E+00
            -0.114E+00             0.183E+00
            -0.106E+00             0.263E+00
            -0.974E-01             0.354E+00
            -0.889E-01             0.452E+00
            -0.804E-01             0.556E+00
            -0.720E-01             0.662E+00
            -0.635E-01             0.767E+00
            -0.550E-01             0.869E+00
            -0.466E-01             0.964E+00
            -0.381E-01             0.105E+01
            -0.296E-01             0.112E+01
            -0.212E-01             0.118E+01
            -0.127E-01             0.123E+01
            -0.423E-02             0.125E+01
             0.423E-02             0.126E+01
             0.127E-01             0.125E+01
             0.212E-01             0.123E+01
             0.296E-01             0.118E+01
             0.381E-01             0.112E+01
             0.466E-01             0.105E+01
             0.550E-01             0.964E+00
             0.635E-01             0.869E+00
             0.720E-01             0.767E+00
             0.804E-01             0.662E+00
             0.889E-01             0.556E+00
             0.974E-01             0.452E+00
             0.106E+00             0.354E+00
             0.114E+00             0.263E+00
             0.123E+00             0.183E+00
             0.131E+00             0.115E+00
             0.140E+00             0.617E-01
             0.148E+00             0.243E-01
             0.157E+00             0.394E-02
             0.165E+00             0.957E-03
             0.174E+00             0.155E-01
             0.182E+00             0.471E-01
             0.191E+00             0.952E-01
             0.199E+00             0.158E+00
             0.207E+00             0.235E+00
             0.216E+00             0.324E+00
             0.224E+00             0.422E+00
             0.233E+00             0.528E+00
             0.241E+00             0.640E+00
             0.250E+00             0.754E+00
             0.258E+00             0.868E+00
             0.267E+00             0.981E+00
             0.275E+00             0.109E+01
             0.284E+00             0.119E+01
             0.292E+00             0.129E+01
             0.301E+00             0.138E+01
             0.309E+00             0.145E+01
             0.318E+00             0.152E+01
             0.326E+00             0.157E+01
             0.334E+00             0.161E+01
             0.343E+00             0.164E+01
             0.351E+00             0.165E+01
             0.360E+00             0.166E+01
             0.368E+00             0.165E+01
             0.377E+00             0.163E+01
             0.385E+00             0.160E+01
             0.394E+00             0.156E+01
             0.402E+00             0.151E+01
             0.411E+00             0.146E+01
             0.419E+00             0.140E+01
             0.428E+00             0.133E+01
             0.436E+00             0.126E+01
             0.445E+00             0.119E+01
             0.453E+00             0.112E+01
             0.461E+00             0.104E+01
             0.470E+00             0.970E+00
             0.478E+00             0.898E+00
             0.487E+00             0.826E+00
             0.495E+00             0.757E+00
             0.504E+00             0.691E+00
             0.512E+00             0.628E+00
             0.521E+00             0.568E+00
             0.529E+00             0.511E+00
             0.538E+00             0.458E+00
             0.546E+00             0.409E+00
             0.555E+00             0.364E+00
             0.563E+00             0.322E+00
             0.572E+00             0.284E+00
             0.580E+00             0.250E+00
             0.588E+00             0.219E+00
             0.597E+00             0.191E+00
             0.605E+00             0.166E+00
             0.614E+00             0.143E+00
             0.622E+00             0.123E+00
             0.631E+00             0.106E+00
             0.639E+00             0.906E-01
             0.648E+00             0.772E-01
             0.656E+00             0.655E-01
             0.665E+00             0.554E-01
             0.673E+00             0.467E-01
             0.682E+00             0.392E-01
             0.690E+00             0.328E-01
             0.699E+00             0.273E-01
             0.707E+00             0.227E-01
             0.715E+00             0.188E-01
             0.724E+00             0.155E-01
             0.732E+00             0.127E-01
             0.741E+00             0.104E-01
             0.749E+00             0.852E-02
             0.758E+00             0.693E-02
             0.766E+00             0.562E-02
             0.775E+00             0.454E-02
             0.783E+00             0.365E-02
             0.792E+00             0.293E-02
             0.800E+00             0.234E-02
             0.809E+00             0.187E-02
             0.817E+00             0.148E-02
             0.826E+00             0.118E-02
             0.834E+00             0.927E-03
             0.843E+00             0.729E-03
             0.851E+00             0.572E-03
             0.859E+00             0.446E-03
             0.868E+00             0.348E-03
             0.876E+00             0.270E-03
             0.885E+00             0.209E-03
             0.893E+00             0.161E-03
             0.902E+00             0.124E-03
             0.910E+00             0.947E-04
             0.919E+00             0.723E-04
             0.927E+00             0.550E-04
             0.936E+00             0.418E-04
             0.944E+00             0.316E-04
             0.953E+00             0.238E-04
             0.961E+00             0.179E-04
             0.970E+00             0.134E-04
             0.978E+00             0.100E-04
             0.986E+00             0.744E-05
             0.995E+00             0.552E-05
             0.100E+01             0.408E-05
             0.101E+01             0.301E-05
             0.102E+01             0.221E-05
             0.103E+01             0.162E-05
             0.104E+01             0.118E-05
             0.105E+01             0.860E-06
             0.105E+01             0.624E-06
             0.106E+01             0.451E-06
             0.107E+01             0.325E-06
             0.108E+01             0.234E-06
             0.109E+01             0.168E-06
             0.110E+01             0.120E-06
             0.110E+01             0.853E-07
             0.111E+01             0.605E-07
             0.112E+01             0.428E-07
             0.113E+01             0.302E-07
             0.114E+01             0.213E-07
             0.115E+01             0.149E-07
             0.116E+01             0.104E-07
             0.116E+01             0.726E-08
             0.117E+01             0.504E-08
             0.118E+01             0.349E-08
             0.119E+01             0.241E-08
             0.120E+01             0.166E-08
             0.121E+01             0.114E-08
             0.122E+01             0.779E-09
             0.122E+01             0.531E-09
             0.123E+01             0.361E-09
             0.124E+01             0.245E-09
             0.125E+01             0.165E-09
             0.126E+01             0.111E-09
             0.127E+01             0.749E-10
             0.127E+01             0.501E-10
             0.128E+01             0.335E-10
             0.129E+01             0.223E-10
             0.130E+01             0.148E-10
             0.131E+01             0.978E-11
             0.132E+01             0.645E-11
             0.133E+01             0.424E-11
             0.133E+01             0.278E-11
             0.134E+01             0.182E-11
             0.135E+01             0.118E-11
             0.136E+01             0.769E-12
             0.137E+01             0.498E-12
             0.138E+01             0.322E-12
             0.138E+01             0.207E-12
             0.139E+01             0.133E-12
             0.140E+01             0.851E-13
             0.141E+01             0.543E-13
             0.142E+01             0.345E-13
             0.143E+01             0.219E-13
             0.144E+01             0.139E-13
             0.144E+01             0.874E-14
             0.145E+01             0.549E-14
             0.146E+01             0.344E-14
             0.147E+01             0.215E-14
             0.148E+01             0.134E-14
             0.149E+01             0.832E-15
             0.149E+01             0.515E-15
             0.150E+01             0.318E-15
             0.151E+01             0.196E-15
             0.152E+01             0.120E-15
             0.153E+01             0.735E-16
             0.154E+01             0.449E-16
             0.155E+01             0.273E-16
             0.155E+01             0.165E-16
             0.156E+01             0.100E-16
             0.157E+01             0.603E-17
             0.158E+01             0.363E-17
             0.159E+01             0.217E-17
             0.160E+01             0.130E-17
             0.160E+01             0.774E-18
             0.161E+01             0.460E-18
             0.162E+01             0.272E-18
             0.163E+01             0.161E-18
             0.164E+01             0.947E-19
             0.165E+01             0.556E-19
             0.166E+01             0.325E-19
             0.166E+01             0.190E-19
             0.167E+01             0.110E-19
             0.168E+01             0.641E-20
             0.169E+01             0.371E-20
             0.170E+01             0.214E-20
             0.171E+01             0.123E-20
             0.171E+01             0.705E-21
             0.172E+01             0.403E-21
             0.173E+01             0.230E-21
             0.174E+01             0.131E-21
             0.175E+01             0.740E-22
             0.176E+01             0.418E-22
             0.177E+01             0.236E-22
             0.177E+01             0.132E-22
             0.178E+01             0.742E-23
             0.179E+01             0.414E-23
             0.180E+01             0.230E-23
             0.181E+01             0.127E-23
             0.182E+01             0.708E-24
             0.182E+01             0.394E-24
             0.183E+01             0.216E-24
             0.184E+01             0.118E-24
             0.185E+01             0.669E-25
             0.186E+01             0.371E-25
             0.187E+01             0.209E-25
             0.188E+01             0.117E-25
             0.188E+01             0.644E-26
             0.189E+01             0.309E-26
             0.190E+01             0.142E-26
             0.191E+01             0.729E-27
             0.192E+01             0.445E-27
             0.193E+01             0.270E-27
             0.193E+01             0.485E-28
             0.194E+01             0.305E-29
             0.195E+01             0.150E-28
             0.196E+01             0.466E-29
             0.197E+01             0.132E-29
             0.198E+01             0.655E-28
             0.199E+01             0.351E-28
             0.199E+01             0.574E-30
             0.200E+01             0.383E-29
             0.201E+01             0.806E-29
             0.202E+01             0.385E-28
             0.203E+01             0.850E-29
             0.204E+01             0.224E-28
             0.204E+01             0.217E-28
             0.205E+01             0.167E-28
             0.206E+01             0.195E-29
             0.207E+01             0.211E-28
             0.208E+01             0.214E-28
             0.209E+01             0.703E-29
             0.210E+01             0.167E-28
             0.210E+01             0.139E-28
             0.211E+01             0.170E-28
             0.212E+01             0.133E-28
             0.213E+01             0.277E-28
             0.214E+01             0.252E-28
             0.215E+01             0.128E-30
             0.215E+01             0.295E-32
             0.216E+01             0.102E-29
             0.217E+01             0.593E-29
             0.218E+01             0.125E-29
             0.219E+01             0.124E-28
             0.220E+01             0.101E-28
             0.221E+01             0.130E-28
             0.221E+01             0.199E-28
             0.222E+01             0.282E-28
             0.223E+01             0.700E-29
             0.224E+01             0.211E-28
             0.225E+01             0.254E-28
             0.226E+01             0.388E-28
             0.227E+01             0.310E-28
             0.227E+01             0.489E-29
             0.228E+01             0.104E-28
             0.229E+01             0.719E-29
             0.230E+01             0.106E-29
             0.231E+01             0.413E-29
             0.232E+01             0.607E-30
             0.232E+01             0.129E-28
             0.233E+01             0.719E-30
             0.234E+01             0.146E-28
             0.235E+01             0.335E-29
             0.236E+01             0.956E-31
             0.237E+01             0.732E-29
             0.238E+01             0.991E-29
             0.238E+01             0.121E-29
             0.239E+01             0.588E-30
             0.240E+01             0.249E-30
             0.241E+01             0.126E-30
             0.242E+01             0.845E-30
             0.243E+01             0.697E-34
             0.243E+01             0.134E-29
             0.244E+01             0.696E-30
             0.245E+01             0.261E-29
             0.246E+01             0.111E-28
             0.247E+01             0.267E-29
             0.248E+01             0.164E-28
             0.249E+01             0.755E-29
             0.249E+01             0.129E-29
             0.250E+01             0.400E-31
             0.251E+01             0.252E-29
             0.252E+01             0.571E-29
             0.253E+01             0.354E-30
             0.254E+01             0.395E-29
             0.254E+01             0.152E-30
             0.255E+01             0.975E-29
             0.256E+01             0.750E-29
             0.257E+01             0.347E-29
             0.258E+01             0.114E-28
             0.259E+01             0.291E-29
             0.260E+01             0.285E-30
             0.260E+01             0.258E-28
             0.261E+01             0.313E-28
             0.262E+01             0.451E-30
             0.263E+01             0.513E-30
             0.264E+01             0.918E-30
             0.265E+01             0.296E-30
             0.265E+01             0.781E-29
             0.266E+01             0.911E-30
             0.267E+01             0.293E-29
             0.268E+01             0.470E-31
             0.269E+01             0.102E-29
             0.270E+01             0.167E-30
             0.271E+01             0.517E-30
             0.271E+01             0.127E-28
             0.272E+01             0.479E-29
             0.273E+01             0.851E-29
             0.274E+01             0.961E-30
             0.275E+01             0.110E-30
             0.276E+01             0.514E-29
             0.276E+01             0.172E-31
             0.277E+01             0.107E-28
             0.278E+01             0.676E-30
             0.279E+01             0.108E-28
             0.280E+01             0.888E-29
             0.281E+01             0.125E-29
             0.282E+01             0.369E-31
             0.282E+01             0.101E-28
             0.283E+01             0.437E-30
             0.284E+01             0.109E-30
             0.285E+01             0.427E-30
             0.286E+01             0.337E-31
             0.287E+01             0.836E-30
             0.287E+01             0.118E-28
             0.288E+01             0.190E-29
             0.289E+01             0.376E-29
             0.290E+01             0.680E-30
             0.291E+01             0.607E-29
             0.292E+01             0.642E-30
             0.293E+01             0.150E-29
             0.293E+01             0.137E-28
             0.294E+01             0.671E-29
             0.295E+01             0.450E-29
             0.296E+01             0.195E-29
             0.297E+01             0.396E-29
             0.298E+01             0.682E-29
             0.298E+01             0.220E-29
             0.299E+01             0.310E-29
             0.300E+01             0.121E-29
             0.301E+01             0.637E-29
             0.302E+01             0.609E-31
             0.303E+01             0.401E-30
             0.304E+01             0.469E-29
             0.304E+01             0.199E-29
             0.305E+01             0.979E-29
             0.306E+01             0.217E-31
             0.307E+01             0.794E-30
             0.308E+01             0.347E-29
             0.309E+01             0.713E-29
             0.309E+01             0.712E-29
             0.310E+01             0.459E-30
             0.311E+01             0.231E-29
             0.312E+01             0.168E-34
             0.313E+01             0.160E-29
             0.314E+01             0.659E-29
             0.315E+01             0.227E-28
             0.315E+01             0.516E-29
             0.316E+01             0.406E-30
             0.317E+01             0.145E-28
             0.318E+01             0.987E-30
             0.319E+01             0.193E-31
             0.320E+01             0.201E-29
             0.320E+01             0.369E-30
             0.321E+01             0.593E-29
             0.322E+01             0.259E-29
             0.323E+01             0.886E-29
             0.324E+01             0.234E-29
             0.325E+01             0.246E-29
             0.326E+01             0.460E-29
             0.326E+01             0.333E-29
             0.327E+01             0.687E-32
             0.328E+01             0.951E-29
             0.329E+01             0.184E-29
             0.330E+01             0.614E-30
             0.331E+01             0.407E-29
             0.331E+01             0.151E-30
             0.332E+01             0.580E-30
             0.333E+01             0.358E-29
             0.334E+01             0.800E-29
             0.335E+01             0.305E-29
             0.336E+01             0.840E-30
             0.337E+01             0.479E-31
             0.337E+01             0.405E-32
             0.338E+01             0.318E-29
             0.339E+01             0.340E-30
             0.340E+01             0.469E-30
             0.341E+01             0.128E-30
             0.342E+01             0.471E-30
             0.343E+01             0.192E-28
             0.343E+01             0.660E-29
             0.344E+01             0.353E-30
             0.345E+01             0.356E-30
             0.346E+01             0.117E-29
             0.347E+01             0.390E-30
             0.348E+01             0.213E-28
             0.348E+01             0.160E-29
             0.349E+01             0.570E-29
             0.350E+01             0.320E-30
             0.351E+01             0.400E-30
             0.352E+01             0.183E-30
             0.353E+01             0.112E-31
             0.354E+01             0.806E-30
             0.354E+01             0.229E-30
             0.355E+01             0.277E-29
             0.356E+01             0.258E-31
             0.357E+01             0.162E-28
             0.358E+01             0.909E-31
             0.359E+01             0.558E-29
             0.359E+01             0.478E-29
             0.360E+01             0.724E-31
             0.361E+01             0.263E-30
             0.362E+01             0.743E-30
             0.363E+01             0.476E-29
             0.364E+01             0.468E-29
             0.365E+01             0.580E-29
             0.365E+01             0.541E-30
             0.366E+01             0.275E-32
             0.367E+01             0.174E-30
             0.368E+01             0.352E-31
             0.369E+01             0.720E-29
             0.370E+01             0.210E-30
             0.370E+01             0.120E-28
             0.371E+01             0.243E-31
             0.372E+01             0.580E-29
             0.373E+01             0.753E-29
             0.374E+01             0.536E-29
             0.375E+01             0.188E-30
             0.376E+01             0.198E-29
             0.376E+01             0.208E-30
             0.377E+01             0.295E-33
             0.378E+01             0.260E-29
             0.379E+01             0.196E-29
             0.380E+01             0.742E-34
             0.381E+01             0.419E-29
             0.381E+01             0.110E-28
             0.382E+01             0.759E-29
             0.383E+01             0.693E-29
             0.384E+01             0.222E-30
             0.385E+01             0.231E-30
             0.386E+01             0.315E-31
             0.387E+01             0.295E-29
             0.387E+01             0.765E-30
             0.388E+01             0.310E-29
             0.389E+01             0.202E-29
             0.390E+01             0.209E-29
             0.391E+01             0.951E-33
             0.392E+01             0.872E-31
             0.392E+01             0.222E-31
             0.393E+01             0.154E-30
             0.394E+01             0.220E-29
             0.395E+01             0.488E-30
             0.396E+01             0.927E-30
             0.397E+01             0.132E-31
             0.398E+01             0.292E-30
             0.398E+01             0.435E-30
             0.399E+01             0.427E-30
             0.400E+01             0.305E-30
             0.401E+01             0.217E-29
             0.402E+01             0.770E-31
             0.403E+01             0.437E-30
             0.403E+01             0.461E-29
             0.404E+01             0.157E-32
             0.405E+01             0.152E-29
             0.406E+01             0.556E-31
             0.407E+01             0.104E-30
             0.408E+01             0.979E-33
             0.409E+01             0.156E-29
             0.409E+01             0.218E-29
             0.410E+01             0.303E-29
             0.411E+01             0.807E-30
             0.412E+01             0.443E-30
             0.413E+01             0.137E-28
             0.414E+01             0.168E-29
             0.414E+01             0.223E-30
             0.415E+01             0.102E-29
             0.416E+01             0.300E-30
             0.417E+01             0.125E-29
             0.418E+01             0.317E-30
             0.419E+01             0.407E-31
             0.420E+01             0.421E-31
             0.420E+01             0.154E-28
             0.421E+01             0.823E-29
             0.422E+01             0.267E-30
             0.423E+01             0.113E-30
             0.424E+01             0.674E-29
             0.425E+01             0.497E-29
             0.425E+01             0.301E-30
             0.426E+01             0.328E-30
             0.427E+01             0.171E-29
             0.428E+01             0.167E-29
             0.429E+01             0.228E-31
             0.430E+01             0.328E-29
             0.431E+01             0.209E-29
             0.431E+01             0.102E-29
             0.432E+01             0.242E-29
             0.433E+01             0.255E-31
             0.434E+01             0.127E-29
             0.435E+01             0.637E-31
             0.436E+01             0.364E-29
             0.436E+01             0.200E-31
             0.437E+01             0.423E-31
             0.438E+01             0.804E-29
             0.439E+01             0.555E-29
             0.440E+01             0.226E-29
             0.441E+01             0.915E-31
             0.442E+01             0.204E-30
             0.442E+01             0.427E-29
             0.443E+01             0.277E-30
             0.444E+01             0.766E-29
             0.445E+01             0.758E-30
             0.446E+01             0.371E-29
             0.447E+01             0.304E-32
             0.448E+01             0.275E-31
             0.448E+01             0.111E-28
             0.449E+01             0.161E-31
             0.450E+01             0.612E-31
             0.451E+01             0.875E-30
             0.452E+01             0.503E-29
             0.453E+01             0.966E-29
             0.453E+01             0.262E-30
             0.454E+01             0.295E-29
             0.455E+01             0.329E-33
             0.456E+01             0.321E-30
             0.457E+01             0.178E-28
             0.458E+01             0.173E-29
             0.459E+01             0.434E-30
             0.459E+01             0.690E-30
             0.460E+01             0.133E-29
             0.461E+01             0.654E-31
             0.462E+01             0.300E-30
             0.463E+01             0.350E-29
             0.464E+01             0.511E-30
             0.464E+01             0.263E-29
             0.465E+01             0.188E-30
             0.466E+01             0.992E-31
             0.467E+01             0.248E-31
             0.468E+01             0.180E-29
             0.469E+01             0.984E-32
             0.470E+01             0.139E-28
             0.470E+01             0.974E-29
             0.471E+01             0.147E-30
             0.472E+01             0.503E-31
             0.473E+01             0.334E-29
             0.474E+01             0.490E-29
             0.475E+01             0.157E-29
             0.475E+01             0.441E-30
             0.476E+01             0.611E-30
             0.477E+01             0.356E-29
             0.478E+01             0.289E-29
             0.479E+01             0.221E-29
             0.480E+01             0.274E-30
             0.481E+01             0.659E-30
             0.481E+01             0.191E-29
             0.482E+01             0.146E-29
             0.483E+01             0.199E-29
             0.484E+01             0.537E-29
             0.485E+01             0.275E-29
             0.486E+01             0.610E-29
             0.486E+01             0.188E-29
             0.487E+01             0.381E-29
             0.488E+01             0.400E-30
             0.489E+01             0.166E-29
             0.490E+01             0.378E-29
             0.491E+01             0.965E-30
             0.492E+01             0.757E-31
             0.492E+01             0.173E-30
             0.493E+01             0.244E-31
             0.494E+01             0.125E-29
             0.495E+01             0.129E-30
             0.496E+01             0.121E-30
             0.497E+01             0.166E-29
             0.497E+01             0.813E-30
             0.498E+01             0.473E-30
             0.499E+01             0.900E-30
             0.500E+01             0.159E-30
