            -0.996E+01             0.000E+00
            -0.992E+01             0.000E+00
            -0.988E+01             0.000E+00
            -0.983E+01             0.000E+00
            -0.979E+01             0.000E+00
            -0.975E+01             0.000E+00
            -0.971E+01             0.000E+00
            -0.967E+01             0.000E+00
            -0.963E+01             0.000E+00
            -0.958E+01             0.000E+00
            -0.954E+01             0.000E+00
            -0.950E+01             0.000E+00
            -0.946E+01             0.000E+00
            -0.942E+01             0.000E+00
            -0.938E+01             0.000E+00
            -0.933E+01             0.000E+00
            -0.929E+01             0.000E+00
            -0.925E+01             0.000E+00
            -0.921E+01             0.000E+00
            -0.917E+01             0.000E+00
            -0.913E+01             0.000E+00
            -0.909E+01             0.000E+00
            -0.904E+01             0.000E+00
            -0.900E+01             0.000E+00
            -0.896E+01             0.000E+00
            -0.892E+01             0.000E+00
            -0.888E+01             0.000E+00
            -0.884E+01             0.000E+00
            -0.879E+01             0.000E+00
            -0.875E+01             0.000E+00
            -0.871E+01             0.000E+00
            -0.867E+01             0.000E+00
            -0.863E+01             0.000E+00
            -0.859E+01             0.000E+00
            -0.854E+01             0.000E+00
            -0.850E+01             0.000E+00
            -0.846E+01             0.000E+00
            -0.842E+01             0.000E+00
            -0.838E+01             0.000E+00
            -0.834E+01             0.000E+00
            -0.830E+01             0.000E+00
            -0.825E+01             0.000E+00
            -0.821E+01             0.000E+00
            -0.817E+01             0.000E+00
            -0.813E+01             0.000E+00
            -0.809E+01             0.000E+00
            -0.805E+01             0.000E+00
            -0.800E+01             0.000E+00
            -0.796E+01             0.000E+00
            -0.792E+01             0.000E+00
            -0.788E+01             0.000E+00
            -0.784E+01             0.000E+00
            -0.780E+01             0.000E+00
            -0.775E+01             0.000E+00
            -0.771E+01             0.000E+00
            -0.767E+01             0.000E+00
            -0.763E+01             0.000E+00
            -0.759E+01             0.000E+00
            -0.755E+01             0.000E+00
            -0.751E+01             0.000E+00
            -0.746E+01             0.000E+00
            -0.742E+01             0.000E+00
            -0.738E+01             0.000E+00
            -0.734E+01             0.000E+00
            -0.730E+01             0.000E+00
            -0.726E+01             0.000E+00
            -0.721E+01             0.000E+00
            -0.717E+01             0.593-321
            -0.713E+01             0.583-316
            -0.709E+01             0.189-313
            -0.705E+01             0.135-311
            -0.701E+01             0.273-307
            -0.696E+01             0.753-306
            -0.692E+01             0.584-303
            -0.688E+01             0.549-298
            -0.684E+01             0.118-295
            -0.680E+01             0.194-294
            -0.676E+01             0.238-289
            -0.672E+01             0.826-288
            -0.667E+01             0.250-283
            -0.663E+01             0.245-281
            -0.659E+01             0.560-279
            -0.655E+01             0.524-275
            -0.651E+01             0.885-273
            -0.647E+01             0.861-269
            -0.642E+01             0.250-266
            -0.638E+01             0.748-264
            -0.634E+01             0.693-261
            -0.630E+01             0.118-257
            -0.626E+01             0.108-254
            -0.622E+01             0.365-252
            -0.617E+01             0.103-248
            -0.613E+01             0.850-246
            -0.609E+01             0.670-244
            -0.605E+01             0.480-240
            -0.601E+01             0.221-236
            -0.597E+01             0.397-235
            -0.593E+01             0.235-231
            -0.588E+01             0.827-229
            -0.584E+01             0.105-225
            -0.580E+01             0.886-224
            -0.576E+01             0.162-221
            -0.572E+01             0.263-219
            -0.568E+01             0.676-216
            -0.563E+01             0.170-212
            -0.559E+01             0.828-210
            -0.555E+01             0.394-207
            -0.551E+01             0.355-204
            -0.547E+01             0.167-201
            -0.543E+01             0.676-199
            -0.538E+01             0.403-196
            -0.534E+01             0.186-193
            -0.530E+01             0.827-191
            -0.526E+01             0.406-188
            -0.522E+01             0.180-185
            -0.518E+01             0.652-183
            -0.514E+01             0.311-180
            -0.509E+01             0.946-178
            -0.505E+01             0.493-175
            -0.501E+01             0.186-172
            -0.497E+01             0.713-170
            -0.493E+01             0.252-167
            -0.489E+01             0.886-165
            -0.484E+01             0.301-162
            -0.480E+01             0.888-160
            -0.476E+01             0.307-157
            -0.472E+01             0.944-155
            -0.468E+01             0.281-152
            -0.464E+01             0.803-150
            -0.459E+01             0.228-147
            -0.455E+01             0.607-145
            -0.451E+01             0.159-142
            -0.447E+01             0.402-140
            -0.443E+01             0.986-138
            -0.439E+01             0.232-135
            -0.435E+01             0.532-133
            -0.430E+01             0.118-130
            -0.426E+01             0.252-128
            -0.422E+01             0.521-126
            -0.418E+01             0.104-123
            -0.414E+01             0.201-121
            -0.410E+01             0.374-119
            -0.405E+01             0.671-117
            -0.401E+01             0.116-114
            -0.397E+01             0.195-112
            -0.393E+01             0.314-110
            -0.389E+01             0.488-108
            -0.385E+01             0.732-106
            -0.380E+01             0.106-103
            -0.376E+01             0.147-101
            -0.372E+01             0.197E-99
            -0.368E+01             0.255E-97
            -0.364E+01             0.316E-95
            -0.360E+01             0.377E-93
            -0.356E+01             0.434E-91
            -0.351E+01             0.479E-89
            -0.347E+01             0.508E-87
            -0.343E+01             0.519E-85
            -0.339E+01             0.508E-83
            -0.335E+01             0.478E-81
            -0.331E+01             0.431E-79
            -0.326E+01             0.374E-77
            -0.322E+01             0.310E-75
            -0.318E+01             0.247E-73
            -0.314E+01             0.189E-71
            -0.310E+01             0.138E-69
            -0.306E+01             0.966E-68
            -0.301E+01             0.648E-66
            -0.297E+01             0.415E-64
            -0.293E+01             0.255E-62
            -0.289E+01             0.150E-60
            -0.285E+01             0.839E-59
            -0.281E+01             0.449E-57
            -0.277E+01             0.230E-55
            -0.272E+01             0.112E-53
            -0.268E+01             0.522E-52
            -0.264E+01             0.232E-50
            -0.260E+01             0.983E-49
            -0.256E+01             0.396E-47
            -0.252E+01             0.152E-45
            -0.247E+01             0.557E-44
            -0.243E+01             0.194E-42
            -0.239E+01             0.641E-41
            -0.235E+01             0.202E-39
            -0.231E+01             0.603E-38
            -0.227E+01             0.171E-36
            -0.222E+01             0.460E-35
            -0.218E+01             0.118E-33
            -0.214E+01             0.285E-32
            -0.210E+01             0.653E-31
            -0.206E+01             0.142E-29
            -0.202E+01             0.292E-28
            -0.198E+01             0.567E-27
            -0.193E+01             0.104E-25
            -0.189E+01             0.181E-24
            -0.185E+01             0.297E-23
            -0.181E+01             0.460E-22
            -0.177E+01             0.671E-21
            -0.173E+01             0.923E-20
            -0.168E+01             0.120E-18
            -0.164E+01             0.146E-17
            -0.160E+01             0.167E-16
            -0.156E+01             0.180E-15
            -0.152E+01             0.183E-14
            -0.148E+01             0.173E-13
            -0.143E+01             0.155E-12
            -0.139E+01             0.129E-11
            -0.135E+01             0.101E-10
            -0.131E+01             0.737E-10
            -0.127E+01             0.504E-09
            -0.123E+01             0.322E-08
            -0.119E+01             0.192E-07
            -0.114E+01             0.106E-06
            -0.110E+01             0.549E-06
            -0.106E+01             0.264E-05
            -0.102E+01             0.118E-04
            -0.977E+00             0.486E-04
            -0.936E+00             0.186E-03
            -0.894E+00             0.659E-03
            -0.852E+00             0.215E-02
            -0.811E+00             0.647E-02
            -0.769E+00             0.178E-01
            -0.728E+00             0.451E-01
            -0.686E+00             0.104E+00
            -0.644E+00             0.217E+00
            -0.603E+00             0.411E+00
            -0.561E+00             0.696E+00
            -0.520E+00             0.105E+01
            -0.478E+00             0.137E+01
            -0.437E+00             0.154E+01
            -0.395E+00             0.142E+01
            -0.353E+00             0.100E+01
            -0.312E+00             0.441E+00
            -0.270E+00             0.481E-01
            -0.229E+00             0.703E-01
            -0.187E+00             0.487E+00
            -0.146E+00             0.967E+00
            -0.104E+00             0.111E+01
            -0.624E-01             0.772E+00
            -0.208E-01             0.249E+00
             0.208E-01             0.312E-26
             0.624E-01             0.249E+00
             0.104E+00             0.772E+00
             0.146E+00             0.111E+01
             0.187E+00             0.967E+00
             0.229E+00             0.487E+00
             0.270E+00             0.703E-01
             0.312E+00             0.481E-01
             0.353E+00             0.441E+00
             0.395E+00             0.100E+01
             0.437E+00             0.142E+01
             0.478E+00             0.154E+01
             0.520E+00             0.137E+01
             0.561E+00             0.105E+01
             0.603E+00             0.696E+00
             0.644E+00             0.411E+00
             0.686E+00             0.217E+00
             0.728E+00             0.104E+00
             0.769E+00             0.451E-01
             0.811E+00             0.178E-01
             0.852E+00             0.647E-02
             0.894E+00             0.215E-02
             0.936E+00             0.659E-03
             0.977E+00             0.186E-03
             0.102E+01             0.486E-04
             0.106E+01             0.118E-04
             0.110E+01             0.264E-05
             0.114E+01             0.549E-06
             0.119E+01             0.106E-06
             0.123E+01             0.192E-07
             0.127E+01             0.322E-08
             0.131E+01             0.504E-09
             0.135E+01             0.737E-10
             0.139E+01             0.101E-10
             0.143E+01             0.129E-11
             0.148E+01             0.155E-12
             0.152E+01             0.173E-13
             0.156E+01             0.183E-14
             0.160E+01             0.180E-15
             0.164E+01             0.167E-16
             0.168E+01             0.146E-17
             0.173E+01             0.120E-18
             0.177E+01             0.923E-20
             0.181E+01             0.671E-21
             0.185E+01             0.460E-22
             0.189E+01             0.297E-23
             0.193E+01             0.182E-24
             0.198E+01             0.109E-25
             0.202E+01             0.599E-27
             0.206E+01             0.291E-28
             0.210E+01             0.157E-29
             0.214E+01             0.130E-29
             0.218E+01             0.948E-30
             0.222E+01             0.307E-29
             0.227E+01             0.352E-29
             0.231E+01             0.245E-31
             0.235E+01             0.834E-30
             0.239E+01             0.181E-30
             0.243E+01             0.470E-30
             0.247E+01             0.440E-30
             0.252E+01             0.448E-30
             0.256E+01             0.103E-29
             0.260E+01             0.219E-29
             0.264E+01             0.395E-32
             0.268E+01             0.417E-30
             0.272E+01             0.386E-30
             0.277E+01             0.923E-32
             0.281E+01             0.109E-30
             0.285E+01             0.477E-30
             0.289E+01             0.291E-30
             0.293E+01             0.174E-30
             0.297E+01             0.365E-30
             0.301E+01             0.257E-31
             0.306E+01             0.207E-30
             0.310E+01             0.505E-31
             0.314E+01             0.117E-30
             0.318E+01             0.399E-34
             0.322E+01             0.132E-30
             0.326E+01             0.109E-29
             0.331E+01             0.476E-30
             0.335E+01             0.238E-31
             0.339E+01             0.390E-32
             0.343E+01             0.105E-33
             0.347E+01             0.448E-31
             0.351E+01             0.430E-32
             0.356E+01             0.142E-31
             0.360E+01             0.107E-30
             0.364E+01             0.478E-30
             0.368E+01             0.612E-31
             0.372E+01             0.335E-31
             0.376E+01             0.914E-30
             0.380E+01             0.473E-32
             0.385E+01             0.139E-30
             0.389E+01             0.141E-30
             0.393E+01             0.596E-31
             0.397E+01             0.250E-29
             0.401E+01             0.586E-30
             0.405E+01             0.198E-30
             0.410E+01             0.118E-29
             0.414E+01             0.243E-30
             0.418E+01             0.331E-31
             0.422E+01             0.823E-31
             0.426E+01             0.272E-29
             0.430E+01             0.440E-29
             0.435E+01             0.104E-29
             0.439E+01             0.186E-32
             0.443E+01             0.219E-31
             0.447E+01             0.529E-30
             0.451E+01             0.432E-31
             0.455E+01             0.692E-31
             0.459E+01             0.129E-29
             0.464E+01             0.180E-30
             0.468E+01             0.268E-29
             0.472E+01             0.841E-30
             0.476E+01             0.181E-29
             0.480E+01             0.326E-31
             0.484E+01             0.159E-29
             0.489E+01             0.724E-30
             0.493E+01             0.188E-30
             0.497E+01             0.743E-31
             0.501E+01             0.245E-29
             0.505E+01             0.163E-30
             0.509E+01             0.386E-29
             0.514E+01             0.490E-30
             0.518E+01             0.434E-29
             0.522E+01             0.339E-30
             0.526E+01             0.832E-31
             0.530E+01             0.581E-31
             0.534E+01             0.542E-31
             0.538E+01             0.420E-32
             0.543E+01             0.401E-29
             0.547E+01             0.505E-29
             0.551E+01             0.219E-32
             0.555E+01             0.103E-30
             0.559E+01             0.314E-29
             0.563E+01             0.679E-30
             0.568E+01             0.160E-29
             0.572E+01             0.280E-31
             0.576E+01             0.514E-30
             0.580E+01             0.590E-31
             0.584E+01             0.420E-30
             0.588E+01             0.887E-31
             0.593E+01             0.103E-30
             0.597E+01             0.731E-31
             0.601E+01             0.133E-31
             0.605E+01             0.677E-31
             0.609E+01             0.782E-31
             0.613E+01             0.322E-31
             0.617E+01             0.658E-30
             0.622E+01             0.677E-32
             0.626E+01             0.153E-32
             0.630E+01             0.178E-30
             0.634E+01             0.143E-30
             0.638E+01             0.195E-31
             0.642E+01             0.179E-31
             0.647E+01             0.188E-32
             0.651E+01             0.361E-32
             0.655E+01             0.420E-35
             0.659E+01             0.323E-33
             0.663E+01             0.598E-36
             0.667E+01             0.106E-34
             0.672E+01             0.127E-34
             0.676E+01             0.434E-37
             0.680E+01             0.913E-38
             0.684E+01             0.961E-38
             0.688E+01             0.594E-40
             0.692E+01             0.187E-42
             0.696E+01             0.243E-40
             0.701E+01             0.127E-40
             0.705E+01             0.108E-42
             0.709E+01             0.125E-42
             0.713E+01             0.775E-44
             0.717E+01             0.139E-44
             0.721E+01             0.111E-47
             0.726E+01             0.111E-48
             0.730E+01             0.961E-49
             0.734E+01             0.172E-50
             0.738E+01             0.559E-53
             0.742E+01             0.182E-53
             0.746E+01             0.285E-54
             0.751E+01             0.758E-56
             0.755E+01             0.245E-57
             0.759E+01             0.885E-59
             0.763E+01             0.410E-59
             0.767E+01             0.191E-59
             0.771E+01             0.198E-59
             0.775E+01             0.846E-60
             0.780E+01             0.535E-60
             0.784E+01             0.161E-61
             0.788E+01             0.235E-59
             0.792E+01             0.504E-61
             0.796E+01             0.149E-59
             0.800E+01             0.636E-60
             0.805E+01             0.119E-59
             0.809E+01             0.522E-59
             0.813E+01             0.277E-59
             0.817E+01             0.459E-60
             0.821E+01             0.140E-58
             0.825E+01             0.777E-60
             0.830E+01             0.749E-60
             0.834E+01             0.821E-60
             0.838E+01             0.718E-59
             0.842E+01             0.919E-60
             0.846E+01             0.161E-61
             0.850E+01             0.328E-60
             0.854E+01             0.205E-59
             0.859E+01             0.169E-60
             0.863E+01             0.358E-59
             0.867E+01             0.256E-59
             0.871E+01             0.966E-61
             0.875E+01             0.118E-60
             0.879E+01             0.751E-61
             0.884E+01             0.400E-60
             0.888E+01             0.131E-60
             0.892E+01             0.132E-59
             0.896E+01             0.793E-62
             0.900E+01             0.708E-61
             0.904E+01             0.165E-62
             0.909E+01             0.295E-60
             0.913E+01             0.514E-60
             0.917E+01             0.169E-60
             0.921E+01             0.356E-63
             0.925E+01             0.167E-60
             0.929E+01             0.735E-63
             0.933E+01             0.905E-61
             0.938E+01             0.221E-61
             0.942E+01             0.547E-62
             0.946E+01             0.314E-62
             0.950E+01             0.697E-63
             0.954E+01             0.432E-62
             0.958E+01             0.385E-63
             0.963E+01             0.128E-62
             0.967E+01             0.117E-65
             0.971E+01             0.244E-67
             0.975E+01             0.965E-68
             0.979E+01             0.142E-69
             0.983E+01             0.896E-71
             0.988E+01             0.209E-70
             0.992E+01             0.670E-72
             0.996E+01             0.201E-73
             0.100E+02             0.455E-76
