            -0.399E+01             0.194E-61
            -0.397E+01             0.572E-61
            -0.396E+01             0.959E-60
            -0.395E+01             0.433E-60
            -0.394E+01             0.245E-60
            -0.392E+01             0.525E-60
            -0.391E+01             0.650E-61
            -0.390E+01             0.826E-60
            -0.388E+01             0.523E-61
            -0.387E+01             0.805E-60
            -0.386E+01             0.733E-60
            -0.385E+01             0.546E-60
            -0.383E+01             0.131E-60
            -0.382E+01             0.183E-61
            -0.381E+01             0.673E-61
            -0.379E+01             0.114E-61
            -0.378E+01             0.486E-60
            -0.377E+01             0.429E-60
            -0.376E+01             0.239E-60
            -0.374E+01             0.677E-60
            -0.373E+01             0.228E-60
            -0.372E+01             0.377E-61
            -0.370E+01             0.200E-61
            -0.369E+01             0.673E-61
            -0.368E+01             0.113E-61
            -0.367E+01             0.244E-60
            -0.365E+01             0.318E-62
            -0.364E+01             0.202E-60
            -0.363E+01             0.147E-63
            -0.361E+01             0.725E-60
            -0.360E+01             0.432E-60
            -0.359E+01             0.874E-60
            -0.357E+01             0.149E-60
            -0.356E+01             0.252E-62
            -0.355E+01             0.231E-60
            -0.354E+01             0.609E-62
            -0.352E+01             0.188E-61
            -0.351E+01             0.122E-61
            -0.350E+01             0.404E-62
            -0.348E+01             0.519E-62
            -0.347E+01             0.144E-60
            -0.346E+01             0.796E-61
            -0.345E+01             0.639E-61
            -0.343E+01             0.167E-60
            -0.342E+01             0.240E-61
            -0.341E+01             0.314E-59
            -0.339E+01             0.361E-61
            -0.338E+01             0.307E-61
            -0.337E+01             0.713E-61
            -0.336E+01             0.100E-60
            -0.334E+01             0.108E-62
            -0.333E+01             0.147E-60
            -0.332E+01             0.230E-60
            -0.330E+01             0.621E-60
            -0.329E+01             0.467E-61
            -0.328E+01             0.524E-61
            -0.327E+01             0.244E-61
            -0.325E+01             0.640E-62
            -0.324E+01             0.197E-61
            -0.323E+01             0.103E-60
            -0.321E+01             0.102E-60
            -0.320E+01             0.349E-63
            -0.319E+01             0.249E-60
            -0.318E+01             0.341E-60
            -0.316E+01             0.181E-60
            -0.315E+01             0.219E-60
            -0.314E+01             0.235E-62
            -0.312E+01             0.248E-60
            -0.311E+01             0.261E-61
            -0.310E+01             0.319E-60
            -0.309E+01             0.505E-64
            -0.307E+01             0.519E-60
            -0.306E+01             0.189E-60
            -0.305E+01             0.204E-60
            -0.303E+01             0.696E-61
            -0.302E+01             0.935E-61
            -0.301E+01             0.542E-60
            -0.300E+01             0.114E-60
            -0.298E+01             0.190E-60
            -0.297E+01             0.283E-60
            -0.296E+01             0.701E-62
            -0.294E+01             0.676E-63
            -0.293E+01             0.228E-61
            -0.292E+01             0.556E-62
            -0.290E+01             0.302E-60
            -0.289E+01             0.107E-60
            -0.288E+01             0.178E-60
            -0.287E+01             0.243E-60
            -0.285E+01             0.109E-61
            -0.284E+01             0.177E-60
            -0.283E+01             0.545E-60
            -0.281E+01             0.295E-60
            -0.280E+01             0.195E-60
            -0.279E+01             0.529E-60
            -0.278E+01             0.386E-59
            -0.276E+01             0.157E-58
            -0.275E+01             0.485E-58
            -0.274E+01             0.156E-57
            -0.272E+01             0.604E-57
            -0.271E+01             0.233E-56
            -0.270E+01             0.905E-56
            -0.269E+01             0.346E-55
            -0.267E+01             0.130E-54
            -0.266E+01             0.489E-54
            -0.265E+01             0.183E-53
            -0.263E+01             0.678E-53
            -0.262E+01             0.250E-52
            -0.261E+01             0.917E-52
            -0.260E+01             0.334E-51
            -0.258E+01             0.121E-50
            -0.257E+01             0.435E-50
            -0.256E+01             0.155E-49
            -0.254E+01             0.551E-49
            -0.253E+01             0.194E-48
            -0.252E+01             0.681E-48
            -0.251E+01             0.237E-47
            -0.249E+01             0.820E-47
            -0.248E+01             0.282E-46
            -0.247E+01             0.962E-46
            -0.245E+01             0.326E-45
            -0.244E+01             0.110E-44
            -0.243E+01             0.368E-44
            -0.242E+01             0.122E-43
            -0.240E+01             0.405E-43
            -0.239E+01             0.133E-42
            -0.238E+01             0.433E-42
            -0.236E+01             0.140E-41
            -0.235E+01             0.452E-41
            -0.234E+01             0.145E-40
            -0.233E+01             0.459E-40
            -0.231E+01             0.145E-39
            -0.230E+01             0.455E-39
            -0.229E+01             0.142E-38
            -0.227E+01             0.438E-38
            -0.226E+01             0.135E-37
            -0.225E+01             0.412E-37
            -0.224E+01             0.125E-36
            -0.222E+01             0.377E-36
            -0.221E+01             0.113E-35
            -0.220E+01             0.336E-35
            -0.218E+01             0.992E-35
            -0.217E+01             0.291E-34
            -0.216E+01             0.850E-34
            -0.214E+01             0.246E-33
            -0.213E+01             0.709E-33
            -0.212E+01             0.203E-32
            -0.211E+01             0.575E-32
            -0.209E+01             0.162E-31
            -0.208E+01             0.455E-31
            -0.207E+01             0.127E-30
            -0.205E+01             0.350E-30
            -0.204E+01             0.963E-30
            -0.203E+01             0.263E-29
            -0.202E+01             0.712E-29
            -0.200E+01             0.192E-28
            -0.199E+01             0.513E-28
            -0.198E+01             0.136E-27
            -0.196E+01             0.360E-27
            -0.195E+01             0.943E-27
            -0.194E+01             0.246E-26
            -0.193E+01             0.635E-26
            -0.191E+01             0.163E-25
            -0.190E+01             0.416E-25
            -0.189E+01             0.106E-24
            -0.187E+01             0.266E-24
            -0.186E+01             0.665E-24
            -0.185E+01             0.165E-23
            -0.184E+01             0.407E-23
            -0.182E+01             0.998E-23
            -0.181E+01             0.243E-22
            -0.180E+01             0.587E-22
            -0.178E+01             0.141E-21
            -0.177E+01             0.336E-21
            -0.176E+01             0.797E-21
            -0.175E+01             0.187E-20
            -0.173E+01             0.438E-20
            -0.172E+01             0.102E-19
            -0.171E+01             0.234E-19
            -0.169E+01             0.536E-19
            -0.168E+01             0.122E-18
            -0.167E+01             0.275E-18
            -0.166E+01             0.617E-18
            -0.164E+01             0.137E-17
            -0.163E+01             0.304E-17
            -0.162E+01             0.668E-17
            -0.160E+01             0.146E-16
            -0.159E+01             0.315E-16
            -0.158E+01             0.679E-16
            -0.157E+01             0.145E-15
            -0.155E+01             0.308E-15
            -0.154E+01             0.648E-15
            -0.153E+01             0.136E-14
            -0.151E+01             0.282E-14
            -0.150E+01             0.582E-14
            -0.149E+01             0.119E-13
            -0.148E+01             0.242E-13
            -0.146E+01             0.490E-13
            -0.145E+01             0.983E-13
            -0.144E+01             0.196E-12
            -0.142E+01             0.387E-12
            -0.141E+01             0.761E-12
            -0.140E+01             0.148E-11
            -0.138E+01             0.287E-11
            -0.137E+01             0.553E-11
            -0.136E+01             0.106E-10
            -0.135E+01             0.200E-10
            -0.133E+01             0.377E-10
            -0.132E+01             0.704E-10
            -0.131E+01             0.131E-09
            -0.129E+01             0.241E-09
            -0.128E+01             0.440E-09
            -0.127E+01             0.799E-09
            -0.126E+01             0.144E-08
            -0.124E+01             0.258E-08
            -0.123E+01             0.458E-08
            -0.122E+01             0.808E-08
            -0.120E+01             0.141E-07
            -0.119E+01             0.246E-07
            -0.118E+01             0.424E-07
            -0.117E+01             0.726E-07
            -0.115E+01             0.124E-06
            -0.114E+01             0.208E-06
            -0.113E+01             0.349E-06
            -0.111E+01             0.581E-06
            -0.110E+01             0.958E-06
            -0.109E+01             0.157E-05
            -0.108E+01             0.255E-05
            -0.106E+01             0.412E-05
            -0.105E+01             0.659E-05
            -0.104E+01             0.105E-04
            -0.102E+01             0.165E-04
            -0.101E+01             0.259E-04
            -0.998E+00             0.402E-04
            -0.986E+00             0.619E-04
            -0.973E+00             0.946E-04
            -0.960E+00             0.144E-03
            -0.947E+00             0.216E-03
            -0.934E+00             0.323E-03
            -0.921E+00             0.478E-03
            -0.908E+00             0.702E-03
            -0.895E+00             0.102E-02
            -0.882E+00             0.148E-02
            -0.870E+00             0.212E-02
            -0.857E+00             0.302E-02
            -0.844E+00             0.426E-02
            -0.831E+00             0.597E-02
            -0.818E+00             0.828E-02
            -0.805E+00             0.114E-01
            -0.792E+00             0.155E-01
            -0.779E+00             0.210E-01
            -0.767E+00             0.282E-01
            -0.754E+00             0.375E-01
            -0.741E+00             0.493E-01
            -0.728E+00             0.644E-01
            -0.715E+00             0.833E-01
            -0.702E+00             0.107E+00
            -0.689E+00             0.136E+00
            -0.676E+00             0.170E+00
            -0.663E+00             0.212E+00
            -0.651E+00             0.262E+00
            -0.638E+00             0.320E+00
            -0.625E+00             0.386E+00
            -0.612E+00             0.462E+00
            -0.599E+00             0.547E+00
            -0.586E+00             0.640E+00
            -0.573E+00             0.740E+00
            -0.560E+00             0.847E+00
            -0.548E+00             0.957E+00
            -0.535E+00             0.107E+01
            -0.522E+00             0.118E+01
            -0.509E+00             0.128E+01
            -0.496E+00             0.137E+01
            -0.483E+00             0.145E+01
            -0.470E+00             0.150E+01
            -0.457E+00             0.154E+01
            -0.444E+00             0.154E+01
            -0.432E+00             0.152E+01
            -0.419E+00             0.147E+01
            -0.406E+00             0.138E+01
            -0.393E+00             0.126E+01
            -0.380E+00             0.112E+01
            -0.367E+00             0.964E+00
            -0.354E+00             0.791E+00
            -0.341E+00             0.615E+00
            -0.329E+00             0.445E+00
            -0.316E+00             0.291E+00
            -0.303E+00             0.163E+00
            -0.290E+00             0.678E-01
            -0.277E+00             0.127E-01
            -0.264E+00             0.137E-02
            -0.251E+00             0.346E-01
            -0.238E+00             0.110E+00
            -0.225E+00             0.222E+00
            -0.213E+00             0.361E+00
            -0.200E+00             0.516E+00
            -0.187E+00             0.675E+00
            -0.174E+00             0.824E+00
            -0.161E+00             0.950E+00
            -0.148E+00             0.104E+01
            -0.135E+00             0.109E+01
            -0.122E+00             0.110E+01
            -0.110E+00             0.105E+01
            -0.966E-01             0.960E+00
            -0.837E-01             0.834E+00
            -0.709E-01             0.682E+00
            -0.580E-01             0.517E+00
            -0.451E-01             0.356E+00
            -0.322E-01             0.211E+00
            -0.193E-01             0.977E-01
            -0.644E-02             0.250E-01
             0.644E-02             0.105E-25
             0.193E-01             0.250E-01
             0.322E-01             0.977E-01
             0.451E-01             0.211E+00
             0.580E-01             0.356E+00
             0.709E-01             0.517E+00
             0.837E-01             0.682E+00
             0.966E-01             0.834E+00
             0.110E+00             0.960E+00
             0.122E+00             0.105E+01
             0.135E+00             0.110E+01
             0.148E+00             0.109E+01
             0.161E+00             0.104E+01
             0.174E+00             0.950E+00
             0.187E+00             0.824E+00
             0.200E+00             0.675E+00
             0.213E+00             0.516E+00
             0.225E+00             0.361E+00
             0.238E+00             0.222E+00
             0.251E+00             0.110E+00
             0.264E+00             0.346E-01
             0.277E+00             0.137E-02
             0.290E+00             0.127E-01
             0.303E+00             0.678E-01
             0.316E+00             0.163E+00
             0.329E+00             0.291E+00
             0.341E+00             0.445E+00
             0.354E+00             0.615E+00
             0.367E+00             0.791E+00
             0.380E+00             0.964E+00
             0.393E+00             0.112E+01
             0.406E+00             0.126E+01
             0.419E+00             0.138E+01
             0.432E+00             0.147E+01
             0.444E+00             0.152E+01
             0.457E+00             0.154E+01
             0.470E+00             0.154E+01
             0.483E+00             0.150E+01
             0.496E+00             0.145E+01
             0.509E+00             0.137E+01
             0.522E+00             0.128E+01
             0.535E+00             0.118E+01
             0.548E+00             0.107E+01
             0.560E+00             0.957E+00
             0.573E+00             0.847E+00
             0.586E+00             0.740E+00
             0.599E+00             0.640E+00
             0.612E+00             0.547E+00
             0.625E+00             0.462E+00
             0.638E+00             0.386E+00
             0.651E+00             0.320E+00
             0.663E+00             0.262E+00
             0.676E+00             0.212E+00
             0.689E+00             0.170E+00
             0.702E+00             0.136E+00
             0.715E+00             0.107E+00
             0.728E+00             0.833E-01
             0.741E+00             0.644E-01
             0.754E+00             0.493E-01
             0.767E+00             0.375E-01
             0.779E+00             0.282E-01
             0.792E+00             0.210E-01
             0.805E+00             0.155E-01
             0.818E+00             0.114E-01
             0.831E+00             0.828E-02
             0.844E+00             0.597E-02
             0.857E+00             0.426E-02
             0.870E+00             0.302E-02
             0.882E+00             0.212E-02
             0.895E+00             0.148E-02
             0.908E+00             0.102E-02
             0.921E+00             0.702E-03
             0.934E+00             0.478E-03
             0.947E+00             0.323E-03
             0.960E+00             0.216E-03
             0.973E+00             0.144E-03
             0.986E+00             0.946E-04
             0.998E+00             0.619E-04
             0.101E+01             0.402E-04
             0.102E+01             0.259E-04
             0.104E+01             0.165E-04
             0.105E+01             0.105E-04
             0.106E+01             0.659E-05
             0.108E+01             0.412E-05
             0.109E+01             0.255E-05
             0.110E+01             0.157E-05
             0.111E+01             0.958E-06
             0.113E+01             0.581E-06
             0.114E+01             0.349E-06
             0.115E+01             0.208E-06
             0.117E+01             0.124E-06
             0.118E+01             0.726E-07
             0.119E+01             0.424E-07
             0.120E+01             0.246E-07
             0.122E+01             0.141E-07
             0.123E+01             0.808E-08
             0.124E+01             0.458E-08
             0.126E+01             0.258E-08
             0.127E+01             0.144E-08
             0.128E+01             0.799E-09
             0.129E+01             0.440E-09
             0.131E+01             0.241E-09
             0.132E+01             0.131E-09
             0.133E+01             0.704E-10
             0.135E+01             0.377E-10
             0.136E+01             0.200E-10
             0.137E+01             0.106E-10
             0.138E+01             0.553E-11
             0.140E+01             0.287E-11
             0.141E+01             0.148E-11
             0.142E+01             0.761E-12
             0.144E+01             0.387E-12
             0.145E+01             0.196E-12
             0.146E+01             0.983E-13
             0.148E+01             0.490E-13
             0.149E+01             0.242E-13
             0.150E+01             0.119E-13
             0.151E+01             0.582E-14
             0.153E+01             0.282E-14
             0.154E+01             0.136E-14
             0.155E+01             0.648E-15
             0.157E+01             0.308E-15
             0.158E+01             0.145E-15
             0.159E+01             0.679E-16
             0.160E+01             0.315E-16
             0.162E+01             0.146E-16
             0.163E+01             0.668E-17
             0.164E+01             0.304E-17
             0.166E+01             0.137E-17
             0.167E+01             0.617E-18
             0.168E+01             0.275E-18
             0.169E+01             0.122E-18
             0.171E+01             0.536E-19
             0.172E+01             0.234E-19
             0.173E+01             0.102E-19
             0.175E+01             0.438E-20
             0.176E+01             0.187E-20
             0.177E+01             0.797E-21
             0.178E+01             0.336E-21
             0.180E+01             0.141E-21
             0.181E+01             0.587E-22
             0.182E+01             0.243E-22
             0.184E+01             0.100E-22
             0.185E+01             0.408E-23
             0.186E+01             0.165E-23
             0.187E+01             0.662E-24
             0.189E+01             0.264E-24
             0.190E+01             0.104E-24
             0.191E+01             0.407E-25
             0.193E+01             0.165E-25
             0.194E+01             0.660E-26
             0.195E+01             0.235E-26
             0.196E+01             0.108E-26
             0.198E+01             0.396E-27
             0.199E+01             0.193E-27
             0.200E+01             0.638E-28
             0.202E+01             0.683E-28
             0.203E+01             0.179E-29
             0.204E+01             0.130E-30
             0.205E+01             0.665E-30
             0.207E+01             0.177E-29
             0.208E+01             0.122E-28
             0.209E+01             0.150E-28
             0.211E+01             0.799E-30
             0.212E+01             0.799E-32
             0.213E+01             0.281E-29
             0.214E+01             0.864E-30
             0.216E+01             0.965E-30
             0.217E+01             0.552E-29
             0.218E+01             0.428E-29
             0.220E+01             0.597E-29
             0.221E+01             0.172E-29
             0.222E+01             0.327E-29
             0.224E+01             0.214E-29
             0.225E+01             0.187E-31
             0.226E+01             0.590E-31
             0.227E+01             0.568E-30
             0.229E+01             0.858E-32
             0.230E+01             0.455E-30
             0.231E+01             0.439E-30
             0.233E+01             0.591E-32
             0.234E+01             0.979E-31
             0.235E+01             0.359E-30
             0.236E+01             0.900E-29
             0.238E+01             0.869E-31
             0.239E+01             0.371E-32
             0.240E+01             0.401E-30
             0.242E+01             0.426E-31
             0.243E+01             0.700E-30
             0.244E+01             0.400E-30
             0.245E+01             0.141E-29
             0.247E+01             0.296E-31
             0.248E+01             0.746E-31
             0.249E+01             0.227E-30
             0.251E+01             0.199E-29
             0.252E+01             0.506E-29
             0.253E+01             0.761E-30
             0.254E+01             0.106E-29
             0.256E+01             0.212E-32
             0.257E+01             0.283E-29
             0.258E+01             0.194E-28
             0.260E+01             0.115E-29
             0.261E+01             0.343E-30
             0.262E+01             0.445E-30
             0.263E+01             0.386E-29
             0.265E+01             0.271E-32
             0.266E+01             0.795E-30
             0.267E+01             0.224E-30
             0.269E+01             0.234E-30
             0.270E+01             0.170E-29
             0.271E+01             0.147E-29
             0.272E+01             0.517E-29
             0.274E+01             0.684E-30
             0.275E+01             0.558E-29
             0.276E+01             0.717E-29
             0.278E+01             0.210E-29
             0.279E+01             0.248E-29
             0.280E+01             0.564E-30
             0.281E+01             0.323E-29
             0.283E+01             0.650E-32
             0.284E+01             0.851E-29
             0.285E+01             0.153E-29
             0.287E+01             0.127E-29
             0.288E+01             0.101E-31
             0.289E+01             0.112E-31
             0.290E+01             0.120E-29
             0.292E+01             0.168E-29
             0.293E+01             0.739E-30
             0.294E+01             0.408E-30
             0.296E+01             0.283E-29
             0.297E+01             0.522E-29
             0.298E+01             0.756E-31
             0.300E+01             0.474E-29
             0.301E+01             0.122E-29
             0.302E+01             0.341E-30
             0.303E+01             0.246E-31
             0.305E+01             0.107E-29
             0.306E+01             0.125E-29
             0.307E+01             0.296E-29
             0.309E+01             0.784E-30
             0.310E+01             0.329E-29
             0.311E+01             0.276E-29
             0.312E+01             0.352E-29
             0.314E+01             0.333E-29
             0.315E+01             0.962E-31
             0.316E+01             0.334E-29
             0.318E+01             0.131E-30
             0.319E+01             0.936E-30
             0.320E+01             0.210E-29
             0.321E+01             0.326E-29
             0.323E+01             0.551E-29
             0.324E+01             0.247E-29
             0.325E+01             0.242E-29
             0.327E+01             0.516E-32
             0.328E+01             0.206E-29
             0.329E+01             0.911E-31
             0.330E+01             0.293E-29
             0.332E+01             0.503E-31
             0.333E+01             0.151E-29
             0.334E+01             0.807E-32
             0.336E+01             0.547E-31
             0.337E+01             0.591E-30
             0.338E+01             0.376E-30
             0.339E+01             0.258E-29
             0.341E+01             0.147E-32
             0.342E+01             0.185E-29
             0.343E+01             0.572E-30
             0.345E+01             0.130E-29
             0.346E+01             0.321E-33
             0.347E+01             0.388E-29
             0.348E+01             0.657E-31
             0.350E+01             0.447E-29
             0.351E+01             0.229E-29
             0.352E+01             0.243E-31
             0.354E+01             0.280E-31
             0.355E+01             0.163E-29
             0.356E+01             0.970E-31
             0.357E+01             0.283E-29
             0.359E+01             0.281E-30
             0.360E+01             0.309E-30
             0.361E+01             0.182E-30
             0.363E+01             0.611E-30
             0.364E+01             0.932E-30
             0.365E+01             0.235E-29
             0.367E+01             0.191E-29
             0.368E+01             0.428E-30
             0.369E+01             0.314E-30
             0.370E+01             0.913E-30
             0.372E+01             0.751E-30
             0.373E+01             0.416E-29
             0.374E+01             0.329E-29
             0.376E+01             0.289E-30
             0.377E+01             0.140E-29
             0.378E+01             0.606E-30
             0.379E+01             0.343E-30
             0.381E+01             0.387E-31
             0.382E+01             0.172E-29
             0.383E+01             0.180E-29
             0.385E+01             0.132E-29
             0.386E+01             0.706E-31
             0.387E+01             0.688E-29
             0.388E+01             0.441E-30
             0.390E+01             0.436E-29
             0.391E+01             0.125E-30
             0.392E+01             0.218E-30
             0.394E+01             0.324E-33
             0.395E+01             0.796E-32
             0.396E+01             0.192E-32
             0.397E+01             0.114E-29
             0.399E+01             0.700E-31
             0.400E+01             0.281E-30
