            -0.699E+01             0.126E-31
            -0.698E+01             0.131E-30
            -0.697E+01             0.118E-31
            -0.697E+01             0.152E-30
            -0.696E+01             0.238E-30
            -0.695E+01             0.145E-30
            -0.694E+01             0.770E-32
            -0.693E+01             0.633E-31
            -0.692E+01             0.174E-31
            -0.691E+01             0.237E-33
            -0.690E+01             0.169E-30
            -0.690E+01             0.196E-30
            -0.689E+01             0.135E-30
            -0.688E+01             0.218E-31
            -0.687E+01             0.128E-30
            -0.686E+01             0.187E-30
            -0.685E+01             0.557E-30
            -0.684E+01             0.793E-30
            -0.683E+01             0.245E-30
            -0.683E+01             0.104E-30
            -0.682E+01             0.251E-30
            -0.681E+01             0.197E-32
            -0.680E+01             0.441E-31
            -0.679E+01             0.334E-30
            -0.678E+01             0.256E-30
            -0.677E+01             0.168E-29
            -0.676E+01             0.213E-30
            -0.676E+01             0.935E-30
            -0.675E+01             0.720E-30
            -0.674E+01             0.122E-29
            -0.673E+01             0.929E-30
            -0.672E+01             0.439E-30
            -0.671E+01             0.106E-29
            -0.670E+01             0.761E-30
            -0.669E+01             0.204E-30
            -0.669E+01             0.204E-30
            -0.668E+01             0.561E-30
            -0.667E+01             0.411E-30
            -0.666E+01             0.494E-30
            -0.665E+01             0.104E-29
            -0.664E+01             0.212E-30
            -0.663E+01             0.546E-30
            -0.662E+01             0.455E-32
            -0.662E+01             0.552E-30
            -0.661E+01             0.718E-30
            -0.660E+01             0.290E-30
            -0.659E+01             0.299E-30
            -0.658E+01             0.483E-30
            -0.657E+01             0.549E-30
            -0.656E+01             0.931E-30
            -0.655E+01             0.409E-30
            -0.655E+01             0.318E-30
            -0.654E+01             0.544E-30
            -0.653E+01             0.357E-30
            -0.652E+01             0.897E-30
            -0.651E+01             0.338E-30
            -0.650E+01             0.216E-30
            -0.649E+01             0.173E-30
            -0.648E+01             0.144E-30
            -0.648E+01             0.272E-31
            -0.647E+01             0.466E-32
            -0.646E+01             0.693E-31
            -0.645E+01             0.423E-31
            -0.644E+01             0.836E-31
            -0.643E+01             0.255E-31
            -0.642E+01             0.166E-31
            -0.641E+01             0.198E-31
            -0.641E+01             0.670E-32
            -0.640E+01             0.607E-32
            -0.639E+01             0.595E-32
            -0.638E+01             0.183E-32
            -0.637E+01             0.311E-32
            -0.636E+01             0.110E-32
            -0.635E+01             0.303E-33
            -0.634E+01             0.376E-34
            -0.634E+01             0.102E-33
            -0.633E+01             0.153E-33
            -0.632E+01             0.249E-33
            -0.631E+01             0.466E-34
            -0.630E+01             0.422E-34
            -0.629E+01             0.450E-35
            -0.628E+01             0.464E-36
            -0.627E+01             0.385E-35
            -0.627E+01             0.144E-35
            -0.626E+01             0.356E-36
            -0.625E+01             0.113E-36
            -0.624E+01             0.533E-36
            -0.623E+01             0.410E-36
            -0.622E+01             0.103E-36
            -0.621E+01             0.322E-37
            -0.620E+01             0.222E-37
            -0.620E+01             0.222E-37
            -0.619E+01             0.276E-38
            -0.618E+01             0.459E-38
            -0.617E+01             0.225E-38
            -0.616E+01             0.101E-38
            -0.615E+01             0.659E-39
            -0.614E+01             0.382E-39
            -0.613E+01             0.152E-40
            -0.613E+01             0.369E-40
            -0.612E+01             0.521E-41
            -0.611E+01             0.360E-41
            -0.610E+01             0.528E-42
            -0.609E+01             0.177E-41
            -0.608E+01             0.412E-42
            -0.607E+01             0.642E-42
            -0.606E+01             0.159E-42
            -0.606E+01             0.178E-42
            -0.605E+01             0.254E-43
            -0.604E+01             0.181E-43
            -0.603E+01             0.810E-44
            -0.602E+01             0.762E-45
            -0.601E+01             0.526E-45
            -0.600E+01             0.537E-45
            -0.599E+01             0.649E-46
            -0.599E+01             0.166E-45
            -0.598E+01             0.361E-46
            -0.597E+01             0.251E-46
            -0.596E+01             0.541E-47
            -0.595E+01             0.261E-47
            -0.594E+01             0.123E-47
            -0.593E+01             0.370E-48
            -0.592E+01             0.141E-48
            -0.592E+01             0.261E-51
            -0.591E+01             0.291E-49
            -0.590E+01             0.266E-50
            -0.589E+01             0.880E-51
            -0.588E+01             0.961E-51
            -0.587E+01             0.107E-50
            -0.586E+01             0.119E-51
            -0.585E+01             0.375E-52
            -0.585E+01             0.178E-52
            -0.584E+01             0.634E-53
            -0.583E+01             0.104E-54
            -0.582E+01             0.150E-53
            -0.581E+01             0.563E-54
            -0.580E+01             0.101E-57
            -0.579E+01             0.391E-55
            -0.578E+01             0.230E-55
            -0.578E+01             0.332E-56
            -0.577E+01             0.148E-57
            -0.576E+01             0.348E-57
            -0.575E+01             0.151E-56
            -0.574E+01             0.124E-57
            -0.573E+01             0.347E-58
            -0.572E+01             0.297E-60
            -0.571E+01             0.677E-59
            -0.571E+01             0.143E-59
            -0.570E+01             0.140E-59
            -0.569E+01             0.987E-60
            -0.568E+01             0.117E-60
            -0.567E+01             0.822E-59
            -0.566E+01             0.767E-59
            -0.565E+01             0.148E-58
            -0.564E+01             0.104E-59
            -0.564E+01             0.277E-58
            -0.563E+01             0.106E-59
            -0.562E+01             0.544E-62
            -0.561E+01             0.310E-59
            -0.560E+01             0.762E-59
            -0.559E+01             0.140E-58
            -0.558E+01             0.889E-59
            -0.557E+01             0.104E-59
            -0.557E+01             0.217E-59
            -0.556E+01             0.192E-59
            -0.555E+01             0.431E-61
            -0.554E+01             0.411E-60
            -0.553E+01             0.509E-59
            -0.552E+01             0.264E-59
            -0.551E+01             0.892E-59
            -0.550E+01             0.700E-59
            -0.550E+01             0.413E-60
            -0.549E+01             0.447E-59
            -0.548E+01             0.739E-59
            -0.547E+01             0.425E-59
            -0.546E+01             0.794E-62
            -0.545E+01             0.124E-59
            -0.544E+01             0.326E-59
            -0.543E+01             0.229E-61
            -0.543E+01             0.133E-59
            -0.542E+01             0.257E-60
            -0.541E+01             0.225E-59
            -0.540E+01             0.137E-59
            -0.539E+01             0.101E-61
            -0.538E+01             0.193E-60
            -0.537E+01             0.707E-60
            -0.536E+01             0.136E-59
            -0.536E+01             0.163E-59
            -0.535E+01             0.246E-59
            -0.534E+01             0.654E-59
            -0.533E+01             0.672E-60
            -0.532E+01             0.680E-60
            -0.531E+01             0.807E-60
            -0.530E+01             0.130E-58
            -0.529E+01             0.154E-59
            -0.529E+01             0.789E-59
            -0.528E+01             0.509E-60
            -0.527E+01             0.973E-63
            -0.526E+01             0.181E-59
            -0.525E+01             0.122E-59
            -0.524E+01             0.201E-59
            -0.523E+01             0.161E-59
            -0.522E+01             0.358E-60
            -0.522E+01             0.267E-59
            -0.521E+01             0.118E-60
            -0.520E+01             0.777E-59
            -0.519E+01             0.182E-59
            -0.518E+01             0.768E-61
            -0.517E+01             0.164E-59
            -0.516E+01             0.166E-59
            -0.515E+01             0.102E-59
            -0.515E+01             0.324E-60
            -0.514E+01             0.328E-59
            -0.513E+01             0.182E-59
            -0.512E+01             0.265E-60
            -0.511E+01             0.319E-61
            -0.510E+01             0.111E-59
            -0.509E+01             0.238E-59
            -0.508E+01             0.140E-60
            -0.508E+01             0.220E-59
            -0.507E+01             0.723E-60
            -0.506E+01             0.933E-60
            -0.505E+01             0.170E-59
            -0.504E+01             0.101E-59
            -0.503E+01             0.528E-59
            -0.502E+01             0.119E-60
            -0.501E+01             0.706E-60
            -0.501E+01             0.251E-62
            -0.500E+01             0.316E-61
            -0.499E+01             0.187E-60
            -0.498E+01             0.295E-60
            -0.497E+01             0.232E-61
            -0.496E+01             0.182E-59
            -0.495E+01             0.391E-60
            -0.495E+01             0.240E-60
            -0.494E+01             0.979E-62
            -0.493E+01             0.560E-59
            -0.492E+01             0.866E-60
            -0.491E+01             0.374E-60
            -0.490E+01             0.151E-59
            -0.489E+01             0.502E-60
            -0.488E+01             0.362E-61
            -0.488E+01             0.124E-59
            -0.487E+01             0.331E-61
            -0.486E+01             0.368E-60
            -0.485E+01             0.143E-59
            -0.484E+01             0.245E-59
            -0.483E+01             0.215E-59
            -0.482E+01             0.138E-59
            -0.481E+01             0.863E-60
            -0.481E+01             0.474E-59
            -0.480E+01             0.322E-60
            -0.479E+01             0.579E-60
            -0.478E+01             0.459E-61
            -0.477E+01             0.159E-59
            -0.476E+01             0.291E-59
            -0.475E+01             0.632E-61
            -0.474E+01             0.140E-60
            -0.474E+01             0.109E-60
            -0.473E+01             0.101E-59
            -0.472E+01             0.482E-62
            -0.471E+01             0.103E-59
            -0.470E+01             0.725E-59
            -0.469E+01             0.155E-59
            -0.468E+01             0.104E-60
            -0.467E+01             0.640E-59
            -0.467E+01             0.160E-61
            -0.466E+01             0.660E-60
            -0.465E+01             0.630E-60
            -0.464E+01             0.504E-61
            -0.463E+01             0.200E-60
            -0.462E+01             0.409E-61
            -0.461E+01             0.178E-61
            -0.460E+01             0.129E-60
            -0.460E+01             0.124E-59
            -0.459E+01             0.327E-59
            -0.458E+01             0.694E-60
            -0.457E+01             0.190E-59
            -0.456E+01             0.926E-60
            -0.455E+01             0.122E-59
            -0.454E+01             0.310E-59
            -0.453E+01             0.696E-60
            -0.453E+01             0.264E-60
            -0.452E+01             0.446E-60
            -0.451E+01             0.449E-61
            -0.450E+01             0.284E-59
            -0.449E+01             0.185E-59
            -0.448E+01             0.495E-60
            -0.447E+01             0.171E-60
            -0.446E+01             0.790E-64
            -0.446E+01             0.571E-61
            -0.445E+01             0.182E-59
            -0.444E+01             0.103E-60
            -0.443E+01             0.606E-59
            -0.442E+01             0.130E-60
            -0.441E+01             0.118E-60
            -0.440E+01             0.178E-59
            -0.439E+01             0.582E-59
            -0.439E+01             0.771E-60
            -0.438E+01             0.650E-61
            -0.437E+01             0.106E-60
            -0.436E+01             0.124E-59
            -0.435E+01             0.271E-59
            -0.434E+01             0.217E-61
            -0.433E+01             0.540E-59
            -0.432E+01             0.236E-60
            -0.432E+01             0.401E-59
            -0.431E+01             0.219E-59
            -0.430E+01             0.538E-59
            -0.429E+01             0.670E-62
            -0.428E+01             0.564E-60
            -0.427E+01             0.108E-59
            -0.426E+01             0.772E-59
            -0.425E+01             0.656E-59
            -0.425E+01             0.471E-59
            -0.424E+01             0.465E-59
            -0.423E+01             0.105E-63
            -0.422E+01             0.590E-60
            -0.421E+01             0.191E-59
            -0.420E+01             0.742E-62
            -0.419E+01             0.761E-60
            -0.418E+01             0.314E-59
            -0.418E+01             0.143E-59
            -0.417E+01             0.108E-59
            -0.416E+01             0.388E-60
            -0.415E+01             0.426E-60
            -0.414E+01             0.390E-60
            -0.413E+01             0.105E-58
            -0.412E+01             0.158E-59
            -0.411E+01             0.209E-62
            -0.411E+01             0.230E-59
            -0.410E+01             0.179E-60
            -0.409E+01             0.118E-59
            -0.408E+01             0.157E-59
            -0.407E+01             0.640E-61
            -0.406E+01             0.192E-59
            -0.405E+01             0.711E-59
            -0.404E+01             0.598E-60
            -0.404E+01             0.510E-60
            -0.403E+01             0.430E-59
            -0.402E+01             0.554E-60
            -0.401E+01             0.336E-59
            -0.400E+01             0.478E-61
            -0.399E+01             0.164E-60
            -0.398E+01             0.101E-59
            -0.397E+01             0.308E-60
            -0.397E+01             0.181E-60
            -0.396E+01             0.518E-60
            -0.395E+01             0.717E-60
            -0.394E+01             0.207E-60
            -0.393E+01             0.816E-60
            -0.392E+01             0.411E-60
            -0.391E+01             0.917E-61
            -0.390E+01             0.552E-62
            -0.390E+01             0.149E-61
            -0.389E+01             0.202E-60
            -0.388E+01             0.506E-60
            -0.387E+01             0.303E-60
            -0.386E+01             0.285E-61
            -0.385E+01             0.183E-60
            -0.384E+01             0.975E-63
            -0.383E+01             0.617E-60
            -0.383E+01             0.286E-59
            -0.382E+01             0.761E-62
            -0.381E+01             0.171E-59
            -0.380E+01             0.856E-59
            -0.379E+01             0.327E-59
            -0.378E+01             0.122E-60
            -0.377E+01             0.233E-62
            -0.376E+01             0.495E-60
            -0.376E+01             0.331E-60
            -0.375E+01             0.171E-59
            -0.374E+01             0.588E-59
            -0.373E+01             0.819E-61
            -0.372E+01             0.325E-59
            -0.371E+01             0.279E-59
            -0.370E+01             0.160E-59
            -0.369E+01             0.338E-59
            -0.369E+01             0.106E-59
            -0.368E+01             0.302E-61
            -0.367E+01             0.145E-60
            -0.366E+01             0.453E-60
            -0.365E+01             0.488E-60
            -0.364E+01             0.139E-60
            -0.363E+01             0.246E-60
            -0.362E+01             0.617E-60
            -0.362E+01             0.106E-59
            -0.361E+01             0.543E-60
            -0.360E+01             0.127E-59
            -0.359E+01             0.718E-59
            -0.358E+01             0.187E-59
            -0.357E+01             0.357E-60
            -0.356E+01             0.149E-59
            -0.355E+01             0.770E-59
            -0.355E+01             0.120E-59
            -0.354E+01             0.401E-60
            -0.353E+01             0.132E-58
            -0.352E+01             0.397E-59
            -0.351E+01             0.289E-59
            -0.350E+01             0.156E-61
            -0.349E+01             0.272E-59
            -0.348E+01             0.883E-61
            -0.348E+01             0.244E-59
            -0.347E+01             0.101E-61
            -0.346E+01             0.840E-61
            -0.345E+01             0.162E-59
            -0.344E+01             0.107E-61
            -0.343E+01             0.548E-60
            -0.342E+01             0.530E-60
            -0.341E+01             0.127E-59
            -0.341E+01             0.103E-60
            -0.340E+01             0.134E-59
            -0.339E+01             0.822E-60
            -0.338E+01             0.117E-59
            -0.337E+01             0.156E-60
            -0.336E+01             0.143E-60
            -0.335E+01             0.177E-61
            -0.334E+01             0.650E-60
            -0.334E+01             0.394E-59
            -0.333E+01             0.282E-60
            -0.332E+01             0.113E-61
            -0.331E+01             0.122E-59
            -0.330E+01             0.920E-62
            -0.329E+01             0.618E-60
            -0.328E+01             0.849E-59
            -0.327E+01             0.166E-60
            -0.327E+01             0.241E-59
            -0.326E+01             0.191E-60
            -0.325E+01             0.333E-59
            -0.324E+01             0.827E-59
            -0.323E+01             0.778E-60
            -0.322E+01             0.792E-59
            -0.321E+01             0.255E-59
            -0.320E+01             0.172E-59
            -0.320E+01             0.640E-59
            -0.319E+01             0.857E-60
            -0.318E+01             0.233E-59
            -0.317E+01             0.151E-60
            -0.316E+01             0.129E-60
            -0.315E+01             0.410E-61
            -0.314E+01             0.261E-59
            -0.313E+01             0.593E-59
            -0.313E+01             0.256E-60
            -0.312E+01             0.241E-59
            -0.311E+01             0.107E-60
            -0.310E+01             0.109E-59
            -0.309E+01             0.399E-61
            -0.308E+01             0.197E-62
            -0.307E+01             0.260E-60
            -0.306E+01             0.115E-60
            -0.306E+01             0.992E-62
            -0.305E+01             0.659E-60
            -0.304E+01             0.735E-60
            -0.303E+01             0.442E-60
            -0.302E+01             0.835E-60
            -0.301E+01             0.143E-60
            -0.300E+01             0.210E-59
            -0.300E+01             0.876E-60
            -0.299E+01             0.557E-59
            -0.298E+01             0.116E-59
            -0.297E+01             0.647E-59
            -0.296E+01             0.176E-59
            -0.295E+01             0.907E-60
            -0.294E+01             0.316E-59
            -0.293E+01             0.325E-59
            -0.293E+01             0.165E-59
            -0.292E+01             0.144E-59
            -0.291E+01             0.375E-59
            -0.290E+01             0.167E-60
            -0.289E+01             0.934E-60
            -0.288E+01             0.432E-60
            -0.287E+01             0.560E-61
            -0.286E+01             0.592E-59
            -0.286E+01             0.347E-62
            -0.285E+01             0.707E-60
            -0.284E+01             0.842E-60
            -0.283E+01             0.234E-60
            -0.282E+01             0.236E-59
            -0.281E+01             0.596E-59
            -0.280E+01             0.786E-59
            -0.279E+01             0.119E-58
            -0.279E+01             0.432E-60
            -0.278E+01             0.282E-60
            -0.277E+01             0.340E-61
            -0.276E+01             0.937E-62
            -0.275E+01             0.108E-59
            -0.274E+01             0.292E-59
            -0.273E+01             0.100E-60
            -0.272E+01             0.118E-60
            -0.272E+01             0.210E-59
            -0.271E+01             0.128E-59
            -0.270E+01             0.899E-60
            -0.269E+01             0.112E-61
            -0.268E+01             0.265E-59
            -0.267E+01             0.272E-59
            -0.266E+01             0.637E-59
            -0.265E+01             0.377E-60
            -0.265E+01             0.216E-59
            -0.264E+01             0.139E-58
            -0.263E+01             0.974E-59
            -0.262E+01             0.875E-59
            -0.261E+01             0.735E-59
            -0.260E+01             0.215E-58
            -0.259E+01             0.102E-57
            -0.258E+01             0.225E-57
            -0.258E+01             0.584E-57
            -0.257E+01             0.180E-56
            -0.256E+01             0.375E-56
            -0.255E+01             0.918E-56
            -0.254E+01             0.224E-55
            -0.253E+01             0.572E-55
            -0.252E+01             0.136E-54
            -0.251E+01             0.328E-54
            -0.251E+01             0.785E-54
            -0.250E+01             0.187E-53
            -0.249E+01             0.445E-53
            -0.248E+01             0.106E-52
            -0.247E+01             0.250E-52
            -0.246E+01             0.590E-52
            -0.245E+01             0.139E-51
            -0.244E+01             0.325E-51
            -0.244E+01             0.759E-51
            -0.243E+01             0.177E-50
            -0.242E+01             0.411E-50
            -0.241E+01             0.951E-50
            -0.240E+01             0.220E-49
            -0.239E+01             0.506E-49
            -0.238E+01             0.116E-48
            -0.237E+01             0.266E-48
            -0.237E+01             0.606E-48
            -0.236E+01             0.138E-47
            -0.235E+01             0.313E-47
            -0.234E+01             0.707E-47
            -0.233E+01             0.159E-46
            -0.232E+01             0.358E-46
            -0.231E+01             0.802E-46
            -0.230E+01             0.179E-45
            -0.230E+01             0.399E-45
            -0.229E+01             0.886E-45
            -0.228E+01             0.196E-44
            -0.227E+01             0.433E-44
            -0.226E+01             0.954E-44
            -0.225E+01             0.209E-43
            -0.224E+01             0.458E-43
            -0.223E+01             0.998E-43
            -0.223E+01             0.217E-42
            -0.222E+01             0.471E-42
            -0.221E+01             0.102E-41
            -0.220E+01             0.219E-41
            -0.219E+01             0.471E-41
            -0.218E+01             0.101E-40
            -0.217E+01             0.215E-40
            -0.216E+01             0.459E-40
            -0.216E+01             0.974E-40
            -0.215E+01             0.206E-39
            -0.214E+01             0.435E-39
            -0.213E+01             0.915E-39
            -0.212E+01             0.192E-38
            -0.211E+01             0.401E-38
            -0.210E+01             0.837E-38
            -0.209E+01             0.174E-37
            -0.209E+01             0.361E-37
            -0.208E+01             0.745E-37
            -0.207E+01             0.153E-36
            -0.206E+01             0.315E-36
            -0.205E+01             0.645E-36
            -0.204E+01             0.132E-35
            -0.203E+01             0.268E-35
            -0.202E+01             0.544E-35
            -0.202E+01             0.110E-34
            -0.201E+01             0.222E-34
            -0.200E+01             0.447E-34
            -0.199E+01             0.895E-34
            -0.198E+01             0.179E-33
            -0.197E+01             0.357E-33
            -0.196E+01             0.709E-33
            -0.195E+01             0.140E-32
            -0.195E+01             0.277E-32
            -0.194E+01             0.546E-32
            -0.193E+01             0.107E-31
            -0.192E+01             0.210E-31
            -0.191E+01             0.409E-31
            -0.190E+01             0.796E-31
            -0.189E+01             0.154E-30
            -0.188E+01             0.299E-30
            -0.188E+01             0.575E-30
            -0.187E+01             0.111E-29
            -0.186E+01             0.212E-29
            -0.185E+01             0.405E-29
            -0.184E+01             0.771E-29
            -0.183E+01             0.146E-28
            -0.182E+01             0.277E-28
            -0.181E+01             0.523E-28
            -0.181E+01             0.985E-28
            -0.180E+01             0.185E-27
            -0.179E+01             0.346E-27
            -0.178E+01             0.644E-27
            -0.177E+01             0.120E-26
            -0.176E+01             0.222E-26
            -0.175E+01             0.410E-26
            -0.174E+01             0.756E-26
            -0.174E+01             0.139E-25
            -0.173E+01             0.254E-25
            -0.172E+01             0.464E-25
            -0.171E+01             0.845E-25
            -0.170E+01             0.153E-24
            -0.169E+01             0.277E-24
            -0.168E+01             0.501E-24
            -0.167E+01             0.900E-24
            -0.167E+01             0.161E-23
            -0.166E+01             0.288E-23
            -0.165E+01             0.514E-23
            -0.164E+01             0.913E-23
            -0.163E+01             0.162E-22
            -0.162E+01             0.286E-22
            -0.161E+01             0.503E-22
            -0.160E+01             0.883E-22
            -0.160E+01             0.155E-21
            -0.159E+01             0.270E-21
            -0.158E+01             0.469E-21
            -0.157E+01             0.813E-21
            -0.156E+01             0.141E-20
            -0.155E+01             0.242E-20
            -0.154E+01             0.416E-20
            -0.153E+01             0.713E-20
            -0.153E+01             0.122E-19
            -0.152E+01             0.207E-19
            -0.151E+01             0.352E-19
            -0.150E+01             0.596E-19
            -0.149E+01             0.101E-18
            -0.148E+01             0.169E-18
            -0.147E+01             0.284E-18
            -0.146E+01             0.475E-18
            -0.146E+01             0.791E-18
            -0.145E+01             0.132E-17
            -0.144E+01             0.218E-17
            -0.143E+01             0.360E-17
            -0.142E+01             0.593E-17
            -0.141E+01             0.974E-17
            -0.140E+01             0.159E-16
            -0.139E+01             0.260E-16
            -0.139E+01             0.423E-16
            -0.138E+01             0.687E-16
            -0.137E+01             0.111E-15
            -0.136E+01             0.179E-15
            -0.135E+01             0.288E-15
            -0.134E+01             0.461E-15
            -0.133E+01             0.737E-15
            -0.132E+01             0.117E-14
            -0.132E+01             0.186E-14
            -0.131E+01             0.295E-14
            -0.130E+01             0.466E-14
            -0.129E+01             0.733E-14
            -0.128E+01             0.115E-13
            -0.127E+01             0.180E-13
            -0.126E+01             0.280E-13
            -0.125E+01             0.436E-13
            -0.125E+01             0.676E-13
            -0.124E+01             0.104E-12
            -0.123E+01             0.161E-12
            -0.122E+01             0.247E-12
            -0.121E+01             0.378E-12
            -0.120E+01             0.577E-12
            -0.119E+01             0.879E-12
            -0.118E+01             0.133E-11
            -0.118E+01             0.202E-11
            -0.117E+01             0.304E-11
            -0.116E+01             0.457E-11
            -0.115E+01             0.685E-11
            -0.114E+01             0.102E-10
            -0.113E+01             0.153E-10
            -0.112E+01             0.227E-10
            -0.111E+01             0.335E-10
            -0.111E+01             0.495E-10
            -0.110E+01             0.729E-10
            -0.109E+01             0.107E-09
            -0.108E+01             0.156E-09
            -0.107E+01             0.228E-09
            -0.106E+01             0.332E-09
            -0.105E+01             0.481E-09
            -0.104E+01             0.695E-09
            -0.104E+01             0.100E-08
            -0.103E+01             0.144E-08
            -0.102E+01             0.206E-08
            -0.101E+01             0.294E-08
            -0.100E+01             0.418E-08
            -0.993E+00             0.593E-08
            -0.984E+00             0.839E-08
            -0.975E+00             0.118E-07
            -0.966E+00             0.166E-07
            -0.958E+00             0.233E-07
            -0.949E+00             0.326E-07
            -0.940E+00             0.454E-07
            -0.931E+00             0.631E-07
            -0.923E+00             0.873E-07
            -0.914E+00             0.121E-06
            -0.905E+00             0.166E-06
            -0.896E+00             0.228E-06
            -0.888E+00             0.311E-06
            -0.879E+00             0.425E-06
            -0.870E+00             0.577E-06
            -0.861E+00             0.783E-06
            -0.853E+00             0.106E-05
            -0.844E+00             0.142E-05
            -0.835E+00             0.191E-05
            -0.826E+00             0.256E-05
            -0.818E+00             0.342E-05
            -0.809E+00             0.455E-05
            -0.800E+00             0.604E-05
            -0.791E+00             0.799E-05
            -0.783E+00             0.105E-04
            -0.774E+00             0.139E-04
            -0.765E+00             0.182E-04
            -0.756E+00             0.237E-04
            -0.748E+00             0.309E-04
            -0.739E+00             0.401E-04
            -0.730E+00             0.520E-04
            -0.721E+00             0.671E-04
            -0.713E+00             0.863E-04
            -0.704E+00             0.111E-03
            -0.695E+00             0.142E-03
            -0.686E+00             0.181E-03
            -0.678E+00             0.230E-03
            -0.669E+00             0.291E-03
            -0.660E+00             0.368E-03
            -0.651E+00             0.463E-03
            -0.643E+00             0.582E-03
            -0.634E+00             0.729E-03
            -0.625E+00             0.909E-03
            -0.616E+00             0.113E-02
            -0.608E+00             0.140E-02
            -0.599E+00             0.174E-02
            -0.590E+00             0.214E-02
            -0.582E+00             0.263E-02
            -0.573E+00             0.323E-02
            -0.564E+00             0.394E-02
            -0.555E+00             0.480E-02
            -0.547E+00             0.583E-02
            -0.538E+00             0.706E-02
            -0.529E+00             0.852E-02
            -0.520E+00             0.102E-01
            -0.512E+00             0.123E-01
            -0.503E+00             0.147E-01
            -0.494E+00             0.175E-01
            -0.485E+00             0.208E-01
            -0.477E+00             0.247E-01
            -0.468E+00             0.292E-01
            -0.459E+00             0.344E-01
            -0.450E+00             0.403E-01
            -0.442E+00             0.472E-01
            -0.433E+00             0.551E-01
            -0.424E+00             0.641E-01
            -0.415E+00             0.744E-01
            -0.407E+00             0.860E-01
            -0.398E+00             0.992E-01
            -0.389E+00             0.114E+00
            -0.380E+00             0.131E+00
            -0.372E+00             0.149E+00
            -0.363E+00             0.170E+00
            -0.354E+00             0.193E+00
            -0.345E+00             0.218E+00
            -0.337E+00             0.246E+00
            -0.328E+00             0.277E+00
            -0.319E+00             0.311E+00
            -0.310E+00             0.348E+00
            -0.302E+00             0.387E+00
            -0.293E+00             0.431E+00
            -0.284E+00             0.477E+00
            -0.275E+00             0.527E+00
            -0.267E+00             0.580E+00
            -0.258E+00             0.637E+00
            -0.249E+00             0.697E+00
            -0.240E+00             0.761E+00
            -0.232E+00             0.827E+00
            -0.223E+00             0.897E+00
            -0.214E+00             0.970E+00
            -0.205E+00             0.105E+01
            -0.197E+00             0.112E+01
            -0.188E+00             0.120E+01
            -0.179E+00             0.129E+01
            -0.171E+00             0.137E+01
            -0.162E+00             0.145E+01
            -0.153E+00             0.154E+01
            -0.144E+00             0.162E+01
            -0.136E+00             0.171E+01
            -0.127E+00             0.179E+01
            -0.118E+00             0.187E+01
            -0.109E+00             0.195E+01
            -0.101E+00             0.202E+01
            -0.918E-01             0.210E+01
            -0.831E-01             0.217E+01
            -0.743E-01             0.223E+01
            -0.656E-01             0.229E+01
            -0.568E-01             0.234E+01
            -0.481E-01             0.239E+01
            -0.394E-01             0.243E+01
            -0.306E-01             0.246E+01
            -0.219E-01             0.249E+01
            -0.131E-01             0.251E+01
            -0.437E-02             0.252E+01
             0.437E-02             0.252E+01
             0.131E-01             0.252E+01
             0.219E-01             0.251E+01
             0.306E-01             0.249E+01
             0.394E-01             0.246E+01
             0.481E-01             0.243E+01
             0.568E-01             0.239E+01
             0.656E-01             0.234E+01
             0.743E-01             0.229E+01
             0.831E-01             0.223E+01
             0.918E-01             0.217E+01
             0.101E+00             0.210E+01
             0.109E+00             0.202E+01
             0.118E+00             0.195E+01
             0.127E+00             0.187E+01
             0.136E+00             0.179E+01
             0.144E+00             0.171E+01
             0.153E+00             0.162E+01
             0.162E+00             0.154E+01
             0.171E+00             0.145E+01
             0.179E+00             0.137E+01
             0.188E+00             0.129E+01
             0.197E+00             0.120E+01
             0.205E+00             0.112E+01
             0.214E+00             0.105E+01
             0.223E+00             0.970E+00
             0.232E+00             0.897E+00
             0.240E+00             0.827E+00
             0.249E+00             0.761E+00
             0.258E+00             0.697E+00
             0.267E+00             0.637E+00
             0.275E+00             0.580E+00
             0.284E+00             0.527E+00
             0.293E+00             0.477E+00
             0.302E+00             0.431E+00
             0.310E+00             0.387E+00
             0.319E+00             0.348E+00
             0.328E+00             0.311E+00
             0.337E+00             0.277E+00
             0.345E+00             0.246E+00
             0.354E+00             0.218E+00
             0.363E+00             0.193E+00
             0.372E+00             0.170E+00
             0.380E+00             0.149E+00
             0.389E+00             0.131E+00
             0.398E+00             0.114E+00
             0.407E+00             0.992E-01
             0.415E+00             0.860E-01
             0.424E+00             0.744E-01
             0.433E+00             0.641E-01
             0.442E+00             0.551E-01
             0.450E+00             0.472E-01
             0.459E+00             0.403E-01
             0.468E+00             0.344E-01
             0.477E+00             0.292E-01
             0.485E+00             0.247E-01
             0.494E+00             0.208E-01
             0.503E+00             0.175E-01
             0.512E+00             0.147E-01
             0.520E+00             0.123E-01
             0.529E+00             0.102E-01
             0.538E+00             0.852E-02
             0.547E+00             0.706E-02
             0.555E+00             0.583E-02
             0.564E+00             0.480E-02
             0.573E+00             0.394E-02
             0.582E+00             0.323E-02
             0.590E+00             0.263E-02
             0.599E+00             0.214E-02
             0.608E+00             0.174E-02
             0.616E+00             0.140E-02
             0.625E+00             0.113E-02
             0.634E+00             0.909E-03
             0.643E+00             0.729E-03
             0.651E+00             0.582E-03
             0.660E+00             0.463E-03
             0.669E+00             0.368E-03
             0.678E+00             0.291E-03
             0.686E+00             0.230E-03
             0.695E+00             0.181E-03
             0.704E+00             0.142E-03
             0.713E+00             0.111E-03
             0.721E+00             0.863E-04
             0.730E+00             0.671E-04
             0.739E+00             0.520E-04
             0.748E+00             0.401E-04
             0.756E+00             0.309E-04
             0.765E+00             0.237E-04
             0.774E+00             0.182E-04
             0.783E+00             0.139E-04
             0.791E+00             0.105E-04
             0.800E+00             0.799E-05
             0.809E+00             0.604E-05
             0.818E+00             0.455E-05
             0.826E+00             0.342E-05
             0.835E+00             0.256E-05
             0.844E+00             0.191E-05
             0.853E+00             0.142E-05
             0.861E+00             0.106E-05
             0.870E+00             0.783E-06
             0.879E+00             0.577E-06
             0.888E+00             0.425E-06
             0.896E+00             0.311E-06
             0.905E+00             0.228E-06
             0.914E+00             0.166E-06
             0.923E+00             0.121E-06
             0.931E+00             0.873E-07
             0.940E+00             0.631E-07
             0.949E+00             0.454E-07
             0.958E+00             0.326E-07
             0.966E+00             0.233E-07
             0.975E+00             0.166E-07
             0.984E+00             0.118E-07
             0.993E+00             0.839E-08
             0.100E+01             0.593E-08
             0.101E+01             0.418E-08
             0.102E+01             0.294E-08
             0.103E+01             0.206E-08
             0.104E+01             0.144E-08
             0.104E+01             0.100E-08
             0.105E+01             0.695E-09
             0.106E+01             0.481E-09
             0.107E+01             0.332E-09
             0.108E+01             0.228E-09
             0.109E+01             0.156E-09
             0.110E+01             0.107E-09
             0.111E+01             0.729E-10
             0.111E+01             0.495E-10
             0.112E+01             0.335E-10
             0.113E+01             0.227E-10
             0.114E+01             0.153E-10
             0.115E+01             0.102E-10
             0.116E+01             0.685E-11
             0.117E+01             0.457E-11
             0.118E+01             0.304E-11
             0.118E+01             0.202E-11
             0.119E+01             0.133E-11
             0.120E+01             0.879E-12
             0.121E+01             0.577E-12
             0.122E+01             0.378E-12
             0.123E+01             0.247E-12
             0.124E+01             0.161E-12
             0.125E+01             0.104E-12
             0.125E+01             0.676E-13
             0.126E+01             0.436E-13
             0.127E+01             0.280E-13
             0.128E+01             0.180E-13
             0.129E+01             0.115E-13
             0.130E+01             0.733E-14
             0.131E+01             0.466E-14
             0.132E+01             0.295E-14
             0.132E+01             0.186E-14
             0.133E+01             0.117E-14
             0.134E+01             0.737E-15
             0.135E+01             0.461E-15
             0.136E+01             0.288E-15
             0.137E+01             0.179E-15
             0.138E+01             0.111E-15
             0.139E+01             0.687E-16
             0.139E+01             0.423E-16
             0.140E+01             0.260E-16
             0.141E+01             0.159E-16
             0.142E+01             0.974E-17
             0.143E+01             0.593E-17
             0.144E+01             0.360E-17
             0.145E+01             0.218E-17
             0.146E+01             0.132E-17
             0.146E+01             0.791E-18
             0.147E+01             0.475E-18
             0.148E+01             0.284E-18
             0.149E+01             0.169E-18
             0.150E+01             0.101E-18
             0.151E+01             0.596E-19
             0.152E+01             0.352E-19
             0.153E+01             0.208E-19
             0.153E+01             0.122E-19
             0.154E+01             0.713E-20
             0.155E+01             0.416E-20
             0.156E+01             0.242E-20
             0.157E+01             0.141E-20
             0.158E+01             0.812E-21
             0.159E+01             0.468E-21
             0.160E+01             0.269E-21
             0.160E+01             0.155E-21
             0.161E+01             0.885E-22
             0.162E+01             0.505E-22
             0.163E+01             0.286E-22
             0.164E+01             0.162E-22
             0.165E+01             0.908E-23
             0.166E+01             0.511E-23
             0.167E+01             0.285E-23
             0.167E+01             0.158E-23
             0.168E+01             0.880E-24
             0.169E+01             0.481E-24
             0.170E+01             0.262E-24
             0.171E+01             0.141E-24
             0.172E+01             0.790E-25
             0.173E+01             0.424E-25
             0.174E+01             0.217E-25
             0.174E+01             0.105E-25
             0.175E+01             0.533E-26
             0.176E+01             0.242E-26
             0.177E+01             0.634E-27
             0.178E+01             0.243E-27
             0.179E+01             0.179E-27
             0.180E+01             0.115E-27
             0.181E+01             0.173E-28
             0.181E+01             0.403E-29
             0.182E+01             0.292E-28
             0.183E+01             0.127E-28
             0.184E+01             0.627E-31
             0.185E+01             0.112E-34
             0.186E+01             0.597E-30
             0.187E+01             0.442E-29
             0.188E+01             0.847E-28
             0.188E+01             0.160E-27
             0.189E+01             0.797E-28
             0.190E+01             0.121E-27
             0.191E+01             0.224E-28
             0.192E+01             0.621E-29
             0.193E+01             0.960E-29
             0.194E+01             0.138E-28
             0.195E+01             0.310E-29
             0.195E+01             0.184E-28
             0.196E+01             0.431E-29
             0.197E+01             0.406E-28
             0.198E+01             0.288E-28
             0.199E+01             0.213E-28
             0.200E+01             0.588E-29
             0.201E+01             0.605E-30
             0.202E+01             0.108E-28
             0.202E+01             0.112E-28
             0.203E+01             0.961E-29
             0.204E+01             0.298E-28
             0.205E+01             0.472E-28
             0.206E+01             0.170E-28
             0.207E+01             0.263E-31
             0.208E+01             0.730E-29
             0.209E+01             0.157E-27
             0.209E+01             0.179E-28
             0.210E+01             0.149E-28
             0.211E+01             0.423E-29
             0.212E+01             0.131E-29
             0.213E+01             0.461E-30
             0.214E+01             0.562E-29
             0.215E+01             0.270E-28
             0.216E+01             0.262E-28
             0.216E+01             0.179E-32
             0.217E+01             0.575E-28
             0.218E+01             0.132E-27
             0.219E+01             0.124E-27
             0.220E+01             0.127E-27
             0.221E+01             0.758E-28
             0.222E+01             0.197E-28
             0.223E+01             0.380E-28
             0.223E+01             0.882E-30
             0.224E+01             0.524E-29
             0.225E+01             0.177E-29
             0.226E+01             0.182E-31
             0.227E+01             0.754E-29
             0.228E+01             0.184E-30
             0.229E+01             0.166E-28
             0.230E+01             0.650E-30
             0.230E+01             0.239E-28
             0.231E+01             0.534E-28
             0.232E+01             0.387E-28
             0.233E+01             0.200E-28
             0.234E+01             0.842E-29
             0.235E+01             0.938E-31
             0.236E+01             0.623E-31
             0.237E+01             0.281E-28
             0.237E+01             0.264E-29
             0.238E+01             0.357E-28
             0.239E+01             0.140E-28
             0.240E+01             0.111E-28
             0.241E+01             0.187E-30
             0.242E+01             0.368E-28
             0.243E+01             0.465E-28
             0.244E+01             0.717E-28
             0.244E+01             0.392E-28
             0.245E+01             0.339E-30
             0.246E+01             0.101E-28
             0.247E+01             0.662E-33
             0.248E+01             0.331E-29
             0.249E+01             0.458E-28
             0.250E+01             0.175E-28
             0.251E+01             0.269E-29
             0.251E+01             0.170E-29
             0.252E+01             0.306E-30
             0.253E+01             0.293E-31
             0.254E+01             0.239E-29
             0.255E+01             0.121E-28
             0.256E+01             0.234E-29
             0.257E+01             0.255E-29
             0.258E+01             0.294E-28
             0.258E+01             0.597E-29
             0.259E+01             0.122E-28
             0.260E+01             0.105E-28
             0.261E+01             0.813E-29
             0.262E+01             0.705E-30
             0.263E+01             0.131E-28
             0.264E+01             0.132E-28
             0.265E+01             0.128E-29
             0.265E+01             0.175E-28
             0.266E+01             0.596E-31
             0.267E+01             0.719E-29
             0.268E+01             0.162E-28
             0.269E+01             0.166E-28
             0.270E+01             0.124E-29
             0.271E+01             0.684E-29
             0.272E+01             0.228E-28
             0.272E+01             0.118E-28
             0.273E+01             0.300E-30
             0.274E+01             0.211E-28
             0.275E+01             0.276E-28
             0.276E+01             0.832E-30
             0.277E+01             0.725E-29
             0.278E+01             0.328E-29
             0.279E+01             0.318E-28
             0.279E+01             0.125E-29
             0.280E+01             0.984E-29
             0.281E+01             0.115E-29
             0.282E+01             0.118E-28
             0.283E+01             0.253E-28
             0.284E+01             0.100E-28
             0.285E+01             0.174E-29
             0.286E+01             0.161E-29
             0.286E+01             0.205E-28
             0.287E+01             0.682E-29
             0.288E+01             0.345E-30
             0.289E+01             0.946E-29
             0.290E+01             0.140E-28
             0.291E+01             0.180E-28
             0.292E+01             0.732E-30
             0.293E+01             0.216E-29
             0.293E+01             0.511E-29
             0.294E+01             0.340E-30
             0.295E+01             0.451E-30
             0.296E+01             0.315E-29
             0.297E+01             0.989E-30
             0.298E+01             0.931E-29
             0.299E+01             0.115E-28
             0.300E+01             0.283E-30
             0.300E+01             0.781E-31
             0.301E+01             0.273E-30
             0.302E+01             0.263E-28
             0.303E+01             0.110E-28
             0.304E+01             0.323E-29
             0.305E+01             0.680E-32
             0.306E+01             0.475E-29
             0.306E+01             0.764E-29
             0.307E+01             0.205E-28
             0.308E+01             0.108E-28
             0.309E+01             0.127E-29
             0.310E+01             0.179E-30
             0.311E+01             0.951E-30
             0.312E+01             0.198E-29
             0.313E+01             0.952E-29
             0.313E+01             0.878E-29
             0.314E+01             0.682E-29
             0.315E+01             0.149E-30
             0.316E+01             0.748E-30
             0.317E+01             0.224E-29
             0.318E+01             0.627E-29
             0.319E+01             0.229E-29
             0.320E+01             0.430E-29
             0.320E+01             0.399E-30
             0.321E+01             0.153E-29
             0.322E+01             0.932E-31
             0.323E+01             0.538E-30
             0.324E+01             0.149E-31
             0.325E+01             0.130E-30
             0.326E+01             0.329E-29
             0.327E+01             0.562E-32
             0.327E+01             0.497E-29
             0.328E+01             0.474E-29
             0.329E+01             0.130E-29
             0.330E+01             0.181E-28
             0.331E+01             0.110E-28
             0.332E+01             0.843E-29
             0.333E+01             0.803E-30
             0.334E+01             0.948E-31
             0.334E+01             0.101E-29
             0.335E+01             0.856E-29
             0.336E+01             0.152E-28
             0.337E+01             0.147E-29
             0.338E+01             0.125E-32
             0.339E+01             0.825E-29
             0.340E+01             0.560E-30
             0.341E+01             0.179E-28
             0.341E+01             0.264E-28
             0.342E+01             0.595E-29
             0.343E+01             0.231E-29
             0.344E+01             0.126E-29
             0.345E+01             0.330E-30
             0.346E+01             0.161E-28
             0.347E+01             0.564E-28
             0.348E+01             0.136E-28
             0.348E+01             0.453E-30
             0.349E+01             0.414E-29
             0.350E+01             0.148E-28
             0.351E+01             0.705E-31
             0.352E+01             0.616E-29
             0.353E+01             0.181E-30
             0.354E+01             0.369E-29
             0.355E+01             0.874E-29
             0.355E+01             0.698E-29
             0.356E+01             0.393E-30
             0.357E+01             0.837E-29
             0.358E+01             0.593E-29
             0.359E+01             0.592E-32
             0.360E+01             0.789E-30
             0.361E+01             0.300E-31
             0.362E+01             0.197E-29
             0.362E+01             0.653E-29
             0.363E+01             0.398E-29
             0.364E+01             0.220E-28
             0.365E+01             0.114E-28
             0.366E+01             0.823E-29
             0.367E+01             0.101E-29
             0.368E+01             0.117E-29
             0.369E+01             0.207E-29
             0.369E+01             0.422E-29
             0.370E+01             0.784E-30
             0.371E+01             0.299E-30
             0.372E+01             0.483E-29
             0.373E+01             0.185E-29
             0.374E+01             0.264E-28
             0.375E+01             0.169E-29
             0.376E+01             0.186E-29
             0.376E+01             0.719E-29
             0.377E+01             0.227E-28
             0.378E+01             0.157E-28
             0.379E+01             0.115E-28
             0.380E+01             0.242E-29
             0.381E+01             0.284E-32
             0.382E+01             0.378E-30
             0.383E+01             0.336E-30
             0.383E+01             0.148E-29
             0.384E+01             0.454E-29
             0.385E+01             0.496E-31
             0.386E+01             0.665E-29
             0.387E+01             0.971E-31
             0.388E+01             0.803E-30
             0.389E+01             0.936E-29
             0.390E+01             0.119E-29
             0.390E+01             0.483E-30
             0.391E+01             0.272E-30
             0.392E+01             0.514E-30
             0.393E+01             0.950E-32
             0.394E+01             0.666E-29
             0.395E+01             0.968E-30
             0.396E+01             0.202E-29
             0.397E+01             0.259E-30
             0.397E+01             0.339E-29
             0.398E+01             0.149E-29
             0.399E+01             0.402E-29
             0.400E+01             0.671E-29
             0.401E+01             0.857E-30
             0.402E+01             0.109E-29
             0.403E+01             0.223E-28
             0.404E+01             0.326E-29
             0.404E+01             0.644E-29
             0.405E+01             0.314E-29
             0.406E+01             0.165E-29
             0.407E+01             0.269E-29
             0.408E+01             0.239E-29
             0.409E+01             0.399E-29
             0.410E+01             0.201E-29
             0.411E+01             0.375E-29
             0.411E+01             0.271E-32
             0.412E+01             0.120E-28
             0.413E+01             0.919E-30
             0.414E+01             0.966E-29
             0.415E+01             0.375E-29
             0.416E+01             0.514E-30
             0.417E+01             0.115E-29
             0.418E+01             0.616E-30
             0.418E+01             0.824E-29
             0.419E+01             0.145E-29
             0.420E+01             0.139E-28
             0.421E+01             0.466E-31
             0.422E+01             0.527E-30
             0.423E+01             0.111E-30
             0.424E+01             0.207E-33
             0.425E+01             0.495E-32
             0.425E+01             0.641E-29
             0.426E+01             0.118E-28
             0.427E+01             0.477E-29
             0.428E+01             0.117E-28
             0.429E+01             0.265E-30
             0.430E+01             0.135E-29
             0.431E+01             0.893E-30
             0.432E+01             0.268E-30
             0.432E+01             0.886E-30
             0.433E+01             0.256E-29
             0.434E+01             0.413E-30
             0.435E+01             0.588E-29
             0.436E+01             0.114E-28
             0.437E+01             0.601E-29
             0.438E+01             0.714E-29
             0.439E+01             0.103E-28
             0.439E+01             0.509E-30
             0.440E+01             0.358E-30
             0.441E+01             0.522E-30
             0.442E+01             0.272E-29
             0.443E+01             0.141E-29
             0.444E+01             0.404E-30
             0.445E+01             0.388E-29
             0.446E+01             0.171E-29
             0.446E+01             0.139E-28
             0.447E+01             0.578E-29
             0.448E+01             0.106E-29
             0.449E+01             0.797E-29
             0.450E+01             0.371E-29
             0.451E+01             0.632E-29
             0.452E+01             0.346E-29
             0.453E+01             0.164E-30
             0.453E+01             0.745E-30
             0.454E+01             0.146E-29
             0.455E+01             0.286E-29
             0.456E+01             0.444E-30
             0.457E+01             0.483E-32
             0.458E+01             0.588E-29
             0.459E+01             0.116E-29
             0.460E+01             0.956E-30
             0.460E+01             0.109E-28
             0.461E+01             0.125E-29
             0.462E+01             0.453E-29
             0.463E+01             0.228E-29
             0.464E+01             0.226E-29
             0.465E+01             0.258E-32
             0.466E+01             0.212E-30
             0.467E+01             0.859E-29
             0.467E+01             0.577E-29
             0.468E+01             0.158E-30
             0.469E+01             0.361E-30
             0.470E+01             0.114E-28
             0.471E+01             0.517E-30
             0.472E+01             0.399E-30
             0.473E+01             0.534E-30
             0.474E+01             0.854E-30
             0.474E+01             0.429E-29
             0.475E+01             0.105E-29
             0.476E+01             0.243E-29
             0.477E+01             0.786E-32
             0.478E+01             0.257E-29
             0.479E+01             0.577E-30
             0.480E+01             0.897E-30
             0.481E+01             0.134E-30
             0.481E+01             0.142E-30
             0.482E+01             0.151E-29
             0.483E+01             0.278E-31
             0.484E+01             0.468E-29
             0.485E+01             0.124E-29
             0.486E+01             0.162E-30
             0.487E+01             0.148E-28
             0.488E+01             0.330E-36
             0.488E+01             0.107E-28
             0.489E+01             0.138E-28
             0.490E+01             0.171E-29
             0.491E+01             0.464E-29
             0.492E+01             0.145E-28
             0.493E+01             0.270E-30
             0.494E+01             0.210E-29
             0.495E+01             0.256E-29
             0.495E+01             0.721E-29
             0.496E+01             0.203E-29
             0.497E+01             0.183E-29
             0.498E+01             0.347E-29
             0.499E+01             0.363E-35
             0.500E+01             0.898E-29
             0.501E+01             0.105E-29
             0.501E+01             0.397E-29
             0.502E+01             0.172E-31
             0.503E+01             0.285E-30
             0.504E+01             0.718E-29
             0.505E+01             0.217E-32
             0.506E+01             0.320E-30
             0.507E+01             0.535E-30
             0.508E+01             0.166E-31
             0.508E+01             0.115E-28
             0.509E+01             0.205E-30
             0.510E+01             0.271E-29
             0.511E+01             0.159E-29
             0.512E+01             0.391E-31
             0.513E+01             0.262E-32
             0.514E+01             0.210E-30
             0.515E+01             0.622E-30
             0.515E+01             0.241E-29
             0.516E+01             0.532E-30
             0.517E+01             0.131E-29
             0.518E+01             0.193E-30
             0.519E+01             0.847E-30
             0.520E+01             0.166E-31
             0.521E+01             0.303E-29
             0.522E+01             0.861E-29
             0.522E+01             0.332E-29
             0.523E+01             0.475E-29
             0.524E+01             0.228E-30
             0.525E+01             0.163E-29
             0.526E+01             0.871E-30
             0.527E+01             0.874E-29
             0.528E+01             0.119E-29
             0.529E+01             0.345E-29
             0.529E+01             0.515E-30
             0.530E+01             0.226E-29
             0.531E+01             0.650E-29
             0.532E+01             0.507E-31
             0.533E+01             0.253E-30
             0.534E+01             0.632E-29
             0.535E+01             0.112E-30
             0.536E+01             0.568E-29
             0.536E+01             0.343E-29
             0.537E+01             0.273E-29
             0.538E+01             0.143E-29
             0.539E+01             0.190E-29
             0.540E+01             0.687E-31
             0.541E+01             0.215E-29
             0.542E+01             0.401E-29
             0.543E+01             0.104E-29
             0.543E+01             0.995E-30
             0.544E+01             0.108E-29
             0.545E+01             0.148E-28
             0.546E+01             0.443E-29
             0.547E+01             0.137E-29
             0.548E+01             0.163E-29
             0.549E+01             0.429E-29
             0.550E+01             0.400E-32
             0.550E+01             0.382E-30
             0.551E+01             0.160E-31
             0.552E+01             0.252E-29
             0.553E+01             0.447E-32
             0.554E+01             0.523E-31
             0.555E+01             0.218E-31
             0.556E+01             0.435E-30
             0.557E+01             0.857E-31
             0.557E+01             0.153E-28
             0.558E+01             0.152E-29
             0.559E+01             0.767E-31
             0.560E+01             0.188E-29
             0.561E+01             0.967E-32
             0.562E+01             0.277E-32
             0.563E+01             0.869E-31
             0.564E+01             0.280E-29
             0.564E+01             0.838E-30
             0.565E+01             0.868E-30
             0.566E+01             0.868E-29
             0.567E+01             0.322E-29
             0.568E+01             0.107E-30
             0.569E+01             0.919E-31
             0.570E+01             0.185E-30
             0.571E+01             0.685E-32
             0.571E+01             0.291E-30
             0.572E+01             0.623E-30
             0.573E+01             0.237E-29
             0.574E+01             0.384E-30
             0.575E+01             0.176E-28
             0.576E+01             0.183E-28
             0.577E+01             0.134E-30
             0.578E+01             0.607E-29
             0.578E+01             0.666E-30
             0.579E+01             0.102E-28
             0.580E+01             0.962E-31
             0.581E+01             0.238E-30
             0.582E+01             0.976E-31
             0.583E+01             0.127E-30
             0.584E+01             0.794E-30
             0.585E+01             0.589E-29
             0.585E+01             0.185E-29
             0.586E+01             0.415E-29
             0.587E+01             0.198E-29
             0.588E+01             0.189E-29
             0.589E+01             0.278E-30
             0.590E+01             0.518E-29
             0.591E+01             0.747E-30
             0.592E+01             0.284E-29
             0.592E+01             0.131E-29
             0.593E+01             0.105E-29
             0.594E+01             0.309E-30
             0.595E+01             0.189E-29
             0.596E+01             0.121E-29
             0.597E+01             0.248E-29
             0.598E+01             0.565E-30
             0.599E+01             0.585E-30
             0.599E+01             0.334E-30
             0.600E+01             0.871E-31
             0.601E+01             0.243E-29
             0.602E+01             0.219E-31
             0.603E+01             0.953E-33
             0.604E+01             0.781E-29
             0.605E+01             0.354E-29
             0.606E+01             0.222E-29
             0.606E+01             0.319E-31
             0.607E+01             0.160E-29
             0.608E+01             0.255E-29
             0.609E+01             0.240E-29
             0.610E+01             0.238E-29
             0.611E+01             0.353E-30
             0.612E+01             0.298E-30
             0.613E+01             0.777E-30
             0.613E+01             0.503E-29
             0.614E+01             0.900E-30
             0.615E+01             0.478E-29
             0.616E+01             0.623E-29
             0.617E+01             0.871E-30
             0.618E+01             0.116E-29
             0.619E+01             0.101E-29
             0.620E+01             0.460E-29
             0.620E+01             0.411E-30
             0.621E+01             0.804E-31
             0.622E+01             0.127E-28
             0.623E+01             0.106E-30
             0.624E+01             0.616E-30
             0.625E+01             0.580E-32
             0.626E+01             0.147E-29
             0.627E+01             0.426E-29
             0.627E+01             0.193E-31
             0.628E+01             0.653E-30
             0.629E+01             0.532E-30
             0.630E+01             0.588E-29
             0.631E+01             0.568E-32
             0.632E+01             0.590E-30
             0.633E+01             0.541E-29
             0.634E+01             0.541E-30
             0.634E+01             0.138E-29
             0.635E+01             0.361E-30
             0.636E+01             0.397E-29
             0.637E+01             0.171E-29
             0.638E+01             0.331E-29
             0.639E+01             0.844E-30
             0.640E+01             0.522E-29
             0.641E+01             0.452E-31
             0.641E+01             0.333E-29
             0.642E+01             0.247E-31
             0.643E+01             0.264E-29
             0.644E+01             0.325E-30
             0.645E+01             0.377E-31
             0.646E+01             0.956E-30
             0.647E+01             0.588E-29
             0.648E+01             0.940E-29
             0.648E+01             0.112E-29
             0.649E+01             0.294E-29
             0.650E+01             0.160E-29
             0.651E+01             0.927E-30
             0.652E+01             0.139E-29
             0.653E+01             0.899E-30
             0.654E+01             0.274E-29
             0.655E+01             0.861E-30
             0.655E+01             0.143E-28
             0.656E+01             0.417E-30
             0.657E+01             0.250E-29
             0.658E+01             0.661E-29
             0.659E+01             0.103E-28
             0.660E+01             0.236E-29
             0.661E+01             0.114E-29
             0.662E+01             0.171E-29
             0.662E+01             0.119E-30
             0.663E+01             0.167E-29
             0.664E+01             0.600E-30
             0.665E+01             0.494E-29
             0.666E+01             0.309E-29
             0.667E+01             0.180E-29
             0.668E+01             0.424E-29
             0.669E+01             0.500E-31
             0.669E+01             0.417E-31
             0.670E+01             0.424E-29
             0.671E+01             0.403E-30
             0.672E+01             0.737E-30
             0.673E+01             0.262E-29
             0.674E+01             0.247E-29
             0.675E+01             0.193E-30
             0.676E+01             0.973E-29
             0.676E+01             0.210E-30
             0.677E+01             0.151E-31
             0.678E+01             0.790E-29
             0.679E+01             0.106E-30
             0.680E+01             0.504E-30
             0.681E+01             0.471E-31
             0.682E+01             0.202E-28
             0.683E+01             0.196E-29
             0.683E+01             0.142E-29
             0.684E+01             0.703E-31
             0.685E+01             0.323E-30
             0.686E+01             0.218E-30
             0.687E+01             0.612E-31
             0.688E+01             0.152E-29
             0.689E+01             0.166E-30
             0.690E+01             0.639E-29
             0.690E+01             0.441E-29
             0.691E+01             0.445E-31
             0.692E+01             0.654E-29
             0.693E+01             0.722E-29
             0.694E+01             0.197E-29
             0.695E+01             0.100E-28
             0.696E+01             0.308E-31
             0.697E+01             0.153E-29
             0.697E+01             0.166E-29
             0.698E+01             0.686E-31
             0.699E+01             0.346E-30
             0.700E+01             0.900E-30
