            -0.399E+01             0.963E-64
            -0.399E+01             0.234E-62
            -0.398E+01             0.503E-61
            -0.398E+01             0.170E-62
            -0.397E+01             0.172E-61
            -0.397E+01             0.221E-61
            -0.396E+01             0.483E-62
            -0.396E+01             0.113E-62
            -0.395E+01             0.207E-63
            -0.395E+01             0.138E-61
            -0.394E+01             0.110E-62
            -0.393E+01             0.521E-62
            -0.393E+01             0.257E-62
            -0.392E+01             0.196E-61
            -0.392E+01             0.858E-62
            -0.391E+01             0.147E-62
            -0.391E+01             0.113E-63
            -0.390E+01             0.195E-62
            -0.390E+01             0.134E-62
            -0.389E+01             0.238E-64
            -0.389E+01             0.672E-63
            -0.388E+01             0.809E-62
            -0.387E+01             0.104E-62
            -0.387E+01             0.614E-63
            -0.386E+01             0.443E-67
            -0.386E+01             0.492E-61
            -0.385E+01             0.638E-62
            -0.385E+01             0.361E-63
            -0.384E+01             0.865E-62
            -0.384E+01             0.631E-64
            -0.383E+01             0.169E-62
            -0.382E+01             0.153E-63
            -0.382E+01             0.433E-61
            -0.381E+01             0.160E-61
            -0.381E+01             0.109E-63
            -0.380E+01             0.145E-62
            -0.380E+01             0.924E-61
            -0.379E+01             0.195E-63
            -0.379E+01             0.155E-61
            -0.378E+01             0.379E-61
            -0.378E+01             0.451E-62
            -0.377E+01             0.374E-62
            -0.376E+01             0.613E-61
            -0.376E+01             0.156E-61
            -0.375E+01             0.112E-61
            -0.375E+01             0.460E-63
            -0.374E+01             0.465E-62
            -0.374E+01             0.195E-62
            -0.373E+01             0.165E-61
            -0.373E+01             0.779E-62
            -0.372E+01             0.145E-62
            -0.372E+01             0.506E-63
            -0.371E+01             0.787E-62
            -0.370E+01             0.196E-61
            -0.370E+01             0.431E-63
            -0.369E+01             0.486E-61
            -0.369E+01             0.308E-61
            -0.368E+01             0.992E-64
            -0.368E+01             0.108E-61
            -0.367E+01             0.819E-63
            -0.367E+01             0.322E-62
            -0.366E+01             0.102E-61
            -0.366E+01             0.220E-64
            -0.365E+01             0.312E-61
            -0.364E+01             0.173E-62
            -0.364E+01             0.791E-62
            -0.363E+01             0.634E-63
            -0.363E+01             0.432E-63
            -0.362E+01             0.692E-62
            -0.362E+01             0.139E-61
            -0.361E+01             0.101E-62
            -0.361E+01             0.916E-62
            -0.360E+01             0.243E-63
            -0.359E+01             0.751E-61
            -0.359E+01             0.235E-61
            -0.358E+01             0.559E-63
            -0.358E+01             0.635E-62
            -0.357E+01             0.105E-60
            -0.357E+01             0.247E-63
            -0.356E+01             0.439E-62
            -0.356E+01             0.453E-62
            -0.355E+01             0.158E-61
            -0.355E+01             0.216E-61
            -0.354E+01             0.194E-61
            -0.353E+01             0.403E-64
            -0.353E+01             0.164E-61
            -0.352E+01             0.750E-66
            -0.352E+01             0.174E-63
            -0.351E+01             0.517E-63
            -0.351E+01             0.121E-62
            -0.350E+01             0.181E-61
            -0.350E+01             0.162E-60
            -0.349E+01             0.156E-61
            -0.349E+01             0.253E-61
            -0.348E+01             0.240E-62
            -0.347E+01             0.866E-68
            -0.347E+01             0.605E-62
            -0.346E+01             0.163E-61
            -0.346E+01             0.159E-62
            -0.345E+01             0.219E-61
            -0.345E+01             0.835E-62
            -0.344E+01             0.397E-62
            -0.344E+01             0.908E-62
            -0.343E+01             0.561E-62
            -0.343E+01             0.826E-61
            -0.342E+01             0.111E-66
            -0.341E+01             0.233E-61
            -0.341E+01             0.383E-62
            -0.340E+01             0.166E-61
            -0.340E+01             0.212E-62
            -0.339E+01             0.306E-65
            -0.339E+01             0.333E-61
            -0.338E+01             0.573E-61
            -0.338E+01             0.125E-62
            -0.337E+01             0.838E-62
            -0.336E+01             0.404E-61
            -0.336E+01             0.597E-61
            -0.335E+01             0.159E-62
            -0.335E+01             0.107E-63
            -0.334E+01             0.584E-62
            -0.334E+01             0.243E-61
            -0.333E+01             0.274E-63
            -0.333E+01             0.684E-62
            -0.332E+01             0.301E-61
            -0.332E+01             0.597E-63
            -0.331E+01             0.159E-61
            -0.330E+01             0.142E-62
            -0.330E+01             0.232E-61
            -0.329E+01             0.616E-61
            -0.329E+01             0.105E-60
            -0.328E+01             0.183E-65
            -0.328E+01             0.155E-63
            -0.327E+01             0.108E-63
            -0.327E+01             0.288E-62
            -0.326E+01             0.735E-62
            -0.326E+01             0.118E-62
            -0.325E+01             0.139E-61
            -0.324E+01             0.793E-62
            -0.324E+01             0.274E-62
            -0.323E+01             0.661E-61
            -0.323E+01             0.246E-61
            -0.322E+01             0.942E-62
            -0.322E+01             0.259E-62
            -0.321E+01             0.424E-61
            -0.321E+01             0.229E-61
            -0.320E+01             0.172E-63
            -0.320E+01             0.727E-62
            -0.319E+01             0.117E-61
            -0.318E+01             0.358E-62
            -0.318E+01             0.353E-62
            -0.317E+01             0.719E-69
            -0.317E+01             0.227E-61
            -0.316E+01             0.556E-64
            -0.316E+01             0.111E-60
            -0.315E+01             0.287E-61
            -0.315E+01             0.823E-64
            -0.314E+01             0.211E-61
            -0.313E+01             0.387E-63
            -0.313E+01             0.193E-62
            -0.312E+01             0.227E-61
            -0.312E+01             0.701E-62
            -0.311E+01             0.379E-61
            -0.311E+01             0.635E-62
            -0.310E+01             0.164E-61
            -0.310E+01             0.230E-62
            -0.309E+01             0.794E-63
            -0.309E+01             0.143E-62
            -0.308E+01             0.144E-61
            -0.307E+01             0.220E-63
            -0.307E+01             0.106E-62
            -0.306E+01             0.139E-62
            -0.306E+01             0.123E-62
            -0.305E+01             0.235E-61
            -0.305E+01             0.743E-64
            -0.304E+01             0.525E-63
            -0.304E+01             0.281E-61
            -0.303E+01             0.837E-63
            -0.303E+01             0.970E-62
            -0.302E+01             0.348E-63
            -0.301E+01             0.599E-61
            -0.301E+01             0.183E-61
            -0.300E+01             0.225E-61
            -0.300E+01             0.331E-61
            -0.299E+01             0.395E-62
            -0.299E+01             0.105E-61
            -0.298E+01             0.148E-62
            -0.298E+01             0.799E-65
            -0.297E+01             0.136E-61
            -0.297E+01             0.100E-61
            -0.296E+01             0.139E-61
            -0.295E+01             0.350E-62
            -0.295E+01             0.102E-61
            -0.294E+01             0.239E-62
            -0.294E+01             0.142E-63
            -0.293E+01             0.133E-60
            -0.293E+01             0.168E-60
            -0.292E+01             0.414E-62
            -0.292E+01             0.393E-62
            -0.291E+01             0.195E-64
            -0.290E+01             0.128E-62
            -0.290E+01             0.275E-63
            -0.289E+01             0.183E-63
            -0.289E+01             0.610E-62
            -0.288E+01             0.554E-62
            -0.288E+01             0.459E-62
            -0.287E+01             0.387E-61
            -0.287E+01             0.656E-62
            -0.286E+01             0.822E-66
            -0.286E+01             0.533E-62
            -0.285E+01             0.381E-63
            -0.284E+01             0.171E-61
            -0.284E+01             0.531E-63
            -0.283E+01             0.519E-61
            -0.283E+01             0.436E-62
            -0.282E+01             0.350E-63
            -0.282E+01             0.118E-61
            -0.281E+01             0.283E-62
            -0.281E+01             0.654E-63
            -0.280E+01             0.379E-61
            -0.280E+01             0.262E-63
            -0.279E+01             0.531E-61
            -0.278E+01             0.464E-62
            -0.278E+01             0.382E-62
            -0.277E+01             0.953E-62
            -0.277E+01             0.257E-61
            -0.276E+01             0.987E-61
            -0.276E+01             0.156E-60
            -0.275E+01             0.159E-60
            -0.275E+01             0.358E-60
            -0.274E+01             0.667E-60
            -0.274E+01             0.851E-60
            -0.273E+01             0.115E-59
            -0.272E+01             0.357E-59
            -0.272E+01             0.771E-59
            -0.271E+01             0.125E-58
            -0.271E+01             0.201E-58
            -0.270E+01             0.373E-58
            -0.270E+01             0.696E-58
            -0.269E+01             0.128E-57
            -0.269E+01             0.219E-57
            -0.268E+01             0.382E-57
            -0.267E+01             0.680E-57
            -0.267E+01             0.122E-56
            -0.266E+01             0.213E-56
            -0.266E+01             0.378E-56
            -0.265E+01             0.677E-56
            -0.265E+01             0.119E-55
            -0.264E+01             0.212E-55
            -0.264E+01             0.372E-55
            -0.263E+01             0.657E-55
            -0.263E+01             0.116E-54
            -0.262E+01             0.204E-54
            -0.261E+01             0.359E-54
            -0.261E+01             0.630E-54
            -0.260E+01             0.110E-53
            -0.260E+01             0.193E-53
            -0.259E+01             0.338E-53
            -0.259E+01             0.590E-53
            -0.258E+01             0.103E-52
            -0.258E+01             0.179E-52
            -0.257E+01             0.312E-52
            -0.257E+01             0.543E-52
            -0.256E+01             0.942E-52
            -0.255E+01             0.163E-51
            -0.255E+01             0.283E-51
            -0.254E+01             0.489E-51
            -0.254E+01             0.846E-51
            -0.253E+01             0.146E-50
            -0.253E+01             0.251E-50
            -0.252E+01             0.433E-50
            -0.252E+01             0.744E-50
            -0.251E+01             0.128E-49
            -0.251E+01             0.219E-49
            -0.250E+01             0.376E-49
            -0.249E+01             0.643E-49
            -0.249E+01             0.110E-48
            -0.248E+01             0.188E-48
            -0.248E+01             0.320E-48
            -0.247E+01             0.544E-48
            -0.247E+01             0.926E-48
            -0.246E+01             0.157E-47
            -0.246E+01             0.267E-47
            -0.245E+01             0.452E-47
            -0.244E+01             0.765E-47
            -0.244E+01             0.129E-46
            -0.243E+01             0.219E-46
            -0.243E+01             0.369E-46
            -0.242E+01             0.621E-46
            -0.242E+01             0.104E-45
            -0.241E+01             0.175E-45
            -0.241E+01             0.295E-45
            -0.240E+01             0.494E-45
            -0.240E+01             0.827E-45
            -0.239E+01             0.138E-44
            -0.238E+01             0.231E-44
            -0.238E+01             0.385E-44
            -0.237E+01             0.642E-44
            -0.237E+01             0.107E-43
            -0.236E+01             0.178E-43
            -0.236E+01             0.295E-43
            -0.235E+01             0.489E-43
            -0.235E+01             0.809E-43
            -0.234E+01             0.134E-42
            -0.234E+01             0.221E-42
            -0.233E+01             0.365E-42
            -0.232E+01             0.601E-42
            -0.232E+01             0.990E-42
            -0.231E+01             0.163E-41
            -0.231E+01             0.267E-41
            -0.230E+01             0.438E-41
            -0.230E+01             0.718E-41
            -0.229E+01             0.117E-40
            -0.229E+01             0.192E-40
            -0.228E+01             0.313E-40
            -0.228E+01             0.511E-40
            -0.227E+01             0.832E-40
            -0.226E+01             0.135E-39
            -0.226E+01             0.220E-39
            -0.225E+01             0.356E-39
            -0.225E+01             0.578E-39
            -0.224E+01             0.935E-39
            -0.224E+01             0.151E-38
            -0.223E+01             0.244E-38
            -0.223E+01             0.393E-38
            -0.222E+01             0.634E-38
            -0.221E+01             0.102E-37
            -0.221E+01             0.164E-37
            -0.220E+01             0.263E-37
            -0.220E+01             0.421E-37
            -0.219E+01             0.674E-37
            -0.219E+01             0.108E-36
            -0.218E+01             0.172E-36
            -0.218E+01             0.274E-36
            -0.217E+01             0.437E-36
            -0.217E+01             0.696E-36
            -0.216E+01             0.111E-35
            -0.215E+01             0.175E-35
            -0.215E+01             0.278E-35
            -0.214E+01             0.440E-35
            -0.214E+01             0.697E-35
            -0.213E+01             0.110E-34
            -0.213E+01             0.174E-34
            -0.212E+01             0.273E-34
            -0.212E+01             0.430E-34
            -0.211E+01             0.676E-34
            -0.211E+01             0.106E-33
            -0.210E+01             0.167E-33
            -0.209E+01             0.261E-33
            -0.209E+01             0.408E-33
            -0.208E+01             0.637E-33
            -0.208E+01             0.994E-33
            -0.207E+01             0.155E-32
            -0.207E+01             0.241E-32
            -0.206E+01             0.375E-32
            -0.206E+01             0.582E-32
            -0.205E+01             0.903E-32
            -0.205E+01             0.140E-31
            -0.204E+01             0.216E-31
            -0.203E+01             0.334E-31
            -0.203E+01             0.516E-31
            -0.202E+01             0.795E-31
            -0.202E+01             0.122E-30
            -0.201E+01             0.188E-30
            -0.201E+01             0.289E-30
            -0.200E+01             0.444E-30
            -0.200E+01             0.679E-30
            -0.199E+01             0.104E-29
            -0.198E+01             0.159E-29
            -0.198E+01             0.243E-29
            -0.197E+01             0.370E-29
            -0.197E+01             0.563E-29
            -0.196E+01             0.856E-29
            -0.196E+01             0.130E-28
            -0.195E+01             0.197E-28
            -0.195E+01             0.299E-28
            -0.194E+01             0.452E-28
            -0.194E+01             0.684E-28
            -0.193E+01             0.103E-27
            -0.192E+01             0.156E-27
            -0.192E+01             0.234E-27
            -0.191E+01             0.353E-27
            -0.191E+01             0.530E-27
            -0.190E+01             0.795E-27
            -0.190E+01             0.119E-26
            -0.189E+01             0.178E-26
            -0.189E+01             0.267E-26
            -0.188E+01             0.398E-26
            -0.188E+01             0.593E-26
            -0.187E+01             0.884E-26
            -0.186E+01             0.131E-25
            -0.186E+01             0.195E-25
            -0.185E+01             0.290E-25
            -0.185E+01             0.430E-25
            -0.184E+01             0.636E-25
            -0.184E+01             0.940E-25
            -0.183E+01             0.139E-24
            -0.183E+01             0.205E-24
            -0.182E+01             0.302E-24
            -0.182E+01             0.444E-24
            -0.181E+01             0.652E-24
            -0.180E+01             0.957E-24
            -0.180E+01             0.140E-23
            -0.179E+01             0.205E-23
            -0.179E+01             0.300E-23
            -0.178E+01             0.439E-23
            -0.178E+01             0.640E-23
            -0.177E+01             0.932E-23
            -0.177E+01             0.136E-22
            -0.176E+01             0.197E-22
            -0.175E+01             0.286E-22
            -0.175E+01             0.415E-22
            -0.174E+01             0.600E-22
            -0.174E+01             0.868E-22
            -0.173E+01             0.125E-21
            -0.173E+01             0.181E-21
            -0.172E+01             0.261E-21
            -0.172E+01             0.375E-21
            -0.171E+01             0.539E-21
            -0.171E+01             0.774E-21
            -0.170E+01             0.111E-20
            -0.169E+01             0.159E-20
            -0.169E+01             0.227E-20
            -0.168E+01             0.324E-20
            -0.168E+01             0.463E-20
            -0.167E+01             0.659E-20
            -0.167E+01             0.938E-20
            -0.166E+01             0.133E-19
            -0.166E+01             0.189E-19
            -0.165E+01             0.268E-19
            -0.165E+01             0.380E-19
            -0.164E+01             0.537E-19
            -0.163E+01             0.759E-19
            -0.163E+01             0.107E-18
            -0.162E+01             0.151E-18
            -0.162E+01             0.212E-18
            -0.161E+01             0.298E-18
            -0.161E+01             0.419E-18
            -0.160E+01             0.587E-18
            -0.160E+01             0.822E-18
            -0.159E+01             0.115E-17
            -0.159E+01             0.161E-17
            -0.158E+01             0.224E-17
            -0.157E+01             0.312E-17
            -0.157E+01             0.434E-17
            -0.156E+01             0.604E-17
            -0.156E+01             0.838E-17
            -0.155E+01             0.116E-16
            -0.155E+01             0.161E-16
            -0.154E+01             0.222E-16
            -0.154E+01             0.307E-16
            -0.153E+01             0.424E-16
            -0.152E+01             0.584E-16
            -0.152E+01             0.803E-16
            -0.151E+01             0.110E-15
            -0.151E+01             0.152E-15
            -0.150E+01             0.208E-15
            -0.150E+01             0.284E-15
            -0.149E+01             0.389E-15
            -0.149E+01             0.531E-15
            -0.148E+01             0.725E-15
            -0.148E+01             0.987E-15
            -0.147E+01             0.134E-14
            -0.146E+01             0.183E-14
            -0.146E+01             0.248E-14
            -0.145E+01             0.336E-14
            -0.145E+01             0.455E-14
            -0.144E+01             0.615E-14
            -0.144E+01             0.830E-14
            -0.143E+01             0.112E-13
            -0.143E+01             0.151E-13
            -0.142E+01             0.203E-13
            -0.142E+01             0.273E-13
            -0.141E+01             0.366E-13
            -0.140E+01             0.490E-13
            -0.140E+01             0.656E-13
            -0.139E+01             0.877E-13
            -0.139E+01             0.117E-12
            -0.138E+01             0.156E-12
            -0.138E+01             0.208E-12
            -0.137E+01             0.277E-12
            -0.137E+01             0.368E-12
            -0.136E+01             0.488E-12
            -0.136E+01             0.646E-12
            -0.135E+01             0.856E-12
            -0.134E+01             0.113E-11
            -0.134E+01             0.149E-11
            -0.133E+01             0.197E-11
            -0.133E+01             0.259E-11
            -0.132E+01             0.341E-11
            -0.132E+01             0.448E-11
            -0.131E+01             0.587E-11
            -0.131E+01             0.769E-11
            -0.130E+01             0.101E-10
            -0.130E+01             0.132E-10
            -0.129E+01             0.172E-10
            -0.128E+01             0.224E-10
            -0.128E+01             0.291E-10
            -0.127E+01             0.379E-10
            -0.127E+01             0.492E-10
            -0.126E+01             0.638E-10
            -0.126E+01             0.826E-10
            -0.125E+01             0.107E-09
            -0.125E+01             0.138E-09
            -0.124E+01             0.178E-09
            -0.123E+01             0.230E-09
            -0.123E+01             0.295E-09
            -0.122E+01             0.380E-09
            -0.122E+01             0.487E-09
            -0.121E+01             0.625E-09
            -0.121E+01             0.800E-09
            -0.120E+01             0.102E-08
            -0.120E+01             0.131E-08
            -0.119E+01             0.167E-08
            -0.119E+01             0.212E-08
            -0.118E+01             0.270E-08
            -0.117E+01             0.343E-08
            -0.117E+01             0.435E-08
            -0.116E+01             0.552E-08
            -0.116E+01             0.698E-08
            -0.115E+01             0.883E-08
            -0.115E+01             0.111E-07
            -0.114E+01             0.141E-07
            -0.114E+01             0.177E-07
            -0.113E+01             0.222E-07
            -0.113E+01             0.279E-07
            -0.112E+01             0.350E-07
            -0.111E+01             0.439E-07
            -0.111E+01             0.549E-07
            -0.110E+01             0.686E-07
            -0.110E+01             0.856E-07
            -0.109E+01             0.107E-06
            -0.109E+01             0.133E-06
            -0.108E+01             0.165E-06
            -0.108E+01             0.205E-06
            -0.107E+01             0.254E-06
            -0.107E+01             0.314E-06
            -0.106E+01             0.388E-06
            -0.105E+01             0.480E-06
            -0.105E+01             0.591E-06
            -0.104E+01             0.728E-06
            -0.104E+01             0.896E-06
            -0.103E+01             0.110E-05
            -0.103E+01             0.135E-05
            -0.102E+01             0.165E-05
            -0.102E+01             0.202E-05
            -0.101E+01             0.247E-05
            -0.100E+01             0.302E-05
            -0.999E+00             0.367E-05
            -0.994E+00             0.447E-05
            -0.988E+00             0.543E-05
            -0.983E+00             0.660E-05
            -0.977E+00             0.800E-05
            -0.972E+00             0.968E-05
            -0.966E+00             0.117E-04
            -0.961E+00             0.141E-04
            -0.956E+00             0.170E-04
            -0.950E+00             0.205E-04
            -0.945E+00             0.247E-04
            -0.939E+00             0.296E-04
            -0.934E+00             0.355E-04
            -0.928E+00             0.425E-04
            -0.923E+00             0.508E-04
            -0.917E+00             0.607E-04
            -0.912E+00             0.724E-04
            -0.906E+00             0.863E-04
            -0.901E+00             0.103E-03
            -0.895E+00             0.122E-03
            -0.890E+00             0.145E-03
            -0.884E+00             0.171E-03
            -0.879E+00             0.203E-03
            -0.873E+00             0.239E-03
            -0.868E+00             0.283E-03
            -0.862E+00             0.333E-03
            -0.857E+00             0.392E-03
            -0.851E+00             0.460E-03
            -0.846E+00             0.540E-03
            -0.841E+00             0.633E-03
            -0.835E+00             0.740E-03
            -0.830E+00             0.865E-03
            -0.824E+00             0.101E-02
            -0.819E+00             0.118E-02
            -0.813E+00             0.137E-02
            -0.808E+00             0.159E-02
            -0.802E+00             0.184E-02
            -0.797E+00             0.214E-02
            -0.791E+00             0.247E-02
            -0.786E+00             0.286E-02
            -0.780E+00             0.330E-02
            -0.775E+00             0.380E-02
            -0.769E+00             0.437E-02
            -0.764E+00             0.502E-02
            -0.758E+00             0.576E-02
            -0.753E+00             0.660E-02
            -0.747E+00             0.755E-02
            -0.742E+00             0.862E-02
            -0.736E+00             0.983E-02
            -0.731E+00             0.112E-01
            -0.726E+00             0.127E-01
            -0.720E+00             0.145E-01
            -0.715E+00             0.164E-01
            -0.709E+00             0.186E-01
            -0.704E+00             0.210E-01
            -0.698E+00             0.237E-01
            -0.693E+00             0.267E-01
            -0.687E+00             0.301E-01
            -0.682E+00             0.338E-01
            -0.676E+00             0.380E-01
            -0.671E+00             0.425E-01
            -0.665E+00             0.476E-01
            -0.660E+00             0.532E-01
            -0.654E+00             0.593E-01
            -0.649E+00             0.661E-01
            -0.643E+00             0.735E-01
            -0.638E+00             0.816E-01
            -0.632E+00             0.904E-01
            -0.627E+00             0.100E+00
            -0.621E+00             0.111E+00
            -0.616E+00             0.122E+00
            -0.611E+00             0.135E+00
            -0.605E+00             0.148E+00
            -0.600E+00             0.162E+00
            -0.594E+00             0.178E+00
            -0.589E+00             0.195E+00
            -0.583E+00             0.213E+00
            -0.578E+00             0.233E+00
            -0.572E+00             0.253E+00
            -0.567E+00             0.276E+00
            -0.561E+00             0.299E+00
            -0.556E+00             0.324E+00
            -0.550E+00             0.351E+00
            -0.545E+00             0.379E+00
            -0.539E+00             0.409E+00
            -0.534E+00             0.440E+00
            -0.528E+00             0.473E+00
            -0.523E+00             0.507E+00
            -0.517E+00             0.543E+00
            -0.512E+00             0.581E+00
            -0.507E+00             0.619E+00
            -0.501E+00             0.660E+00
            -0.496E+00             0.701E+00
            -0.490E+00             0.744E+00
            -0.485E+00             0.788E+00
            -0.479E+00             0.833E+00
            -0.474E+00             0.879E+00
            -0.468E+00             0.926E+00
            -0.463E+00             0.973E+00
            -0.457E+00             0.102E+01
            -0.452E+00             0.107E+01
            -0.446E+00             0.112E+01
            -0.441E+00             0.116E+01
            -0.435E+00             0.121E+01
            -0.430E+00             0.126E+01
            -0.424E+00             0.130E+01
            -0.419E+00             0.135E+01
            -0.413E+00             0.139E+01
            -0.408E+00             0.143E+01
            -0.402E+00             0.147E+01
            -0.397E+00             0.150E+01
            -0.392E+00             0.153E+01
            -0.386E+00             0.156E+01
            -0.381E+00             0.159E+01
            -0.375E+00             0.161E+01
            -0.370E+00             0.163E+01
            -0.364E+00             0.164E+01
            -0.359E+00             0.165E+01
            -0.353E+00             0.166E+01
            -0.348E+00             0.166E+01
            -0.342E+00             0.165E+01
            -0.337E+00             0.164E+01
            -0.331E+00             0.162E+01
            -0.326E+00             0.160E+01
            -0.320E+00             0.158E+01
            -0.315E+00             0.155E+01
            -0.309E+00             0.151E+01
            -0.304E+00             0.147E+01
            -0.298E+00             0.142E+01
            -0.293E+00             0.137E+01
            -0.287E+00             0.131E+01
            -0.282E+00             0.125E+01
            -0.277E+00             0.119E+01
            -0.271E+00             0.113E+01
            -0.266E+00             0.106E+01
            -0.260E+00             0.986E+00
            -0.255E+00             0.913E+00
            -0.249E+00             0.839E+00
            -0.244E+00             0.765E+00
            -0.238E+00             0.691E+00
            -0.233E+00             0.617E+00
            -0.227E+00             0.545E+00
            -0.222E+00             0.476E+00
            -0.216E+00             0.408E+00
            -0.211E+00             0.344E+00
            -0.205E+00             0.284E+00
            -0.200E+00             0.229E+00
            -0.194E+00             0.178E+00
            -0.189E+00             0.133E+00
            -0.183E+00             0.943E-01
            -0.178E+00             0.616E-01
            -0.172E+00             0.356E-01
            -0.167E+00             0.165E-01
            -0.162E+00             0.466E-02
            -0.156E+00             0.589E-04
            -0.151E+00             0.280E-02
            -0.145E+00             0.128E-01
            -0.140E+00             0.301E-01
            -0.134E+00             0.543E-01
            -0.129E+00             0.853E-01
            -0.123E+00             0.123E+00
            -0.118E+00             0.166E+00
            -0.112E+00             0.215E+00
            -0.107E+00             0.269E+00
            -0.101E+00             0.327E+00
            -0.958E-01             0.388E+00
            -0.903E-01             0.453E+00
            -0.849E-01             0.520E+00
            -0.794E-01             0.588E+00
            -0.739E-01             0.656E+00
            -0.684E-01             0.725E+00
            -0.630E-01             0.792E+00
            -0.575E-01             0.858E+00
            -0.520E-01             0.920E+00
            -0.465E-01             0.980E+00
            -0.411E-01             0.104E+01
            -0.356E-01             0.109E+01
            -0.301E-01             0.113E+01
            -0.246E-01             0.117E+01
            -0.192E-01             0.120E+01
            -0.137E-01             0.123E+01
            -0.821E-02             0.125E+01
            -0.274E-02             0.126E+01
             0.274E-02             0.126E+01
             0.821E-02             0.126E+01
             0.137E-01             0.125E+01
             0.192E-01             0.123E+01
             0.246E-01             0.120E+01
             0.301E-01             0.117E+01
             0.356E-01             0.113E+01
             0.411E-01             0.109E+01
             0.465E-01             0.104E+01
             0.520E-01             0.980E+00
             0.575E-01             0.920E+00
             0.630E-01             0.858E+00
             0.684E-01             0.792E+00
             0.739E-01             0.725E+00
             0.794E-01             0.656E+00
             0.849E-01             0.588E+00
             0.903E-01             0.520E+00
             0.958E-01             0.453E+00
             0.101E+00             0.388E+00
             0.107E+00             0.327E+00
             0.112E+00             0.269E+00
             0.118E+00             0.215E+00
             0.123E+00             0.166E+00
             0.129E+00             0.123E+00
             0.134E+00             0.853E-01
             0.140E+00             0.543E-01
             0.145E+00             0.301E-01
             0.151E+00             0.128E-01
             0.156E+00             0.280E-02
             0.162E+00             0.589E-04
             0.167E+00             0.466E-02
             0.172E+00             0.165E-01
             0.178E+00             0.356E-01
             0.183E+00             0.616E-01
             0.189E+00             0.943E-01
             0.194E+00             0.133E+00
             0.200E+00             0.178E+00
             0.205E+00             0.229E+00
             0.211E+00             0.284E+00
             0.216E+00             0.344E+00
             0.222E+00             0.408E+00
             0.227E+00             0.476E+00
             0.233E+00             0.545E+00
             0.238E+00             0.617E+00
             0.244E+00             0.691E+00
             0.249E+00             0.765E+00
             0.255E+00             0.839E+00
             0.260E+00             0.913E+00
             0.266E+00             0.986E+00
             0.271E+00             0.106E+01
             0.277E+00             0.113E+01
             0.282E+00             0.119E+01
             0.287E+00             0.125E+01
             0.293E+00             0.131E+01
             0.298E+00             0.137E+01
             0.304E+00             0.142E+01
             0.309E+00             0.147E+01
             0.315E+00             0.151E+01
             0.320E+00             0.155E+01
             0.326E+00             0.158E+01
             0.331E+00             0.160E+01
             0.337E+00             0.162E+01
             0.342E+00             0.164E+01
             0.348E+00             0.165E+01
             0.353E+00             0.166E+01
             0.359E+00             0.166E+01
             0.364E+00             0.165E+01
             0.370E+00             0.164E+01
             0.375E+00             0.163E+01
             0.381E+00             0.161E+01
             0.386E+00             0.159E+01
             0.392E+00             0.156E+01
             0.397E+00             0.153E+01
             0.402E+00             0.150E+01
             0.408E+00             0.147E+01
             0.413E+00             0.143E+01
             0.419E+00             0.139E+01
             0.424E+00             0.135E+01
             0.430E+00             0.130E+01
             0.435E+00             0.126E+01
             0.441E+00             0.121E+01
             0.446E+00             0.116E+01
             0.452E+00             0.112E+01
             0.457E+00             0.107E+01
             0.463E+00             0.102E+01
             0.468E+00             0.973E+00
             0.474E+00             0.926E+00
             0.479E+00             0.879E+00
             0.485E+00             0.833E+00
             0.490E+00             0.788E+00
             0.496E+00             0.744E+00
             0.501E+00             0.701E+00
             0.507E+00             0.660E+00
             0.512E+00             0.619E+00
             0.517E+00             0.581E+00
             0.523E+00             0.543E+00
             0.528E+00             0.507E+00
             0.534E+00             0.473E+00
             0.539E+00             0.440E+00
             0.545E+00             0.409E+00
             0.550E+00             0.379E+00
             0.556E+00             0.351E+00
             0.561E+00             0.324E+00
             0.567E+00             0.299E+00
             0.572E+00             0.276E+00
             0.578E+00             0.253E+00
             0.583E+00             0.233E+00
             0.589E+00             0.213E+00
             0.594E+00             0.195E+00
             0.600E+00             0.178E+00
             0.605E+00             0.162E+00
             0.611E+00             0.148E+00
             0.616E+00             0.135E+00
             0.621E+00             0.122E+00
             0.627E+00             0.111E+00
             0.632E+00             0.100E+00
             0.638E+00             0.904E-01
             0.643E+00             0.816E-01
             0.649E+00             0.735E-01
             0.654E+00             0.661E-01
             0.660E+00             0.593E-01
             0.665E+00             0.532E-01
             0.671E+00             0.476E-01
             0.676E+00             0.425E-01
             0.682E+00             0.380E-01
             0.687E+00             0.338E-01
             0.693E+00             0.301E-01
             0.698E+00             0.267E-01
             0.704E+00             0.237E-01
             0.709E+00             0.210E-01
             0.715E+00             0.186E-01
             0.720E+00             0.164E-01
             0.726E+00             0.145E-01
             0.731E+00             0.127E-01
             0.736E+00             0.112E-01
             0.742E+00             0.983E-02
             0.747E+00             0.862E-02
             0.753E+00             0.755E-02
             0.758E+00             0.660E-02
             0.764E+00             0.576E-02
             0.769E+00             0.502E-02
             0.775E+00             0.437E-02
             0.780E+00             0.380E-02
             0.786E+00             0.330E-02
             0.791E+00             0.286E-02
             0.797E+00             0.247E-02
             0.802E+00             0.214E-02
             0.808E+00             0.184E-02
             0.813E+00             0.159E-02
             0.819E+00             0.137E-02
             0.824E+00             0.118E-02
             0.830E+00             0.101E-02
             0.835E+00             0.865E-03
             0.841E+00             0.740E-03
             0.846E+00             0.633E-03
             0.851E+00             0.540E-03
             0.857E+00             0.460E-03
             0.862E+00             0.392E-03
             0.868E+00             0.333E-03
             0.873E+00             0.283E-03
             0.879E+00             0.239E-03
             0.884E+00             0.203E-03
             0.890E+00             0.171E-03
             0.895E+00             0.145E-03
             0.901E+00             0.122E-03
             0.906E+00             0.103E-03
             0.912E+00             0.863E-04
             0.917E+00             0.724E-04
             0.923E+00             0.607E-04
             0.928E+00             0.508E-04
             0.934E+00             0.425E-04
             0.939E+00             0.355E-04
             0.945E+00             0.296E-04
             0.950E+00             0.247E-04
             0.956E+00             0.205E-04
             0.961E+00             0.170E-04
             0.966E+00             0.141E-04
             0.972E+00             0.117E-04
             0.977E+00             0.968E-05
             0.983E+00             0.800E-05
             0.988E+00             0.660E-05
             0.994E+00             0.543E-05
             0.999E+00             0.447E-05
             0.100E+01             0.367E-05
             0.101E+01             0.302E-05
             0.102E+01             0.247E-05
             0.102E+01             0.202E-05
             0.103E+01             0.165E-05
             0.103E+01             0.135E-05
             0.104E+01             0.110E-05
             0.104E+01             0.896E-06
             0.105E+01             0.728E-06
             0.105E+01             0.591E-06
             0.106E+01             0.480E-06
             0.107E+01             0.388E-06
             0.107E+01             0.314E-06
             0.108E+01             0.254E-06
             0.108E+01             0.205E-06
             0.109E+01             0.165E-06
             0.109E+01             0.133E-06
             0.110E+01             0.107E-06
             0.110E+01             0.856E-07
             0.111E+01             0.686E-07
             0.111E+01             0.549E-07
             0.112E+01             0.439E-07
             0.113E+01             0.350E-07
             0.113E+01             0.279E-07
             0.114E+01             0.222E-07
             0.114E+01             0.177E-07
             0.115E+01             0.141E-07
             0.115E+01             0.111E-07
             0.116E+01             0.883E-08
             0.116E+01             0.698E-08
             0.117E+01             0.552E-08
             0.117E+01             0.435E-08
             0.118E+01             0.343E-08
             0.119E+01             0.270E-08
             0.119E+01             0.212E-08
             0.120E+01             0.167E-08
             0.120E+01             0.131E-08
             0.121E+01             0.102E-08
             0.121E+01             0.800E-09
             0.122E+01             0.625E-09
             0.122E+01             0.487E-09
             0.123E+01             0.380E-09
             0.123E+01             0.295E-09
             0.124E+01             0.230E-09
             0.125E+01             0.178E-09
             0.125E+01             0.138E-09
             0.126E+01             0.107E-09
             0.126E+01             0.826E-10
             0.127E+01             0.638E-10
             0.127E+01             0.492E-10
             0.128E+01             0.379E-10
             0.128E+01             0.291E-10
             0.129E+01             0.224E-10
             0.130E+01             0.172E-10
             0.130E+01             0.132E-10
             0.131E+01             0.101E-10
             0.131E+01             0.769E-11
             0.132E+01             0.587E-11
             0.132E+01             0.448E-11
             0.133E+01             0.341E-11
             0.133E+01             0.259E-11
             0.134E+01             0.197E-11
             0.134E+01             0.149E-11
             0.135E+01             0.113E-11
             0.136E+01             0.856E-12
             0.136E+01             0.646E-12
             0.137E+01             0.488E-12
             0.137E+01             0.368E-12
             0.138E+01             0.277E-12
             0.138E+01             0.208E-12
             0.139E+01             0.156E-12
             0.139E+01             0.117E-12
             0.140E+01             0.877E-13
             0.140E+01             0.656E-13
             0.141E+01             0.490E-13
             0.142E+01             0.366E-13
             0.142E+01             0.273E-13
             0.143E+01             0.203E-13
             0.143E+01             0.151E-13
             0.144E+01             0.112E-13
             0.144E+01             0.830E-14
             0.145E+01             0.615E-14
             0.145E+01             0.455E-14
             0.146E+01             0.336E-14
             0.146E+01             0.248E-14
             0.147E+01             0.183E-14
             0.148E+01             0.134E-14
             0.148E+01             0.987E-15
             0.149E+01             0.725E-15
             0.149E+01             0.531E-15
             0.150E+01             0.389E-15
             0.150E+01             0.284E-15
             0.151E+01             0.208E-15
             0.151E+01             0.152E-15
             0.152E+01             0.110E-15
             0.152E+01             0.803E-16
             0.153E+01             0.584E-16
             0.154E+01             0.424E-16
             0.154E+01             0.307E-16
             0.155E+01             0.222E-16
             0.155E+01             0.161E-16
             0.156E+01             0.116E-16
             0.156E+01             0.838E-17
             0.157E+01             0.604E-17
             0.157E+01             0.434E-17
             0.158E+01             0.312E-17
             0.159E+01             0.224E-17
             0.159E+01             0.161E-17
             0.160E+01             0.115E-17
             0.160E+01             0.822E-18
             0.161E+01             0.587E-18
             0.161E+01             0.419E-18
             0.162E+01             0.298E-18
             0.162E+01             0.212E-18
             0.163E+01             0.151E-18
             0.163E+01             0.107E-18
             0.164E+01             0.759E-19
             0.165E+01             0.537E-19
             0.165E+01             0.380E-19
             0.166E+01             0.268E-19
             0.166E+01             0.189E-19
             0.167E+01             0.133E-19
             0.167E+01             0.938E-20
             0.168E+01             0.659E-20
             0.168E+01             0.463E-20
             0.169E+01             0.324E-20
             0.169E+01             0.227E-20
             0.170E+01             0.159E-20
             0.171E+01             0.111E-20
             0.171E+01             0.774E-21
             0.172E+01             0.539E-21
             0.172E+01             0.375E-21
             0.173E+01             0.261E-21
             0.173E+01             0.181E-21
             0.174E+01             0.125E-21
             0.174E+01             0.868E-22
             0.175E+01             0.600E-22
             0.175E+01             0.414E-22
             0.176E+01             0.287E-22
             0.177E+01             0.198E-22
             0.177E+01             0.135E-22
             0.178E+01             0.931E-23
             0.178E+01             0.637E-23
             0.179E+01             0.436E-23
             0.179E+01             0.297E-23
             0.180E+01             0.205E-23
             0.180E+01             0.141E-23
             0.181E+01             0.962E-24
             0.182E+01             0.653E-24
             0.182E+01             0.444E-24
             0.183E+01             0.306E-24
             0.183E+01             0.206E-24
             0.184E+01             0.142E-24
             0.184E+01             0.902E-25
             0.185E+01             0.613E-25
             0.185E+01             0.420E-25
             0.186E+01             0.276E-25
             0.186E+01             0.181E-25
             0.187E+01             0.115E-25
             0.188E+01             0.883E-26
             0.188E+01             0.596E-26
             0.189E+01             0.409E-26
             0.189E+01             0.287E-26
             0.190E+01             0.192E-26
             0.190E+01             0.135E-26
             0.191E+01             0.747E-27
             0.191E+01             0.534E-27
             0.192E+01             0.526E-27
             0.192E+01             0.267E-27
             0.193E+01             0.188E-27
             0.194E+01             0.177E-27
             0.194E+01             0.338E-28
             0.195E+01             0.770E-28
             0.195E+01             0.150E-29
             0.196E+01             0.275E-28
             0.196E+01             0.195E-29
             0.197E+01             0.826E-28
             0.197E+01             0.433E-28
             0.198E+01             0.131E-27
             0.198E+01             0.237E-28
             0.199E+01             0.221E-28
             0.200E+01             0.984E-29
             0.200E+01             0.449E-29
             0.201E+01             0.738E-29
             0.201E+01             0.795E-28
             0.202E+01             0.546E-28
             0.202E+01             0.142E-28
             0.203E+01             0.707E-30
             0.203E+01             0.711E-29
             0.204E+01             0.467E-29
             0.205E+01             0.186E-28
             0.205E+01             0.147E-28
             0.206E+01             0.605E-29
             0.206E+01             0.127E-28
             0.207E+01             0.116E-29
             0.207E+01             0.529E-31
             0.208E+01             0.747E-29
             0.208E+01             0.141E-28
             0.209E+01             0.340E-29
             0.209E+01             0.234E-28
             0.210E+01             0.105E-30
             0.211E+01             0.191E-29
             0.211E+01             0.136E-28
             0.212E+01             0.126E-28
             0.212E+01             0.173E-29
             0.213E+01             0.872E-30
             0.213E+01             0.174E-30
             0.214E+01             0.284E-29
             0.214E+01             0.214E-28
             0.215E+01             0.792E-29
             0.215E+01             0.230E-29
             0.216E+01             0.328E-28
             0.217E+01             0.773E-28
             0.217E+01             0.101E-28
             0.218E+01             0.318E-28
             0.218E+01             0.840E-30
             0.219E+01             0.331E-29
             0.219E+01             0.102E-28
             0.220E+01             0.167E-29
             0.220E+01             0.780E-30
             0.221E+01             0.727E-29
             0.221E+01             0.917E-30
             0.222E+01             0.133E-28
             0.223E+01             0.676E-29
             0.223E+01             0.160E-29
             0.224E+01             0.554E-31
             0.224E+01             0.161E-30
             0.225E+01             0.265E-28
             0.225E+01             0.738E-31
             0.226E+01             0.196E-28
             0.226E+01             0.172E-29
             0.227E+01             0.623E-31
             0.228E+01             0.853E-29
             0.228E+01             0.211E-28
             0.229E+01             0.157E-30
             0.229E+01             0.557E-29
             0.230E+01             0.331E-29
             0.230E+01             0.268E-29
             0.231E+01             0.138E-28
             0.231E+01             0.107E-28
             0.232E+01             0.111E-28
             0.232E+01             0.761E-29
             0.233E+01             0.564E-29
             0.234E+01             0.730E-30
             0.234E+01             0.914E-29
             0.235E+01             0.899E-30
             0.235E+01             0.461E-30
             0.236E+01             0.553E-30
             0.236E+01             0.251E-28
             0.237E+01             0.216E-28
             0.237E+01             0.970E-29
             0.238E+01             0.182E-29
             0.238E+01             0.247E-31
             0.239E+01             0.329E-29
             0.240E+01             0.837E-29
             0.240E+01             0.462E-29
             0.241E+01             0.798E-29
             0.241E+01             0.100E-28
             0.242E+01             0.483E-28
             0.242E+01             0.332E-29
             0.243E+01             0.393E-28
             0.243E+01             0.362E-29
             0.244E+01             0.644E-28
             0.244E+01             0.278E-28
             0.245E+01             0.477E-31
             0.246E+01             0.933E-31
             0.246E+01             0.175E-28
             0.247E+01             0.349E-29
             0.247E+01             0.160E-28
             0.248E+01             0.648E-29
             0.248E+01             0.264E-28
             0.249E+01             0.131E-28
             0.249E+01             0.302E-30
             0.250E+01             0.139E-28
             0.251E+01             0.580E-29
             0.251E+01             0.218E-28
             0.252E+01             0.715E-30
             0.252E+01             0.362E-29
             0.253E+01             0.122E-29
             0.253E+01             0.526E-29
             0.254E+01             0.657E-29
             0.254E+01             0.123E-29
             0.255E+01             0.178E-30
             0.255E+01             0.348E-29
             0.256E+01             0.420E-29
             0.257E+01             0.188E-29
             0.257E+01             0.229E-28
             0.258E+01             0.235E-29
             0.258E+01             0.797E-29
             0.259E+01             0.441E-30
             0.259E+01             0.347E-29
             0.260E+01             0.174E-28
             0.260E+01             0.819E-30
             0.261E+01             0.245E-29
             0.261E+01             0.164E-30
             0.262E+01             0.120E-29
             0.263E+01             0.364E-29
             0.263E+01             0.144E-28
             0.264E+01             0.402E-29
             0.264E+01             0.761E-31
             0.265E+01             0.535E-30
             0.265E+01             0.166E-28
             0.266E+01             0.506E-29
             0.266E+01             0.396E-29
             0.267E+01             0.266E-29
             0.267E+01             0.329E-29
             0.268E+01             0.773E-30
             0.269E+01             0.104E-29
             0.269E+01             0.139E-28
             0.270E+01             0.268E-28
             0.270E+01             0.270E-28
             0.271E+01             0.169E-29
             0.271E+01             0.880E-29
             0.272E+01             0.960E-29
             0.272E+01             0.205E-29
             0.273E+01             0.417E-29
             0.274E+01             0.350E-31
             0.274E+01             0.106E-28
             0.275E+01             0.139E-29
             0.275E+01             0.266E-28
             0.276E+01             0.281E-28
             0.276E+01             0.978E-31
             0.277E+01             0.411E-29
             0.277E+01             0.487E-29
             0.278E+01             0.250E-30
             0.278E+01             0.556E-31
             0.279E+01             0.402E-29
             0.280E+01             0.155E-28
             0.280E+01             0.867E-29
             0.281E+01             0.249E-29
             0.281E+01             0.487E-29
             0.282E+01             0.264E-31
             0.282E+01             0.349E-30
             0.283E+01             0.133E-28
             0.283E+01             0.733E-29
             0.284E+01             0.123E-30
             0.284E+01             0.880E-30
             0.285E+01             0.381E-29
             0.286E+01             0.252E-29
             0.286E+01             0.386E-30
             0.287E+01             0.119E-28
             0.287E+01             0.132E-30
             0.288E+01             0.120E-28
             0.288E+01             0.385E-29
             0.289E+01             0.985E-29
             0.289E+01             0.447E-29
             0.290E+01             0.203E-29
             0.290E+01             0.161E-28
             0.291E+01             0.158E-28
             0.292E+01             0.486E-30
             0.292E+01             0.799E-34
             0.293E+01             0.147E-30
             0.293E+01             0.949E-30
             0.294E+01             0.112E-29
             0.294E+01             0.605E-31
             0.295E+01             0.302E-30
             0.295E+01             0.435E-29
             0.296E+01             0.166E-29
             0.297E+01             0.921E-29
             0.297E+01             0.243E-31
             0.298E+01             0.424E-30
             0.298E+01             0.814E-30
             0.299E+01             0.167E-29
             0.299E+01             0.142E-28
             0.300E+01             0.140E-28
             0.300E+01             0.544E-29
             0.301E+01             0.814E-30
             0.301E+01             0.337E-32
             0.302E+01             0.187E-29
             0.303E+01             0.108E-32
             0.303E+01             0.203E-30
             0.304E+01             0.776E-29
             0.304E+01             0.963E-29
             0.305E+01             0.164E-30
             0.305E+01             0.633E-30
             0.306E+01             0.193E-31
             0.306E+01             0.357E-30
             0.307E+01             0.674E-29
             0.307E+01             0.946E-29
             0.308E+01             0.206E-28
             0.309E+01             0.162E-28
             0.309E+01             0.740E-31
             0.310E+01             0.266E-29
             0.310E+01             0.692E-30
             0.311E+01             0.451E-30
             0.311E+01             0.291E-28
             0.312E+01             0.161E-28
             0.312E+01             0.115E-29
             0.313E+01             0.403E-29
             0.313E+01             0.779E-31
             0.314E+01             0.905E-30
             0.315E+01             0.168E-29
             0.315E+01             0.169E-28
             0.316E+01             0.296E-30
             0.316E+01             0.555E-29
             0.317E+01             0.212E-31
             0.317E+01             0.207E-28
             0.318E+01             0.144E-28
             0.318E+01             0.422E-30
             0.319E+01             0.498E-29
             0.320E+01             0.965E-30
             0.320E+01             0.113E-29
             0.321E+01             0.751E-30
             0.321E+01             0.216E-29
             0.322E+01             0.698E-33
             0.322E+01             0.169E-29
             0.323E+01             0.882E-30
             0.323E+01             0.454E-30
             0.324E+01             0.622E-29
             0.324E+01             0.128E-28
             0.325E+01             0.145E-28
             0.326E+01             0.158E-29
             0.326E+01             0.214E-30
             0.327E+01             0.278E-29
             0.327E+01             0.249E-29
             0.328E+01             0.931E-29
             0.328E+01             0.425E-30
             0.329E+01             0.266E-30
             0.329E+01             0.482E-29
             0.330E+01             0.252E-29
             0.330E+01             0.118E-28
             0.331E+01             0.431E-29
             0.332E+01             0.367E-29
             0.332E+01             0.172E-30
             0.333E+01             0.732E-29
             0.333E+01             0.339E-30
             0.334E+01             0.166E-28
             0.334E+01             0.254E-30
             0.335E+01             0.138E-29
             0.335E+01             0.192E-28
             0.336E+01             0.122E-29
             0.336E+01             0.140E-28
             0.337E+01             0.250E-29
             0.338E+01             0.159E-29
             0.338E+01             0.459E-29
             0.339E+01             0.339E-31
             0.339E+01             0.323E-30
             0.340E+01             0.922E-29
             0.340E+01             0.675E-33
             0.341E+01             0.315E-31
             0.341E+01             0.630E-29
             0.342E+01             0.163E-29
             0.343E+01             0.392E-29
             0.343E+01             0.772E-30
             0.344E+01             0.188E-28
             0.344E+01             0.376E-30
             0.345E+01             0.334E-31
             0.345E+01             0.221E-28
             0.346E+01             0.824E-30
             0.346E+01             0.443E-30
             0.347E+01             0.790E-31
             0.347E+01             0.344E-31
             0.348E+01             0.156E-29
             0.349E+01             0.904E-35
             0.349E+01             0.900E-29
             0.350E+01             0.883E-30
             0.350E+01             0.651E-31
             0.351E+01             0.184E-29
             0.351E+01             0.600E-30
             0.352E+01             0.238E-29
             0.352E+01             0.197E-28
             0.353E+01             0.678E-29
             0.353E+01             0.980E-30
             0.354E+01             0.804E-29
             0.355E+01             0.168E-29
             0.355E+01             0.227E-29
             0.356E+01             0.195E-29
             0.356E+01             0.193E-30
             0.357E+01             0.336E-29
             0.357E+01             0.348E-29
             0.358E+01             0.309E-29
             0.358E+01             0.415E-31
             0.359E+01             0.802E-30
             0.359E+01             0.167E-29
             0.360E+01             0.229E-31
             0.361E+01             0.161E-29
             0.361E+01             0.406E-29
             0.362E+01             0.179E-31
             0.362E+01             0.997E-29
             0.363E+01             0.214E-28
             0.363E+01             0.157E-29
             0.364E+01             0.410E-29
             0.364E+01             0.172E-28
             0.365E+01             0.200E-29
             0.366E+01             0.178E-29
             0.366E+01             0.129E-29
             0.367E+01             0.243E-28
             0.367E+01             0.747E-29
             0.368E+01             0.670E-29
             0.368E+01             0.510E-29
             0.369E+01             0.444E-29
             0.369E+01             0.719E-29
             0.370E+01             0.885E-32
             0.370E+01             0.163E-28
             0.371E+01             0.200E-29
             0.372E+01             0.114E-29
             0.372E+01             0.242E-29
             0.373E+01             0.102E-28
             0.373E+01             0.191E-29
             0.374E+01             0.909E-31
             0.374E+01             0.332E-29
             0.375E+01             0.343E-30
             0.375E+01             0.360E-30
             0.376E+01             0.598E-29
             0.376E+01             0.154E-28
             0.377E+01             0.146E-29
             0.378E+01             0.358E-29
             0.378E+01             0.139E-31
             0.379E+01             0.454E-31
             0.379E+01             0.839E-30
             0.380E+01             0.524E-30
             0.380E+01             0.638E-31
             0.381E+01             0.146E-29
             0.381E+01             0.160E-28
             0.382E+01             0.114E-29
             0.382E+01             0.353E-30
             0.383E+01             0.301E-29
             0.384E+01             0.136E-28
             0.384E+01             0.723E-31
             0.385E+01             0.667E-29
             0.385E+01             0.142E-29
             0.386E+01             0.369E-30
             0.386E+01             0.312E-30
             0.387E+01             0.872E-30
             0.387E+01             0.212E-29
             0.388E+01             0.142E-30
             0.389E+01             0.111E-29
             0.389E+01             0.178E-29
             0.390E+01             0.222E-35
             0.390E+01             0.953E-30
             0.391E+01             0.299E-30
             0.391E+01             0.145E-36
             0.392E+01             0.119E-29
             0.392E+01             0.102E-28
             0.393E+01             0.865E-29
             0.393E+01             0.242E-30
             0.394E+01             0.581E-29
             0.395E+01             0.804E-29
             0.395E+01             0.137E-28
             0.396E+01             0.119E-29
             0.396E+01             0.944E-30
             0.397E+01             0.190E-28
             0.397E+01             0.978E-30
             0.398E+01             0.117E-29
             0.398E+01             0.601E-29
             0.399E+01             0.349E-29
             0.399E+01             0.602E-30
             0.400E+01             0.105E-29
