            -0.998E+01             0.000E+00
            -0.996E+01             0.000E+00
            -0.994E+01             0.000E+00
            -0.992E+01             0.000E+00
            -0.990E+01             0.000E+00
            -0.988E+01             0.000E+00
            -0.987E+01             0.000E+00
            -0.985E+01             0.000E+00
            -0.983E+01             0.000E+00
            -0.981E+01             0.000E+00
            -0.979E+01             0.000E+00
            -0.977E+01             0.000E+00
            -0.975E+01             0.000E+00
            -0.973E+01             0.000E+00
            -0.971E+01             0.000E+00
            -0.969E+01             0.000E+00
            -0.967E+01             0.000E+00
            -0.965E+01             0.000E+00
            -0.963E+01             0.000E+00
            -0.962E+01             0.000E+00
            -0.960E+01             0.000E+00
            -0.958E+01             0.000E+00
            -0.956E+01             0.000E+00
            -0.954E+01             0.000E+00
            -0.952E+01             0.000E+00
            -0.950E+01             0.000E+00
            -0.948E+01             0.000E+00
            -0.946E+01             0.000E+00
            -0.944E+01             0.000E+00
            -0.942E+01             0.000E+00
            -0.940E+01             0.000E+00
            -0.939E+01             0.000E+00
            -0.937E+01             0.000E+00
            -0.935E+01             0.000E+00
            -0.933E+01             0.000E+00
            -0.931E+01             0.000E+00
            -0.929E+01             0.000E+00
            -0.927E+01             0.000E+00
            -0.925E+01             0.000E+00
            -0.923E+01             0.000E+00
            -0.921E+01             0.000E+00
            -0.919E+01             0.000E+00
            -0.917E+01             0.000E+00
            -0.915E+01             0.000E+00
            -0.914E+01             0.000E+00
            -0.912E+01             0.000E+00
            -0.910E+01             0.000E+00
            -0.908E+01             0.000E+00
            -0.906E+01             0.000E+00
            -0.904E+01             0.000E+00
            -0.902E+01             0.000E+00
            -0.900E+01             0.000E+00
            -0.898E+01             0.000E+00
            -0.896E+01             0.000E+00
            -0.894E+01             0.000E+00
            -0.892E+01             0.000E+00
            -0.890E+01             0.000E+00
            -0.889E+01             0.000E+00
            -0.887E+01             0.000E+00
            -0.885E+01             0.000E+00
            -0.883E+01             0.000E+00
            -0.881E+01             0.000E+00
            -0.879E+01             0.000E+00
            -0.877E+01             0.000E+00
            -0.875E+01             0.000E+00
            -0.873E+01             0.000E+00
            -0.871E+01             0.000E+00
            -0.869E+01             0.000E+00
            -0.867E+01             0.000E+00
            -0.866E+01             0.000E+00
            -0.864E+01             0.000E+00
            -0.862E+01             0.000E+00
            -0.860E+01             0.000E+00
            -0.858E+01             0.000E+00
            -0.856E+01             0.000E+00
            -0.854E+01             0.000E+00
            -0.852E+01             0.000E+00
            -0.850E+01             0.000E+00
            -0.848E+01             0.000E+00
            -0.846E+01             0.000E+00
            -0.844E+01             0.000E+00
            -0.842E+01             0.000E+00
            -0.841E+01             0.000E+00
            -0.839E+01             0.000E+00
            -0.837E+01             0.000E+00
            -0.835E+01             0.000E+00
            -0.833E+01             0.000E+00
            -0.831E+01             0.000E+00
            -0.829E+01             0.000E+00
            -0.827E+01             0.000E+00
            -0.825E+01             0.000E+00
            -0.823E+01             0.000E+00
            -0.821E+01             0.000E+00
            -0.819E+01             0.000E+00
            -0.817E+01             0.000E+00
            -0.816E+01             0.000E+00
            -0.814E+01             0.000E+00
            -0.812E+01             0.000E+00
            -0.810E+01             0.000E+00
            -0.808E+01             0.000E+00
            -0.806E+01             0.000E+00
            -0.804E+01             0.000E+00
            -0.802E+01             0.000E+00
            -0.800E+01             0.000E+00
            -0.798E+01             0.000E+00
            -0.796E+01             0.000E+00
            -0.794E+01             0.000E+00
            -0.793E+01             0.000E+00
            -0.791E+01             0.000E+00
            -0.789E+01             0.000E+00
            -0.787E+01             0.000E+00
            -0.785E+01             0.000E+00
            -0.783E+01             0.000E+00
            -0.781E+01             0.000E+00
            -0.779E+01             0.000E+00
            -0.777E+01             0.000E+00
            -0.775E+01             0.000E+00
            -0.773E+01             0.000E+00
            -0.771E+01             0.000E+00
            -0.769E+01             0.000E+00
            -0.768E+01             0.000E+00
            -0.766E+01             0.000E+00
            -0.764E+01             0.000E+00
            -0.762E+01             0.000E+00
            -0.760E+01             0.000E+00
            -0.758E+01             0.000E+00
            -0.756E+01             0.000E+00
            -0.754E+01             0.000E+00
            -0.752E+01             0.000E+00
            -0.750E+01             0.000E+00
            -0.748E+01             0.360-320
            -0.746E+01             0.257-321
            -0.744E+01             0.111-316
            -0.743E+01             0.252-314
            -0.741E+01             0.509-312
            -0.739E+01             0.258-310
            -0.737E+01             0.565-308
            -0.735E+01             0.197-306
            -0.733E+01             0.270-304
            -0.731E+01             0.133-304
            -0.729E+01             0.946-302
            -0.727E+01             0.247-300
            -0.725E+01             0.801-301
            -0.723E+01             0.662-299
            -0.721E+01             0.416-293
            -0.720E+01             0.124-292
            -0.718E+01             0.830-293
            -0.716E+01             0.330-289
            -0.714E+01             0.220-287
            -0.712E+01             0.109-284
            -0.710E+01             0.521-283
            -0.708E+01             0.731-282
            -0.706E+01             0.335-281
            -0.704E+01             0.869-282
            -0.702E+01             0.388-276
            -0.700E+01             0.556-274
            -0.698E+01             0.273-273
            -0.696E+01             0.515-271
            -0.695E+01             0.401-271
            -0.693E+01             0.898-268
            -0.691E+01             0.335-266
            -0.689E+01             0.862-263
            -0.687E+01             0.109-262
            -0.685E+01             0.177-260
            -0.683E+01             0.272-259
            -0.681E+01             0.302-262
            -0.679E+01             0.864-256
            -0.677E+01             0.745-255
            -0.675E+01             0.451-252
            -0.673E+01             0.172-250
            -0.671E+01             0.109-248
            -0.670E+01             0.186-246
            -0.668E+01             0.238-245
            -0.666E+01             0.161-244
            -0.664E+01             0.180-242
            -0.662E+01             0.472-241
            -0.660E+01             0.362-239
            -0.658E+01             0.178-236
            -0.656E+01             0.119-235
            -0.654E+01             0.180-235
            -0.652E+01             0.520-232
            -0.650E+01             0.774-230
            -0.648E+01             0.614-228
            -0.646E+01             0.159-227
            -0.645E+01             0.203-225
            -0.643E+01             0.201-224
            -0.641E+01             0.698-226
            -0.639E+01             0.161-219
            -0.637E+01             0.275-219
            -0.635E+01             0.117-216
            -0.633E+01             0.484-216
            -0.631E+01             0.764-214
            -0.629E+01             0.136-213
            -0.627E+01             0.890-214
            -0.625E+01             0.146-209
            -0.623E+01             0.132-207
            -0.622E+01             0.647-208
            -0.620E+01             0.497-203
            -0.618E+01             0.181-202
            -0.616E+01             0.615-201
            -0.614E+01             0.885-201
            -0.612E+01             0.483-198
            -0.610E+01             0.208-196
            -0.608E+01             0.702-196
            -0.606E+01             0.896-197
            -0.604E+01             0.214-193
            -0.602E+01             0.307-190
            -0.600E+01             0.309-190
            -0.598E+01             0.236-187
            -0.597E+01             0.132-187
            -0.595E+01             0.132-185
            -0.593E+01             0.995-183
            -0.591E+01             0.103-181
            -0.589E+01             0.108-180
            -0.587E+01             0.192-178
            -0.585E+01             0.268-178
            -0.583E+01             0.154-176
            -0.581E+01             0.527-175
            -0.579E+01             0.519-173
            -0.577E+01             0.277-171
            -0.575E+01             0.304-169
            -0.573E+01             0.199-169
            -0.572E+01             0.653-167
            -0.570E+01             0.124-166
            -0.568E+01             0.832-165
            -0.566E+01             0.542-164
            -0.564E+01             0.645-163
            -0.562E+01             0.335-160
            -0.560E+01             0.118-158
            -0.558E+01             0.352-157
            -0.556E+01             0.199-156
            -0.554E+01             0.367-155
            -0.552E+01             0.113-154
            -0.550E+01             0.819-153
            -0.549E+01             0.121-150
            -0.547E+01             0.490-149
            -0.545E+01             0.896-149
            -0.543E+01             0.628-147
            -0.541E+01             0.208-145
            -0.539E+01             0.802-146
            -0.537E+01             0.506-143
            -0.535E+01             0.110-141
            -0.533E+01             0.725-140
            -0.531E+01             0.520-140
            -0.529E+01             0.871-137
            -0.527E+01             0.293-136
            -0.525E+01             0.297-135
            -0.524E+01             0.737-134
            -0.522E+01             0.923-133
            -0.520E+01             0.426-133
            -0.518E+01             0.475-131
            -0.516E+01             0.129-129
            -0.514E+01             0.970-128
            -0.512E+01             0.118-126
            -0.510E+01             0.765-125
            -0.508E+01             0.223-124
            -0.506E+01             0.147-122
            -0.504E+01             0.359-122
            -0.502E+01             0.378-121
            -0.500E+01             0.239-121
            -0.499E+01             0.121-118
            -0.497E+01             0.220-117
            -0.495E+01             0.796-116
            -0.493E+01             0.284-115
            -0.491E+01             0.410-115
            -0.489E+01             0.819-113
            -0.487E+01             0.342-112
            -0.485E+01             0.120-110
            -0.483E+01             0.326-109
            -0.481E+01             0.840-110
            -0.479E+01             0.355-109
            -0.477E+01             0.121-107
            -0.476E+01             0.361-105
            -0.474E+01             0.106-105
            -0.472E+01             0.794-103
            -0.470E+01             0.358-101
            -0.468E+01             0.186-100
            -0.466E+01             0.820-102
            -0.464E+01             0.149E-98
            -0.462E+01             0.175E-98
            -0.460E+01             0.113E-96
            -0.458E+01             0.767E-97
            -0.456E+01             0.230E-94
            -0.454E+01             0.389E-94
            -0.452E+01             0.205E-93
            -0.451E+01             0.157E-92
            -0.449E+01             0.751E-93
            -0.447E+01             0.583E-90
            -0.445E+01             0.779E-91
            -0.443E+01             0.713E-88
            -0.441E+01             0.116E-88
            -0.439E+01             0.183E-86
            -0.437E+01             0.135E-85
            -0.435E+01             0.743E-85
            -0.433E+01             0.612E-85
            -0.431E+01             0.218E-82
            -0.429E+01             0.746E-83
            -0.427E+01             0.294E-81
            -0.426E+01             0.997E-82
            -0.424E+01             0.242E-80
            -0.422E+01             0.519E-79
            -0.420E+01             0.629E-79
            -0.418E+01             0.121E-77
            -0.416E+01             0.186E-78
            -0.414E+01             0.159E-76
            -0.412E+01             0.109E-75
            -0.410E+01             0.293E-77
            -0.408E+01             0.633E-74
            -0.406E+01             0.208E-74
            -0.404E+01             0.576E-73
            -0.402E+01             0.166E-74
            -0.401E+01             0.118E-71
            -0.399E+01             0.615E-70
            -0.397E+01             0.966E-70
            -0.395E+01             0.233E-72
            -0.393E+01             0.912E-69
            -0.391E+01             0.749E-69
            -0.389E+01             0.532E-69
            -0.387E+01             0.907E-68
            -0.385E+01             0.520E-66
            -0.383E+01             0.126E-65
            -0.381E+01             0.140E-65
            -0.379E+01             0.126E-66
            -0.378E+01             0.249E-66
            -0.376E+01             0.100E-63
            -0.374E+01             0.610E-65
            -0.372E+01             0.266E-66
            -0.370E+01             0.661E-65
            -0.368E+01             0.681E-63
            -0.366E+01             0.561E-63
            -0.364E+01             0.382E-64
            -0.362E+01             0.196E-63
            -0.360E+01             0.251E-62
            -0.358E+01             0.171E-61
            -0.356E+01             0.867E-62
            -0.354E+01             0.466E-62
            -0.353E+01             0.170E-61
            -0.351E+01             0.304E-62
            -0.349E+01             0.369E-60
            -0.347E+01             0.224E-62
            -0.345E+01             0.359E-60
            -0.343E+01             0.353E-60
            -0.341E+01             0.231E-60
            -0.339E+01             0.543E-61
            -0.337E+01             0.201E-59
            -0.335E+01             0.753E-60
            -0.333E+01             0.591E-63
            -0.331E+01             0.351E-61
            -0.329E+01             0.310E-62
            -0.328E+01             0.141E-62
            -0.326E+01             0.195E-60
            -0.324E+01             0.212E-59
            -0.322E+01             0.620E-62
            -0.320E+01             0.139E-63
            -0.318E+01             0.166E-59
            -0.316E+01             0.815E-60
            -0.314E+01             0.740E-63
            -0.312E+01             0.915E-60
            -0.310E+01             0.209E-61
            -0.308E+01             0.797E-60
            -0.306E+01             0.762E-61
            -0.305E+01             0.743E-60
            -0.303E+01             0.421E-60
            -0.301E+01             0.141E-60
            -0.299E+01             0.118E-59
            -0.297E+01             0.753E-62
            -0.295E+01             0.138E-60
            -0.293E+01             0.127E-59
            -0.291E+01             0.486E-59
            -0.289E+01             0.504E-60
            -0.287E+01             0.951E-60
            -0.285E+01             0.762E-60
            -0.283E+01             0.782E-62
            -0.281E+01             0.167E-61
            -0.280E+01             0.235E-59
            -0.278E+01             0.704E-62
            -0.276E+01             0.529E-61
            -0.274E+01             0.193E-59
            -0.272E+01             0.412E-59
            -0.270E+01             0.562E-60
            -0.268E+01             0.572E-60
            -0.266E+01             0.119E-57
            -0.264E+01             0.685E-57
            -0.262E+01             0.527E-56
            -0.260E+01             0.367E-55
            -0.258E+01             0.253E-54
            -0.256E+01             0.171E-53
            -0.255E+01             0.113E-52
            -0.253E+01             0.736E-52
            -0.251E+01             0.473E-51
            -0.249E+01             0.300E-50
            -0.247E+01             0.188E-49
            -0.245E+01             0.116E-48
            -0.243E+01             0.707E-48
            -0.241E+01             0.425E-47
            -0.239E+01             0.252E-46
            -0.237E+01             0.147E-45
            -0.235E+01             0.851E-45
            -0.233E+01             0.485E-44
            -0.232E+01             0.272E-43
            -0.230E+01             0.151E-42
            -0.228E+01             0.824E-42
            -0.226E+01             0.444E-41
            -0.224E+01             0.236E-40
            -0.222E+01             0.124E-39
            -0.220E+01             0.641E-39
            -0.218E+01             0.327E-38
            -0.216E+01             0.165E-37
            -0.214E+01             0.817E-37
            -0.212E+01             0.400E-36
            -0.210E+01             0.193E-35
            -0.208E+01             0.920E-35
            -0.207E+01             0.432E-34
            -0.205E+01             0.200E-33
            -0.203E+01             0.914E-33
            -0.201E+01             0.412E-32
            -0.199E+01             0.183E-31
            -0.197E+01             0.801E-31
            -0.195E+01             0.346E-30
            -0.193E+01             0.147E-29
            -0.191E+01             0.619E-29
            -0.189E+01             0.256E-28
            -0.187E+01             0.105E-27
            -0.185E+01             0.421E-27
            -0.183E+01             0.167E-26
            -0.182E+01             0.654E-26
            -0.180E+01             0.252E-25
            -0.178E+01             0.959E-25
            -0.176E+01             0.360E-24
            -0.174E+01             0.133E-23
            -0.172E+01             0.485E-23
            -0.170E+01             0.174E-22
            -0.168E+01             0.617E-22
            -0.166E+01             0.215E-21
            -0.164E+01             0.741E-21
            -0.162E+01             0.251E-20
            -0.160E+01             0.841E-20
            -0.159E+01             0.277E-19
            -0.157E+01             0.901E-19
            -0.155E+01             0.288E-18
            -0.153E+01             0.910E-18
            -0.151E+01             0.283E-17
            -0.149E+01             0.868E-17
            -0.147E+01             0.262E-16
            -0.145E+01             0.781E-16
            -0.143E+01             0.229E-15
            -0.141E+01             0.663E-15
            -0.139E+01             0.189E-14
            -0.137E+01             0.531E-14
            -0.135E+01             0.147E-13
            -0.134E+01             0.401E-13
            -0.132E+01             0.108E-12
            -0.130E+01             0.285E-12
            -0.128E+01             0.745E-12
            -0.126E+01             0.192E-11
            -0.124E+01             0.485E-11
            -0.122E+01             0.121E-10
            -0.120E+01             0.298E-10
            -0.118E+01             0.721E-10
            -0.116E+01             0.172E-09
            -0.114E+01             0.405E-09
            -0.112E+01             0.937E-09
            -0.110E+01             0.214E-08
            -0.109E+01             0.481E-08
            -0.107E+01             0.106E-07
            -0.105E+01             0.232E-07
            -0.103E+01             0.498E-07
            -0.101E+01             0.105E-06
            -0.989E+00             0.220E-06
            -0.970E+00             0.451E-06
            -0.951E+00             0.911E-06
            -0.932E+00             0.181E-05
            -0.913E+00             0.355E-05
            -0.893E+00             0.685E-05
            -0.874E+00             0.130E-04
            -0.855E+00             0.243E-04
            -0.836E+00             0.448E-04
            -0.817E+00             0.813E-04
            -0.797E+00             0.145E-03
            -0.778E+00             0.255E-03
            -0.759E+00             0.441E-03
            -0.740E+00             0.750E-03
            -0.720E+00             0.126E-02
            -0.701E+00             0.207E-02
            -0.682E+00             0.336E-02
            -0.663E+00             0.536E-02
            -0.644E+00             0.842E-02
            -0.624E+00             0.130E-01
            -0.605E+00             0.198E-01
            -0.586E+00             0.295E-01
            -0.567E+00             0.434E-01
            -0.548E+00             0.627E-01
            -0.528E+00             0.890E-01
            -0.509E+00             0.124E+00
            -0.490E+00             0.170E+00
            -0.471E+00             0.230E+00
            -0.451E+00             0.304E+00
            -0.432E+00             0.395E+00
            -0.413E+00             0.504E+00
            -0.394E+00             0.632E+00
            -0.375E+00             0.776E+00
            -0.355E+00             0.934E+00
            -0.336E+00             0.110E+01
            -0.317E+00             0.127E+01
            -0.298E+00             0.144E+01
            -0.279E+00             0.159E+01
            -0.259E+00             0.172E+01
            -0.240E+00             0.181E+01
            -0.221E+00             0.185E+01
            -0.202E+00             0.185E+01
            -0.183E+00             0.178E+01
            -0.163E+00             0.166E+01
            -0.144E+00             0.149E+01
            -0.125E+00             0.127E+01
            -0.106E+00             0.103E+01
            -0.865E-01             0.776E+00
            -0.672E-01             0.531E+00
            -0.480E-01             0.315E+00
            -0.288E-01             0.145E+00
            -0.961E-02             0.371E-01
             0.961E-02             0.616E-25
             0.288E-01             0.371E-01
             0.480E-01             0.145E+00
             0.672E-01             0.315E+00
             0.865E-01             0.531E+00
             0.106E+00             0.776E+00
             0.125E+00             0.103E+01
             0.144E+00             0.127E+01
             0.163E+00             0.149E+01
             0.183E+00             0.166E+01
             0.202E+00             0.178E+01
             0.221E+00             0.185E+01
             0.240E+00             0.185E+01
             0.259E+00             0.181E+01
             0.279E+00             0.172E+01
             0.298E+00             0.159E+01
             0.317E+00             0.144E+01
             0.336E+00             0.127E+01
             0.355E+00             0.110E+01
             0.375E+00             0.934E+00
             0.394E+00             0.776E+00
             0.413E+00             0.632E+00
             0.432E+00             0.504E+00
             0.451E+00             0.395E+00
             0.471E+00             0.304E+00
             0.490E+00             0.230E+00
             0.509E+00             0.170E+00
             0.528E+00             0.124E+00
             0.548E+00             0.890E-01
             0.567E+00             0.627E-01
             0.586E+00             0.434E-01
             0.605E+00             0.295E-01
             0.624E+00             0.198E-01
             0.644E+00             0.130E-01
             0.663E+00             0.842E-02
             0.682E+00             0.536E-02
             0.701E+00             0.336E-02
             0.720E+00             0.207E-02
             0.740E+00             0.126E-02
             0.759E+00             0.750E-03
             0.778E+00             0.441E-03
             0.797E+00             0.255E-03
             0.817E+00             0.145E-03
             0.836E+00             0.813E-04
             0.855E+00             0.448E-04
             0.874E+00             0.243E-04
             0.893E+00             0.130E-04
             0.913E+00             0.685E-05
             0.932E+00             0.355E-05
             0.951E+00             0.181E-05
             0.970E+00             0.911E-06
             0.989E+00             0.451E-06
             0.101E+01             0.220E-06
             0.103E+01             0.105E-06
             0.105E+01             0.498E-07
             0.107E+01             0.232E-07
             0.109E+01             0.106E-07
             0.110E+01             0.481E-08
             0.112E+01             0.214E-08
             0.114E+01             0.937E-09
             0.116E+01             0.405E-09
             0.118E+01             0.172E-09
             0.120E+01             0.721E-10
             0.122E+01             0.298E-10
             0.124E+01             0.121E-10
             0.126E+01             0.485E-11
             0.128E+01             0.192E-11
             0.130E+01             0.745E-12
             0.132E+01             0.285E-12
             0.134E+01             0.108E-12
             0.135E+01             0.401E-13
             0.137E+01             0.147E-13
             0.139E+01             0.531E-14
             0.141E+01             0.189E-14
             0.143E+01             0.663E-15
             0.145E+01             0.229E-15
             0.147E+01             0.781E-16
             0.149E+01             0.262E-16
             0.151E+01             0.868E-17
             0.153E+01             0.283E-17
             0.155E+01             0.910E-18
             0.157E+01             0.288E-18
             0.159E+01             0.901E-19
             0.160E+01             0.277E-19
             0.162E+01             0.841E-20
             0.164E+01             0.252E-20
             0.166E+01             0.741E-21
             0.168E+01             0.215E-21
             0.170E+01             0.617E-22
             0.172E+01             0.174E-22
             0.174E+01             0.484E-23
             0.176E+01             0.133E-23
             0.178E+01             0.351E-24
             0.180E+01             0.935E-25
             0.182E+01             0.245E-25
             0.183E+01             0.518E-26
             0.185E+01             0.966E-27
             0.187E+01             0.483E-28
             0.189E+01             0.169E-29
             0.191E+01             0.682E-30
             0.193E+01             0.781E-30
             0.195E+01             0.832E-28
             0.197E+01             0.432E-30
             0.199E+01             0.110E-28
             0.201E+01             0.268E-29
             0.203E+01             0.691E-29
             0.205E+01             0.776E-29
             0.207E+01             0.331E-29
             0.208E+01             0.783E-30
             0.210E+01             0.110E-28
             0.212E+01             0.486E-29
             0.214E+01             0.261E-31
             0.216E+01             0.382E-28
             0.218E+01             0.105E-29
             0.220E+01             0.358E-30
             0.222E+01             0.347E-30
             0.224E+01             0.172E-30
             0.226E+01             0.433E-29
             0.228E+01             0.805E-29
             0.230E+01             0.452E-28
             0.232E+01             0.241E-29
             0.233E+01             0.334E-30
             0.235E+01             0.917E-31
             0.237E+01             0.230E-31
             0.239E+01             0.569E-30
             0.241E+01             0.826E-30
             0.243E+01             0.419E-33
             0.245E+01             0.161E-29
             0.247E+01             0.137E-29
             0.249E+01             0.125E-28
             0.251E+01             0.243E-29
             0.253E+01             0.756E-30
             0.255E+01             0.279E-28
             0.256E+01             0.338E-29
             0.258E+01             0.148E-29
             0.260E+01             0.383E-29
             0.262E+01             0.522E-30
             0.264E+01             0.224E-28
             0.266E+01             0.450E-29
             0.268E+01             0.190E-30
             0.270E+01             0.228E-30
             0.272E+01             0.104E-29
             0.274E+01             0.333E-29
             0.276E+01             0.165E-29
             0.278E+01             0.131E-32
             0.280E+01             0.163E-29
             0.281E+01             0.328E-29
             0.283E+01             0.961E-29
             0.285E+01             0.656E-29
             0.287E+01             0.984E-29
             0.289E+01             0.199E-29
             0.291E+01             0.176E-29
             0.293E+01             0.676E-29
             0.295E+01             0.563E-30
             0.297E+01             0.625E-29
             0.299E+01             0.518E-29
             0.301E+01             0.750E-29
             0.303E+01             0.656E-30
             0.305E+01             0.970E-30
             0.306E+01             0.118E-28
             0.308E+01             0.158E-29
             0.310E+01             0.156E-31
             0.312E+01             0.133E-31
             0.314E+01             0.252E-29
             0.316E+01             0.409E-29
             0.318E+01             0.879E-33
             0.320E+01             0.298E-30
             0.322E+01             0.246E-29
             0.324E+01             0.249E-29
             0.326E+01             0.301E-29
             0.328E+01             0.173E-30
             0.329E+01             0.319E-29
             0.331E+01             0.641E-30
             0.333E+01             0.148E-30
             0.335E+01             0.223E-29
             0.337E+01             0.277E-29
             0.339E+01             0.203E-29
             0.341E+01             0.127E-31
             0.343E+01             0.365E-31
             0.345E+01             0.144E-29
             0.347E+01             0.183E-29
             0.349E+01             0.240E-30
             0.351E+01             0.148E-30
             0.353E+01             0.381E-31
             0.354E+01             0.117E-29
             0.356E+01             0.124E-30
             0.358E+01             0.136E-31
             0.360E+01             0.780E-29
             0.362E+01             0.528E-29
             0.364E+01             0.761E-32
             0.366E+01             0.350E-30
             0.368E+01             0.123E-30
             0.370E+01             0.129E-30
             0.372E+01             0.421E-29
             0.374E+01             0.501E-30
             0.376E+01             0.154E-29
             0.378E+01             0.138E-32
             0.379E+01             0.905E-30
             0.381E+01             0.479E-29
             0.383E+01             0.236E-29
             0.385E+01             0.253E-30
             0.387E+01             0.270E-31
             0.389E+01             0.280E-30
             0.391E+01             0.612E-31
             0.393E+01             0.433E-29
             0.395E+01             0.388E-30
             0.397E+01             0.223E-29
             0.399E+01             0.981E-33
             0.401E+01             0.791E-31
             0.402E+01             0.363E-29
             0.404E+01             0.171E-31
             0.406E+01             0.255E-31
             0.408E+01             0.230E-30
             0.410E+01             0.410E-31
             0.412E+01             0.785E-32
             0.414E+01             0.674E-30
             0.416E+01             0.885E-31
             0.418E+01             0.134E-29
             0.420E+01             0.826E-32
             0.422E+01             0.977E-30
             0.424E+01             0.387E-30
             0.426E+01             0.595E-31
             0.427E+01             0.103E-29
             0.429E+01             0.116E-29
             0.431E+01             0.368E-31
             0.433E+01             0.598E-30
             0.435E+01             0.557E-31
             0.437E+01             0.294E-30
             0.439E+01             0.998E-30
             0.441E+01             0.258E-30
             0.443E+01             0.431E-30
             0.445E+01             0.177E-31
             0.447E+01             0.299E-30
             0.449E+01             0.945E-31
             0.451E+01             0.945E-30
             0.452E+01             0.296E-30
             0.454E+01             0.230E-30
             0.456E+01             0.296E-30
             0.458E+01             0.755E-31
             0.460E+01             0.305E-30
             0.462E+01             0.275E-30
             0.464E+01             0.109E-29
             0.466E+01             0.233E-32
             0.468E+01             0.893E-30
             0.470E+01             0.136E-30
             0.472E+01             0.110E-29
             0.474E+01             0.798E-30
             0.476E+01             0.115E-31
             0.477E+01             0.286E-32
             0.479E+01             0.173E-30
             0.481E+01             0.357E-30
             0.483E+01             0.264E-31
             0.485E+01             0.914E-31
             0.487E+01             0.143E-30
             0.489E+01             0.121E-29
             0.491E+01             0.729E-30
             0.493E+01             0.303E-30
             0.495E+01             0.523E-30
             0.497E+01             0.153E-30
             0.499E+01             0.735E-30
             0.500E+01             0.148E-30
             0.502E+01             0.359E-30
             0.504E+01             0.854E-32
             0.506E+01             0.339E-31
             0.508E+01             0.402E-32
             0.510E+01             0.239E-30
             0.512E+01             0.526E-31
             0.514E+01             0.893E-30
             0.516E+01             0.643E-31
             0.518E+01             0.253E-30
             0.520E+01             0.756E-30
             0.522E+01             0.554E-30
             0.524E+01             0.207E-29
             0.525E+01             0.259E-30
             0.527E+01             0.792E-31
             0.529E+01             0.568E-30
             0.531E+01             0.433E-30
             0.533E+01             0.267E-30
             0.535E+01             0.628E-31
             0.537E+01             0.188E-30
             0.539E+01             0.390E-30
             0.541E+01             0.123E-30
             0.543E+01             0.118E-30
             0.545E+01             0.103E-32
             0.547E+01             0.421E-31
             0.549E+01             0.189E-33
             0.550E+01             0.201E-31
             0.552E+01             0.123E-29
             0.554E+01             0.164E-31
             0.556E+01             0.195E-30
             0.558E+01             0.205E-33
             0.560E+01             0.465E-31
             0.562E+01             0.226E-30
             0.564E+01             0.181E-31
             0.566E+01             0.321E-33
             0.568E+01             0.109E-29
             0.570E+01             0.437E-32
             0.572E+01             0.297E-30
             0.573E+01             0.675E-31
             0.575E+01             0.961E-31
             0.577E+01             0.138E-30
             0.579E+01             0.159E-29
             0.581E+01             0.442E-30
             0.583E+01             0.289E-30
             0.585E+01             0.499E-31
             0.587E+01             0.605E-30
             0.589E+01             0.927E-30
             0.591E+01             0.247E-31
             0.593E+01             0.204E-30
             0.595E+01             0.382E-30
             0.597E+01             0.302E-29
             0.598E+01             0.393E-29
             0.600E+01             0.593E-30
             0.602E+01             0.700E-30
             0.604E+01             0.205E-32
             0.606E+01             0.503E-31
             0.608E+01             0.310E-31
             0.610E+01             0.466E-30
             0.612E+01             0.650E-30
             0.614E+01             0.819E-30
             0.616E+01             0.299E-31
             0.618E+01             0.119E-29
             0.620E+01             0.144E-34
             0.622E+01             0.396E-30
             0.623E+01             0.126E-30
             0.625E+01             0.306E-31
             0.627E+01             0.192E-31
             0.629E+01             0.964E-31
             0.631E+01             0.171E-30
             0.633E+01             0.293E-29
             0.635E+01             0.385E-30
             0.637E+01             0.381E-31
             0.639E+01             0.691E-31
             0.641E+01             0.148E-30
             0.643E+01             0.808E-31
             0.645E+01             0.160E-29
             0.646E+01             0.109E-29
             0.648E+01             0.208E-30
             0.650E+01             0.231E-29
             0.652E+01             0.821E-30
             0.654E+01             0.544E-30
             0.656E+01             0.276E-31
             0.658E+01             0.565E-31
             0.660E+01             0.161E-31
             0.662E+01             0.271E-32
             0.664E+01             0.701E-30
             0.666E+01             0.299E-31
             0.668E+01             0.187E-30
             0.670E+01             0.101E-29
             0.671E+01             0.837E-31
             0.673E+01             0.222E-30
             0.675E+01             0.892E-31
             0.677E+01             0.142E-29
             0.679E+01             0.107E-30
             0.681E+01             0.172E-30
             0.683E+01             0.518E-31
             0.685E+01             0.188E-29
             0.687E+01             0.834E-30
             0.689E+01             0.547E-29
             0.691E+01             0.593E-29
             0.693E+01             0.545E-29
             0.695E+01             0.814E-30
             0.696E+01             0.551E-33
             0.698E+01             0.455E-29
             0.700E+01             0.997E-31
             0.702E+01             0.505E-29
             0.704E+01             0.101E-29
             0.706E+01             0.684E-30
             0.708E+01             0.556E-30
             0.710E+01             0.104E-29
             0.712E+01             0.595E-30
             0.714E+01             0.127E-29
             0.716E+01             0.811E-31
             0.718E+01             0.185E-29
             0.720E+01             0.374E-31
             0.721E+01             0.186E-30
             0.723E+01             0.236E-31
             0.725E+01             0.156E-29
             0.727E+01             0.301E-29
             0.729E+01             0.311E-29
             0.731E+01             0.139E-30
             0.733E+01             0.693E-29
             0.735E+01             0.550E-29
             0.737E+01             0.451E-29
             0.739E+01             0.367E-30
             0.741E+01             0.250E-29
             0.743E+01             0.102E-30
             0.744E+01             0.297E-29
             0.746E+01             0.594E-29
             0.748E+01             0.623E-29
             0.750E+01             0.197E-29
             0.752E+01             0.136E-29
             0.754E+01             0.173E-29
             0.756E+01             0.294E-29
             0.758E+01             0.531E-29
             0.760E+01             0.996E-30
             0.762E+01             0.434E-28
             0.764E+01             0.941E-29
             0.766E+01             0.789E-30
             0.768E+01             0.100E-28
             0.769E+01             0.778E-29
             0.771E+01             0.536E-32
             0.773E+01             0.514E-29
             0.775E+01             0.594E-30
             0.777E+01             0.107E-29
             0.779E+01             0.245E-30
             0.781E+01             0.478E-29
             0.783E+01             0.236E-30
             0.785E+01             0.150E-30
             0.787E+01             0.338E-31
             0.789E+01             0.462E-30
             0.791E+01             0.545E-29
             0.793E+01             0.497E-30
             0.794E+01             0.562E-31
             0.796E+01             0.429E-29
             0.798E+01             0.376E-32
             0.800E+01             0.247E-29
             0.802E+01             0.756E-30
             0.804E+01             0.179E-30
             0.806E+01             0.420E-29
             0.808E+01             0.560E-30
             0.810E+01             0.186E-31
             0.812E+01             0.250E-30
             0.814E+01             0.641E-30
             0.816E+01             0.188E-30
             0.817E+01             0.169E-30
             0.819E+01             0.451E-29
             0.821E+01             0.479E-31
             0.823E+01             0.662E-29
             0.825E+01             0.241E-31
             0.827E+01             0.523E-29
             0.829E+01             0.354E-29
             0.831E+01             0.411E-31
             0.833E+01             0.255E-29
             0.835E+01             0.789E-30
             0.837E+01             0.148E-29
             0.839E+01             0.549E-29
             0.841E+01             0.452E-29
             0.842E+01             0.307E-30
             0.844E+01             0.875E-30
             0.846E+01             0.233E-29
             0.848E+01             0.282E-30
             0.850E+01             0.228E-29
             0.852E+01             0.244E-31
             0.854E+01             0.693E-31
             0.856E+01             0.156E-30
             0.858E+01             0.205E-29
             0.860E+01             0.713E-29
             0.862E+01             0.694E-29
             0.864E+01             0.332E-30
             0.866E+01             0.314E-29
             0.867E+01             0.510E-29
             0.869E+01             0.638E-29
             0.871E+01             0.300E-29
             0.873E+01             0.704E-30
             0.875E+01             0.220E-30
             0.877E+01             0.184E-29
             0.879E+01             0.185E-30
             0.881E+01             0.413E-29
             0.883E+01             0.756E-32
             0.885E+01             0.380E-29
             0.887E+01             0.143E-29
             0.889E+01             0.538E-30
             0.890E+01             0.421E-31
             0.892E+01             0.262E-29
             0.894E+01             0.607E-29
             0.896E+01             0.165E-29
             0.898E+01             0.527E-30
             0.900E+01             0.463E-29
             0.902E+01             0.133E-29
             0.904E+01             0.480E-30
             0.906E+01             0.701E-30
             0.908E+01             0.127E-30
             0.910E+01             0.358E-29
             0.912E+01             0.965E-31
             0.914E+01             0.291E-29
             0.915E+01             0.148E-29
             0.917E+01             0.673E-30
             0.919E+01             0.615E-30
             0.921E+01             0.149E-32
             0.923E+01             0.354E-30
             0.925E+01             0.660E-34
             0.927E+01             0.100E-31
             0.929E+01             0.354E-32
             0.931E+01             0.493E-33
             0.933E+01             0.751E-32
             0.935E+01             0.741E-35
             0.937E+01             0.712E-35
             0.939E+01             0.133E-33
             0.940E+01             0.697E-35
             0.942E+01             0.812E-34
             0.944E+01             0.606E-36
             0.946E+01             0.118E-35
             0.948E+01             0.419E-38
             0.950E+01             0.455E-36
             0.952E+01             0.242E-37
             0.954E+01             0.918E-40
             0.956E+01             0.675E-41
             0.958E+01             0.194E-39
             0.960E+01             0.402E-42
             0.962E+01             0.534E-41
             0.963E+01             0.308E-43
             0.965E+01             0.804E-43
             0.967E+01             0.453E-44
             0.969E+01             0.127E-43
             0.971E+01             0.104E-44
             0.973E+01             0.285E-45
             0.975E+01             0.835E-47
             0.977E+01             0.493E-47
             0.979E+01             0.850E-49
             0.981E+01             0.333E-48
             0.983E+01             0.645E-50
             0.985E+01             0.937E-51
             0.987E+01             0.403E-52
             0.988E+01             0.164E-52
             0.990E+01             0.491E-53
             0.992E+01             0.607E-54
             0.994E+01             0.119E-55
             0.996E+01             0.423E-57
             0.998E+01             0.639E-57
             0.100E+02             0.462E-63
