            -0.299E+01             0.131E-65
            -0.298E+01             0.508E-62
            -0.298E+01             0.536E-62
            -0.297E+01             0.153E-62
            -0.296E+01             0.234E-65
            -0.295E+01             0.119E-61
            -0.294E+01             0.110E-65
            -0.294E+01             0.115E-67
            -0.293E+01             0.676E-62
            -0.292E+01             0.404E-62
            -0.291E+01             0.589E-61
            -0.291E+01             0.440E-63
            -0.290E+01             0.357E-65
            -0.289E+01             0.375E-62
            -0.288E+01             0.190E-63
            -0.287E+01             0.825E-62
            -0.287E+01             0.687E-63
            -0.286E+01             0.107E-61
            -0.285E+01             0.880E-63
            -0.284E+01             0.640E-64
            -0.283E+01             0.988E-67
            -0.283E+01             0.147E-61
            -0.282E+01             0.905E-65
            -0.281E+01             0.480E-65
            -0.280E+01             0.322E-63
            -0.280E+01             0.101E-62
            -0.279E+01             0.866E-65
            -0.278E+01             0.179E-62
            -0.277E+01             0.158E-64
            -0.276E+01             0.241E-62
            -0.276E+01             0.312E-63
            -0.275E+01             0.571E-61
            -0.274E+01             0.241E-62
            -0.273E+01             0.606E-62
            -0.272E+01             0.286E-61
            -0.272E+01             0.355E-61
            -0.271E+01             0.166E-60
            -0.270E+01             0.336E-60
            -0.269E+01             0.963E-60
            -0.268E+01             0.194E-59
            -0.268E+01             0.446E-59
            -0.267E+01             0.102E-58
            -0.266E+01             0.226E-58
            -0.265E+01             0.534E-58
            -0.265E+01             0.125E-57
            -0.264E+01             0.280E-57
            -0.263E+01             0.634E-57
            -0.262E+01             0.143E-56
            -0.261E+01             0.325E-56
            -0.261E+01             0.734E-56
            -0.260E+01             0.164E-55
            -0.259E+01             0.369E-55
            -0.258E+01             0.826E-55
            -0.257E+01             0.184E-54
            -0.257E+01             0.410E-54
            -0.256E+01             0.912E-54
            -0.255E+01             0.202E-53
            -0.254E+01             0.447E-53
            -0.253E+01             0.985E-53
            -0.253E+01             0.217E-52
            -0.252E+01             0.475E-52
            -0.251E+01             0.104E-51
            -0.250E+01             0.227E-51
            -0.250E+01             0.495E-51
            -0.249E+01             0.107E-50
            -0.248E+01             0.233E-50
            -0.247E+01             0.504E-50
            -0.246E+01             0.109E-49
            -0.246E+01             0.234E-49
            -0.245E+01             0.502E-49
            -0.244E+01             0.107E-48
            -0.243E+01             0.229E-48
            -0.242E+01             0.489E-48
            -0.242E+01             0.104E-47
            -0.241E+01             0.220E-47
            -0.240E+01             0.465E-47
            -0.239E+01             0.982E-47
            -0.239E+01             0.207E-46
            -0.238E+01             0.434E-46
            -0.237E+01             0.908E-46
            -0.236E+01             0.190E-45
            -0.235E+01             0.395E-45
            -0.235E+01             0.821E-45
            -0.234E+01             0.170E-44
            -0.233E+01             0.352E-44
            -0.232E+01             0.727E-44
            -0.231E+01             0.150E-43
            -0.231E+01             0.307E-43
            -0.230E+01             0.629E-43
            -0.229E+01             0.128E-42
            -0.228E+01             0.262E-42
            -0.227E+01             0.532E-42
            -0.227E+01             0.108E-41
            -0.226E+01             0.218E-41
            -0.225E+01             0.440E-41
            -0.224E+01             0.886E-41
            -0.224E+01             0.178E-40
            -0.223E+01             0.356E-40
            -0.222E+01             0.712E-40
            -0.221E+01             0.142E-39
            -0.220E+01             0.282E-39
            -0.220E+01             0.559E-39
            -0.219E+01             0.111E-38
            -0.218E+01             0.218E-38
            -0.217E+01             0.430E-38
            -0.216E+01             0.844E-38
            -0.216E+01             0.165E-37
            -0.215E+01             0.323E-37
            -0.214E+01             0.629E-37
            -0.213E+01             0.122E-36
            -0.212E+01             0.237E-36
            -0.212E+01             0.459E-36
            -0.211E+01             0.886E-36
            -0.210E+01             0.170E-35
            -0.209E+01             0.327E-35
            -0.209E+01             0.627E-35
            -0.208E+01             0.120E-34
            -0.207E+01             0.228E-34
            -0.206E+01             0.434E-34
            -0.205E+01             0.823E-34
            -0.205E+01             0.156E-33
            -0.204E+01             0.294E-33
            -0.203E+01             0.553E-33
            -0.202E+01             0.104E-32
            -0.201E+01             0.195E-32
            -0.201E+01             0.364E-32
            -0.200E+01             0.678E-32
            -0.199E+01             0.126E-31
            -0.198E+01             0.234E-31
            -0.198E+01             0.432E-31
            -0.197E+01             0.797E-31
            -0.196E+01             0.147E-30
            -0.195E+01             0.269E-30
            -0.194E+01             0.494E-30
            -0.194E+01             0.902E-30
            -0.193E+01             0.164E-29
            -0.192E+01             0.299E-29
            -0.191E+01             0.542E-29
            -0.190E+01             0.980E-29
            -0.190E+01             0.177E-28
            -0.189E+01             0.318E-28
            -0.188E+01             0.571E-28
            -0.187E+01             0.102E-27
            -0.186E+01             0.183E-27
            -0.186E+01             0.326E-27
            -0.185E+01             0.579E-27
            -0.184E+01             0.103E-26
            -0.183E+01             0.182E-26
            -0.183E+01             0.320E-26
            -0.182E+01             0.564E-26
            -0.181E+01             0.990E-26
            -0.180E+01             0.173E-25
            -0.179E+01             0.303E-25
            -0.179E+01             0.528E-25
            -0.178E+01             0.917E-25
            -0.177E+01             0.159E-24
            -0.176E+01             0.275E-24
            -0.175E+01             0.474E-24
            -0.175E+01             0.816E-24
            -0.174E+01             0.140E-23
            -0.173E+01             0.240E-23
            -0.172E+01             0.409E-23
            -0.171E+01             0.698E-23
            -0.171E+01             0.119E-22
            -0.170E+01             0.201E-22
            -0.169E+01             0.340E-22
            -0.168E+01             0.573E-22
            -0.168E+01             0.964E-22
            -0.167E+01             0.162E-21
            -0.166E+01             0.271E-21
            -0.165E+01             0.452E-21
            -0.164E+01             0.753E-21
            -0.164E+01             0.125E-20
            -0.163E+01             0.207E-20
            -0.162E+01             0.343E-20
            -0.161E+01             0.565E-20
            -0.160E+01             0.929E-20
            -0.160E+01             0.152E-19
            -0.159E+01             0.249E-19
            -0.158E+01             0.407E-19
            -0.157E+01             0.663E-19
            -0.157E+01             0.108E-18
            -0.156E+01             0.174E-18
            -0.155E+01             0.282E-18
            -0.154E+01             0.454E-18
            -0.153E+01             0.730E-18
            -0.153E+01             0.117E-17
            -0.152E+01             0.187E-17
            -0.151E+01             0.299E-17
            -0.150E+01             0.476E-17
            -0.149E+01             0.756E-17
            -0.149E+01             0.120E-16
            -0.148E+01             0.189E-16
            -0.147E+01             0.298E-16
            -0.146E+01             0.468E-16
            -0.145E+01             0.734E-16
            -0.145E+01             0.115E-15
            -0.144E+01             0.179E-15
            -0.143E+01             0.279E-15
            -0.142E+01             0.432E-15
            -0.142E+01             0.669E-15
            -0.141E+01             0.103E-14
            -0.140E+01             0.159E-14
            -0.139E+01             0.245E-14
            -0.138E+01             0.375E-14
            -0.138E+01             0.573E-14
            -0.137E+01             0.873E-14
            -0.136E+01             0.133E-13
            -0.135E+01             0.201E-13
            -0.134E+01             0.305E-13
            -0.134E+01             0.460E-13
            -0.133E+01             0.692E-13
            -0.132E+01             0.104E-12
            -0.131E+01             0.156E-12
            -0.130E+01             0.233E-12
            -0.130E+01             0.347E-12
            -0.129E+01             0.515E-12
            -0.128E+01             0.764E-12
            -0.127E+01             0.113E-11
            -0.127E+01             0.167E-11
            -0.126E+01             0.245E-11
            -0.125E+01             0.360E-11
            -0.124E+01             0.527E-11
            -0.123E+01             0.769E-11
            -0.123E+01             0.112E-10
            -0.122E+01             0.163E-10
            -0.121E+01             0.236E-10
            -0.120E+01             0.341E-10
            -0.119E+01             0.491E-10
            -0.119E+01             0.706E-10
            -0.118E+01             0.101E-09
            -0.117E+01             0.145E-09
            -0.116E+01             0.207E-09
            -0.116E+01             0.294E-09
            -0.115E+01             0.417E-09
            -0.114E+01             0.591E-09
            -0.113E+01             0.834E-09
            -0.112E+01             0.118E-08
            -0.112E+01             0.165E-08
            -0.111E+01             0.231E-08
            -0.110E+01             0.323E-08
            -0.109E+01             0.451E-08
            -0.108E+01             0.627E-08
            -0.108E+01             0.869E-08
            -0.107E+01             0.120E-07
            -0.106E+01             0.166E-07
            -0.105E+01             0.228E-07
            -0.104E+01             0.313E-07
            -0.104E+01             0.429E-07
            -0.103E+01             0.586E-07
            -0.102E+01             0.798E-07
            -0.101E+01             0.108E-06
            -0.101E+01             0.147E-06
            -0.997E+00             0.198E-06
            -0.989E+00             0.268E-06
            -0.982E+00             0.360E-06
            -0.974E+00             0.482E-06
            -0.966E+00             0.645E-06
            -0.958E+00             0.860E-06
            -0.950E+00             0.114E-05
            -0.942E+00             0.152E-05
            -0.934E+00             0.201E-05
            -0.926E+00             0.265E-05
            -0.919E+00             0.349E-05
            -0.911E+00             0.459E-05
            -0.903E+00             0.601E-05
            -0.895E+00             0.785E-05
            -0.887E+00             0.102E-04
            -0.879E+00             0.133E-04
            -0.871E+00             0.172E-04
            -0.863E+00             0.222E-04
            -0.855E+00             0.287E-04
            -0.848E+00             0.369E-04
            -0.840E+00             0.473E-04
            -0.832E+00             0.605E-04
            -0.824E+00             0.771E-04
            -0.816E+00             0.981E-04
            -0.808E+00             0.124E-03
            -0.800E+00             0.157E-03
            -0.792E+00             0.199E-03
            -0.784E+00             0.250E-03
            -0.777E+00             0.314E-03
            -0.769E+00             0.393E-03
            -0.761E+00             0.490E-03
            -0.753E+00             0.611E-03
            -0.745E+00             0.758E-03
            -0.737E+00             0.939E-03
            -0.729E+00             0.116E-02
            -0.721E+00             0.143E-02
            -0.714E+00             0.175E-02
            -0.706E+00             0.215E-02
            -0.698E+00             0.262E-02
            -0.690E+00             0.320E-02
            -0.682E+00             0.388E-02
            -0.674E+00             0.471E-02
            -0.666E+00             0.569E-02
            -0.658E+00             0.685E-02
            -0.650E+00             0.823E-02
            -0.643E+00             0.987E-02
            -0.635E+00             0.118E-01
            -0.627E+00             0.140E-01
            -0.619E+00             0.167E-01
            -0.611E+00             0.198E-01
            -0.603E+00             0.234E-01
            -0.595E+00             0.275E-01
            -0.587E+00             0.324E-01
            -0.580E+00             0.379E-01
            -0.572E+00             0.443E-01
            -0.564E+00             0.516E-01
            -0.556E+00             0.600E-01
            -0.548E+00             0.694E-01
            -0.540E+00             0.802E-01
            -0.532E+00             0.924E-01
            -0.524E+00             0.106E+00
            -0.516E+00             0.121E+00
            -0.509E+00             0.139E+00
            -0.501E+00             0.158E+00
            -0.493E+00             0.179E+00
            -0.485E+00             0.203E+00
            -0.477E+00             0.228E+00
            -0.469E+00             0.257E+00
            -0.461E+00             0.288E+00
            -0.453E+00             0.322E+00
            -0.445E+00             0.359E+00
            -0.438E+00             0.398E+00
            -0.430E+00             0.441E+00
            -0.422E+00             0.487E+00
            -0.414E+00             0.536E+00
            -0.406E+00             0.588E+00
            -0.398E+00             0.643E+00
            -0.390E+00             0.701E+00
            -0.382E+00             0.761E+00
            -0.375E+00             0.824E+00
            -0.367E+00             0.889E+00
            -0.359E+00             0.956E+00
            -0.351E+00             0.102E+01
            -0.343E+00             0.109E+01
            -0.335E+00             0.116E+01
            -0.327E+00             0.123E+01
            -0.319E+00             0.130E+01
            -0.311E+00             0.137E+01
            -0.304E+00             0.144E+01
            -0.296E+00             0.150E+01
            -0.288E+00             0.157E+01
            -0.280E+00             0.162E+01
            -0.272E+00             0.168E+01
            -0.264E+00             0.172E+01
            -0.256E+00             0.176E+01
            -0.248E+00             0.180E+01
            -0.240E+00             0.183E+01
            -0.233E+00             0.184E+01
            -0.225E+00             0.185E+01
            -0.217E+00             0.186E+01
            -0.209E+00             0.185E+01
            -0.201E+00             0.183E+01
            -0.193E+00             0.180E+01
            -0.185E+00             0.177E+01
            -0.177E+00             0.172E+01
            -0.170E+00             0.166E+01
            -0.162E+00             0.160E+01
            -0.154E+00             0.153E+01
            -0.146E+00             0.145E+01
            -0.138E+00             0.136E+01
            -0.130E+00             0.127E+01
            -0.122E+00             0.117E+01
            -0.114E+00             0.107E+01
            -0.106E+00             0.964E+00
            -0.986E-01             0.860E+00
            -0.907E-01             0.756E+00
            -0.828E-01             0.653E+00
            -0.749E-01             0.554E+00
            -0.670E-01             0.460E+00
            -0.591E-01             0.371E+00
            -0.512E-01             0.289E+00
            -0.434E-01             0.216E+00
            -0.355E-01             0.152E+00
            -0.276E-01             0.985E-01
            -0.197E-01             0.559E-01
            -0.118E-01             0.250E-01
            -0.394E-02             0.627E-02
             0.394E-02             0.230E-24
             0.118E-01             0.627E-02
             0.197E-01             0.250E-01
             0.276E-01             0.559E-01
             0.355E-01             0.985E-01
             0.434E-01             0.152E+00
             0.512E-01             0.216E+00
             0.591E-01             0.289E+00
             0.670E-01             0.371E+00
             0.749E-01             0.460E+00
             0.828E-01             0.554E+00
             0.907E-01             0.653E+00
             0.986E-01             0.756E+00
             0.106E+00             0.860E+00
             0.114E+00             0.964E+00
             0.122E+00             0.107E+01
             0.130E+00             0.117E+01
             0.138E+00             0.127E+01
             0.146E+00             0.136E+01
             0.154E+00             0.145E+01
             0.162E+00             0.153E+01
             0.170E+00             0.160E+01
             0.177E+00             0.166E+01
             0.185E+00             0.172E+01
             0.193E+00             0.177E+01
             0.201E+00             0.180E+01
             0.209E+00             0.183E+01
             0.217E+00             0.185E+01
             0.225E+00             0.186E+01
             0.233E+00             0.185E+01
             0.240E+00             0.184E+01
             0.248E+00             0.183E+01
             0.256E+00             0.180E+01
             0.264E+00             0.176E+01
             0.272E+00             0.172E+01
             0.280E+00             0.168E+01
             0.288E+00             0.162E+01
             0.296E+00             0.157E+01
             0.304E+00             0.150E+01
             0.311E+00             0.144E+01
             0.319E+00             0.137E+01
             0.327E+00             0.130E+01
             0.335E+00             0.123E+01
             0.343E+00             0.116E+01
             0.351E+00             0.109E+01
             0.359E+00             0.102E+01
             0.367E+00             0.956E+00
             0.375E+00             0.889E+00
             0.382E+00             0.824E+00
             0.390E+00             0.761E+00
             0.398E+00             0.701E+00
             0.406E+00             0.643E+00
             0.414E+00             0.588E+00
             0.422E+00             0.536E+00
             0.430E+00             0.487E+00
             0.438E+00             0.441E+00
             0.445E+00             0.398E+00
             0.453E+00             0.359E+00
             0.461E+00             0.322E+00
             0.469E+00             0.288E+00
             0.477E+00             0.257E+00
             0.485E+00             0.228E+00
             0.493E+00             0.203E+00
             0.501E+00             0.179E+00
             0.509E+00             0.158E+00
             0.516E+00             0.139E+00
             0.524E+00             0.121E+00
             0.532E+00             0.106E+00
             0.540E+00             0.924E-01
             0.548E+00             0.802E-01
             0.556E+00             0.694E-01
             0.564E+00             0.600E-01
             0.572E+00             0.516E-01
             0.580E+00             0.443E-01
             0.587E+00             0.379E-01
             0.595E+00             0.324E-01
             0.603E+00             0.275E-01
             0.611E+00             0.234E-01
             0.619E+00             0.198E-01
             0.627E+00             0.167E-01
             0.635E+00             0.140E-01
             0.643E+00             0.118E-01
             0.650E+00             0.987E-02
             0.658E+00             0.823E-02
             0.666E+00             0.685E-02
             0.674E+00             0.569E-02
             0.682E+00             0.471E-02
             0.690E+00             0.388E-02
             0.698E+00             0.320E-02
             0.706E+00             0.262E-02
             0.714E+00             0.215E-02
             0.721E+00             0.175E-02
             0.729E+00             0.143E-02
             0.737E+00             0.116E-02
             0.745E+00             0.939E-03
             0.753E+00             0.758E-03
             0.761E+00             0.611E-03
             0.769E+00             0.490E-03
             0.777E+00             0.393E-03
             0.784E+00             0.314E-03
             0.792E+00             0.250E-03
             0.800E+00             0.199E-03
             0.808E+00             0.157E-03
             0.816E+00             0.124E-03
             0.824E+00             0.981E-04
             0.832E+00             0.771E-04
             0.840E+00             0.605E-04
             0.848E+00             0.473E-04
             0.855E+00             0.369E-04
             0.863E+00             0.287E-04
             0.871E+00             0.222E-04
             0.879E+00             0.172E-04
             0.887E+00             0.133E-04
             0.895E+00             0.102E-04
             0.903E+00             0.785E-05
             0.911E+00             0.601E-05
             0.919E+00             0.459E-05
             0.926E+00             0.349E-05
             0.934E+00             0.265E-05
             0.942E+00             0.201E-05
             0.950E+00             0.152E-05
             0.958E+00             0.114E-05
             0.966E+00             0.860E-06
             0.974E+00             0.645E-06
             0.982E+00             0.482E-06
             0.989E+00             0.360E-06
             0.997E+00             0.268E-06
             0.101E+01             0.198E-06
             0.101E+01             0.147E-06
             0.102E+01             0.108E-06
             0.103E+01             0.798E-07
             0.104E+01             0.586E-07
             0.104E+01             0.429E-07
             0.105E+01             0.313E-07
             0.106E+01             0.228E-07
             0.107E+01             0.166E-07
             0.108E+01             0.120E-07
             0.108E+01             0.869E-08
             0.109E+01             0.627E-08
             0.110E+01             0.451E-08
             0.111E+01             0.323E-08
             0.112E+01             0.231E-08
             0.112E+01             0.165E-08
             0.113E+01             0.118E-08
             0.114E+01             0.834E-09
             0.115E+01             0.591E-09
             0.116E+01             0.417E-09
             0.116E+01             0.294E-09
             0.117E+01             0.207E-09
             0.118E+01             0.145E-09
             0.119E+01             0.101E-09
             0.119E+01             0.706E-10
             0.120E+01             0.491E-10
             0.121E+01             0.341E-10
             0.122E+01             0.236E-10
             0.123E+01             0.163E-10
             0.123E+01             0.112E-10
             0.124E+01             0.769E-11
             0.125E+01             0.527E-11
             0.126E+01             0.360E-11
             0.127E+01             0.245E-11
             0.127E+01             0.167E-11
             0.128E+01             0.113E-11
             0.129E+01             0.764E-12
             0.130E+01             0.515E-12
             0.130E+01             0.347E-12
             0.131E+01             0.233E-12
             0.132E+01             0.156E-12
             0.133E+01             0.104E-12
             0.134E+01             0.692E-13
             0.134E+01             0.460E-13
             0.135E+01             0.305E-13
             0.136E+01             0.201E-13
             0.137E+01             0.133E-13
             0.138E+01             0.873E-14
             0.138E+01             0.573E-14
             0.139E+01             0.375E-14
             0.140E+01             0.245E-14
             0.141E+01             0.159E-14
             0.142E+01             0.103E-14
             0.142E+01             0.669E-15
             0.143E+01             0.432E-15
             0.144E+01             0.279E-15
             0.145E+01             0.179E-15
             0.145E+01             0.115E-15
             0.146E+01             0.734E-16
             0.147E+01             0.468E-16
             0.148E+01             0.298E-16
             0.149E+01             0.189E-16
             0.149E+01             0.120E-16
             0.150E+01             0.756E-17
             0.151E+01             0.476E-17
             0.152E+01             0.299E-17
             0.153E+01             0.187E-17
             0.153E+01             0.117E-17
             0.154E+01             0.730E-18
             0.155E+01             0.454E-18
             0.156E+01             0.282E-18
             0.157E+01             0.174E-18
             0.157E+01             0.108E-18
             0.158E+01             0.663E-19
             0.159E+01             0.407E-19
             0.160E+01             0.249E-19
             0.160E+01             0.152E-19
             0.161E+01             0.929E-20
             0.162E+01             0.565E-20
             0.163E+01             0.343E-20
             0.164E+01             0.207E-20
             0.164E+01             0.125E-20
             0.165E+01             0.753E-21
             0.166E+01             0.452E-21
             0.167E+01             0.271E-21
             0.168E+01             0.162E-21
             0.168E+01             0.964E-22
             0.169E+01             0.573E-22
             0.170E+01             0.340E-22
             0.171E+01             0.201E-22
             0.171E+01             0.118E-22
             0.172E+01             0.694E-23
             0.173E+01             0.409E-23
             0.174E+01             0.240E-23
             0.175E+01             0.141E-23
             0.175E+01             0.816E-24
             0.176E+01             0.469E-24
             0.177E+01             0.272E-24
             0.178E+01             0.159E-24
             0.179E+01             0.910E-25
             0.179E+01             0.524E-25
             0.180E+01             0.311E-25
             0.181E+01             0.188E-25
             0.182E+01             0.105E-25
             0.183E+01             0.590E-26
             0.183E+01             0.340E-26
             0.184E+01             0.226E-26
             0.185E+01             0.112E-26
             0.186E+01             0.430E-27
             0.186E+01             0.298E-27
             0.187E+01             0.176E-27
             0.188E+01             0.277E-28
             0.189E+01             0.383E-28
             0.190E+01             0.340E-28
             0.190E+01             0.369E-29
             0.191E+01             0.107E-28
             0.192E+01             0.111E-28
             0.193E+01             0.152E-30
             0.194E+01             0.216E-32
             0.194E+01             0.434E-31
             0.195E+01             0.320E-29
             0.196E+01             0.795E-29
             0.197E+01             0.377E-29
             0.198E+01             0.393E-33
             0.198E+01             0.391E-30
             0.199E+01             0.329E-29
             0.200E+01             0.560E-29
             0.201E+01             0.133E-28
             0.201E+01             0.722E-29
             0.202E+01             0.385E-30
             0.203E+01             0.899E-30
             0.204E+01             0.260E-29
             0.205E+01             0.544E-32
             0.205E+01             0.257E-29
             0.206E+01             0.180E-28
             0.207E+01             0.212E-28
             0.208E+01             0.382E-29
             0.209E+01             0.805E-29
             0.209E+01             0.118E-28
             0.210E+01             0.317E-29
             0.211E+01             0.250E-29
             0.212E+01             0.458E-30
             0.212E+01             0.382E-29
             0.213E+01             0.186E-29
             0.214E+01             0.318E-30
             0.215E+01             0.954E-32
             0.216E+01             0.221E-29
             0.216E+01             0.404E-29
             0.217E+01             0.346E-30
             0.218E+01             0.129E-28
             0.219E+01             0.285E-29
             0.220E+01             0.326E-30
             0.220E+01             0.738E-30
             0.221E+01             0.116E-30
             0.222E+01             0.140E-30
             0.223E+01             0.276E-30
             0.224E+01             0.812E-30
             0.224E+01             0.127E-29
             0.225E+01             0.123E-29
             0.226E+01             0.133E-29
             0.227E+01             0.828E-29
             0.227E+01             0.220E-32
             0.228E+01             0.551E-29
             0.229E+01             0.931E-29
             0.230E+01             0.101E-29
             0.231E+01             0.190E-29
             0.231E+01             0.123E-28
             0.232E+01             0.619E-29
             0.233E+01             0.557E-29
             0.234E+01             0.295E-30
             0.235E+01             0.224E-29
             0.235E+01             0.150E-28
             0.236E+01             0.274E-29
             0.237E+01             0.408E-29
             0.238E+01             0.223E-28
             0.239E+01             0.608E-30
             0.239E+01             0.258E-28
             0.240E+01             0.508E-30
             0.241E+01             0.184E-28
             0.242E+01             0.160E-30
             0.242E+01             0.206E-29
             0.243E+01             0.193E-29
             0.244E+01             0.684E-30
             0.245E+01             0.431E-30
             0.246E+01             0.980E-31
             0.246E+01             0.724E-31
             0.247E+01             0.130E-30
             0.248E+01             0.140E-30
             0.249E+01             0.393E-29
             0.250E+01             0.955E-30
             0.250E+01             0.830E-30
             0.251E+01             0.131E-28
             0.252E+01             0.305E-29
             0.253E+01             0.604E-30
             0.253E+01             0.591E-29
             0.254E+01             0.138E-29
             0.255E+01             0.815E-29
             0.256E+01             0.543E-30
             0.257E+01             0.127E-28
             0.257E+01             0.579E-32
             0.258E+01             0.195E-32
             0.259E+01             0.858E-29
             0.260E+01             0.928E-30
             0.261E+01             0.603E-29
             0.261E+01             0.138E-30
             0.262E+01             0.133E-29
             0.263E+01             0.337E-29
             0.264E+01             0.999E-30
             0.265E+01             0.125E-29
             0.265E+01             0.137E-29
             0.266E+01             0.438E-29
             0.267E+01             0.579E-29
             0.268E+01             0.266E-29
             0.268E+01             0.214E-29
             0.269E+01             0.757E-30
             0.270E+01             0.107E-29
             0.271E+01             0.229E-29
             0.272E+01             0.122E-28
             0.272E+01             0.421E-29
             0.273E+01             0.239E-29
             0.274E+01             0.148E-32
             0.275E+01             0.372E-29
             0.276E+01             0.154E-31
             0.276E+01             0.212E-29
             0.277E+01             0.484E-30
             0.278E+01             0.758E-29
             0.279E+01             0.725E-29
             0.280E+01             0.338E-29
             0.280E+01             0.405E-29
             0.281E+01             0.353E-29
             0.282E+01             0.882E-31
             0.283E+01             0.105E-28
             0.283E+01             0.206E-30
             0.284E+01             0.241E-30
             0.285E+01             0.174E-29
             0.286E+01             0.172E-29
             0.287E+01             0.512E-29
             0.287E+01             0.351E-30
             0.288E+01             0.828E-30
             0.289E+01             0.703E-31
             0.290E+01             0.261E-30
             0.291E+01             0.207E-29
             0.291E+01             0.465E-30
             0.292E+01             0.804E-29
             0.293E+01             0.460E-29
             0.294E+01             0.229E-29
             0.294E+01             0.666E-31
             0.295E+01             0.549E-30
             0.296E+01             0.150E-29
             0.297E+01             0.174E-29
             0.298E+01             0.292E-31
             0.298E+01             0.181E-32
             0.299E+01             0.236E-29
             0.300E+01             0.375E-29
