            -0.399E+01            -0.105E-31
            -0.399E+01             0.216E-30
            -0.398E+01             0.463E-30
            -0.397E+01             0.483E-31
            -0.397E+01            -0.387E-30
            -0.396E+01            -0.229E-30
            -0.395E+01             0.496E-30
            -0.395E+01             0.771E-31
            -0.394E+01            -0.254E-30
            -0.393E+01             0.296E-31
            -0.393E+01             0.267E-30
            -0.392E+01            -0.242E-32
            -0.391E+01            -0.262E-30
            -0.391E+01            -0.332E-30
            -0.390E+01             0.812E-30
            -0.389E+01             0.803E-32
            -0.388E+01            -0.413E-30
            -0.388E+01            -0.467E-32
            -0.387E+01             0.718E-30
            -0.386E+01             0.183E-30
            -0.386E+01            -0.380E-30
            -0.385E+01            -0.130E-30
            -0.384E+01            -0.413E-30
            -0.384E+01             0.451E-31
            -0.383E+01             0.378E-30
            -0.382E+01             0.420E-30
            -0.382E+01            -0.174E-31
            -0.381E+01            -0.952E-31
            -0.380E+01             0.296E-30
            -0.380E+01             0.225E-30
            -0.379E+01             0.125E-30
            -0.378E+01             0.278E-30
            -0.378E+01            -0.438E-31
            -0.377E+01             0.208E-30
            -0.376E+01             0.309E-30
            -0.376E+01             0.217E-30
            -0.375E+01             0.189E-30
            -0.374E+01            -0.378E-31
            -0.374E+01            -0.190E-30
            -0.373E+01            -0.218E-31
            -0.372E+01            -0.194E-31
            -0.372E+01             0.227E-30
            -0.371E+01             0.295E-31
            -0.370E+01            -0.316E-30
            -0.370E+01             0.169E-30
            -0.369E+01             0.242E-30
            -0.368E+01            -0.308E-31
            -0.367E+01            -0.199E-30
            -0.367E+01            -0.123E-30
            -0.366E+01            -0.134E-31
            -0.365E+01             0.124E-30
            -0.365E+01             0.162E-30
            -0.364E+01             0.660E-30
            -0.363E+01             0.121E-30
            -0.363E+01            -0.564E-30
            -0.362E+01            -0.167E-30
            -0.361E+01             0.351E-30
            -0.361E+01             0.457E-31
            -0.360E+01            -0.508E-31
            -0.359E+01             0.154E-30
            -0.359E+01            -0.186E-31
            -0.358E+01            -0.797E-31
            -0.357E+01            -0.283E-30
            -0.357E+01             0.352E-31
            -0.356E+01             0.755E-30
            -0.355E+01            -0.244E-30
            -0.355E+01            -0.538E-30
            -0.354E+01            -0.209E-30
            -0.353E+01             0.628E-30
            -0.353E+01            -0.245E-30
            -0.352E+01            -0.275E-30
            -0.351E+01             0.279E-30
            -0.351E+01             0.200E-30
            -0.350E+01            -0.253E-30
            -0.349E+01            -0.104E-29
            -0.349E+01             0.397E-30
            -0.348E+01             0.112E-30
            -0.347E+01             0.409E-31
            -0.346E+01            -0.555E-30
            -0.346E+01            -0.301E-30
            -0.345E+01            -0.579E-31
            -0.344E+01            -0.150E-30
            -0.344E+01            -0.261E-30
            -0.343E+01             0.362E-30
            -0.342E+01             0.359E-30
            -0.342E+01             0.267E-30
            -0.341E+01             0.134E-30
            -0.340E+01            -0.504E-30
            -0.340E+01            -0.382E-30
            -0.339E+01             0.276E-30
            -0.338E+01            -0.529E-31
            -0.338E+01            -0.610E-30
            -0.337E+01             0.935E-31
            -0.336E+01             0.676E-31
            -0.336E+01            -0.556E-30
            -0.335E+01            -0.107E-29
            -0.334E+01            -0.299E-30
            -0.334E+01             0.144E-31
            -0.333E+01            -0.399E-30
            -0.332E+01            -0.291E-30
            -0.332E+01            -0.126E-30
            -0.331E+01            -0.282E-30
            -0.330E+01             0.252E-30
            -0.330E+01            -0.305E-30
            -0.329E+01            -0.153E-30
            -0.328E+01             0.354E-32
            -0.328E+01             0.206E-30
            -0.327E+01            -0.192E-30
            -0.326E+01            -0.580E-31
            -0.325E+01             0.324E-31
            -0.325E+01            -0.344E-31
            -0.324E+01            -0.695E-31
            -0.323E+01             0.748E-31
            -0.323E+01             0.155E-30
            -0.322E+01            -0.291E-30
            -0.321E+01            -0.325E-31
            -0.321E+01             0.323E-30
            -0.320E+01             0.400E-31
            -0.319E+01             0.202E-30
            -0.319E+01             0.129E-30
            -0.318E+01            -0.919E-31
            -0.317E+01             0.740E-31
            -0.317E+01             0.261E-30
            -0.316E+01            -0.216E-30
            -0.315E+01            -0.450E-31
            -0.315E+01             0.584E-30
            -0.314E+01             0.742E-30
            -0.313E+01            -0.574E-30
            -0.313E+01            -0.865E-30
            -0.312E+01             0.168E-30
            -0.311E+01             0.104E-30
            -0.311E+01             0.580E-31
            -0.310E+01            -0.357E-30
            -0.309E+01            -0.687E-30
            -0.309E+01             0.106E-30
            -0.308E+01             0.245E-30
            -0.307E+01            -0.456E-30
            -0.307E+01             0.123E-30
            -0.306E+01            -0.759E-30
            -0.305E+01            -0.862E-31
            -0.304E+01            -0.247E-31
            -0.304E+01            -0.503E-30
            -0.303E+01            -0.496E-30
            -0.302E+01            -0.614E-30
            -0.302E+01            -0.595E-30
            -0.301E+01             0.195E-30
            -0.300E+01             0.421E-30
            -0.300E+01             0.298E-30
            -0.299E+01             0.107E-31
            -0.298E+01             0.339E-30
            -0.298E+01             0.338E-30
            -0.297E+01             0.882E-31
            -0.296E+01             0.139E-31
            -0.296E+01            -0.223E-30
            -0.295E+01             0.643E-30
            -0.294E+01             0.347E-30
            -0.294E+01            -0.517E-30
            -0.293E+01            -0.532E-30
            -0.292E+01            -0.201E-30
            -0.292E+01            -0.399E-31
            -0.291E+01             0.398E-30
            -0.290E+01            -0.304E-30
            -0.290E+01             0.971E-31
            -0.289E+01            -0.862E-30
            -0.288E+01            -0.606E-30
            -0.288E+01             0.373E-30
            -0.287E+01            -0.279E-31
            -0.286E+01            -0.255E-30
            -0.286E+01            -0.968E-31
            -0.285E+01             0.111E-30
            -0.284E+01            -0.384E-30
            -0.283E+01            -0.124E-30
            -0.283E+01             0.526E-30
            -0.282E+01             0.410E-30
            -0.281E+01            -0.285E-30
            -0.281E+01             0.437E-31
            -0.280E+01             0.421E-30
            -0.279E+01             0.271E-30
            -0.279E+01            -0.243E-31
            -0.278E+01            -0.174E-30
            -0.277E+01             0.456E-30
            -0.277E+01             0.144E-30
            -0.276E+01             0.536E-30
            -0.275E+01             0.559E-30
            -0.275E+01             0.591E-33
            -0.274E+01             0.746E-30
            -0.273E+01             0.168E-29
            -0.273E+01             0.239E-29
            -0.272E+01             0.282E-29
            -0.271E+01             0.360E-29
            -0.271E+01             0.480E-29
            -0.270E+01             0.753E-29
            -0.269E+01             0.988E-29
            -0.269E+01             0.149E-28
            -0.268E+01             0.216E-28
            -0.267E+01             0.301E-28
            -0.267E+01             0.434E-28
            -0.266E+01             0.631E-28
            -0.265E+01             0.893E-28
            -0.265E+01             0.126E-27
            -0.264E+01             0.178E-27
            -0.263E+01             0.254E-27
            -0.262E+01             0.360E-27
            -0.262E+01             0.510E-27
            -0.261E+01             0.723E-27
            -0.260E+01             0.102E-26
            -0.260E+01             0.145E-26
            -0.259E+01             0.204E-26
            -0.258E+01             0.288E-26
            -0.258E+01             0.406E-26
            -0.257E+01             0.572E-26
            -0.256E+01             0.804E-26
            -0.256E+01             0.113E-25
            -0.255E+01             0.159E-25
            -0.254E+01             0.223E-25
            -0.254E+01             0.312E-25
            -0.253E+01             0.437E-25
            -0.252E+01             0.612E-25
            -0.252E+01             0.855E-25
            -0.251E+01             0.119E-24
            -0.250E+01             0.167E-24
            -0.250E+01             0.232E-24
            -0.249E+01             0.323E-24
            -0.248E+01             0.450E-24
            -0.248E+01             0.626E-24
            -0.247E+01             0.869E-24
            -0.246E+01             0.121E-23
            -0.246E+01             0.167E-23
            -0.245E+01             0.232E-23
            -0.244E+01             0.320E-23
            -0.244E+01             0.443E-23
            -0.243E+01             0.612E-23
            -0.242E+01             0.844E-23
            -0.241E+01             0.116E-22
            -0.241E+01             0.160E-22
            -0.240E+01             0.221E-22
            -0.239E+01             0.303E-22
            -0.239E+01             0.417E-22
            -0.238E+01             0.572E-22
            -0.237E+01             0.784E-22
            -0.237E+01             0.107E-21
            -0.236E+01             0.147E-21
            -0.235E+01             0.201E-21
            -0.235E+01             0.275E-21
            -0.234E+01             0.375E-21
            -0.233E+01             0.511E-21
            -0.233E+01             0.696E-21
            -0.232E+01             0.947E-21
            -0.231E+01             0.129E-20
            -0.231E+01             0.175E-20
            -0.230E+01             0.238E-20
            -0.229E+01             0.322E-20
            -0.229E+01             0.436E-20
            -0.228E+01             0.591E-20
            -0.227E+01             0.799E-20
            -0.227E+01             0.108E-19
            -0.226E+01             0.146E-19
            -0.225E+01             0.196E-19
            -0.225E+01             0.265E-19
            -0.224E+01             0.356E-19
            -0.223E+01             0.479E-19
            -0.223E+01             0.643E-19
            -0.222E+01             0.863E-19
            -0.221E+01             0.116E-18
            -0.220E+01             0.155E-18
            -0.220E+01             0.208E-18
            -0.219E+01             0.278E-18
            -0.218E+01             0.371E-18
            -0.218E+01             0.495E-18
            -0.217E+01             0.660E-18
            -0.216E+01             0.880E-18
            -0.216E+01             0.117E-17
            -0.215E+01             0.156E-17
            -0.214E+01             0.207E-17
            -0.214E+01             0.275E-17
            -0.213E+01             0.364E-17
            -0.212E+01             0.483E-17
            -0.212E+01             0.639E-17
            -0.211E+01             0.845E-17
            -0.210E+01             0.112E-16
            -0.210E+01             0.147E-16
            -0.209E+01             0.194E-16
            -0.208E+01             0.256E-16
            -0.208E+01             0.337E-16
            -0.207E+01             0.443E-16
            -0.206E+01             0.582E-16
            -0.206E+01             0.764E-16
            -0.205E+01             0.100E-15
            -0.204E+01             0.131E-15
            -0.204E+01             0.172E-15
            -0.203E+01             0.225E-15
            -0.202E+01             0.294E-15
            -0.202E+01             0.383E-15
            -0.201E+01             0.500E-15
            -0.200E+01             0.651E-15
            -0.199E+01             0.848E-15
            -0.199E+01             0.110E-14
            -0.198E+01             0.143E-14
            -0.197E+01             0.186E-14
            -0.197E+01             0.241E-14
            -0.196E+01             0.312E-14
            -0.195E+01             0.404E-14
            -0.195E+01             0.523E-14
            -0.194E+01             0.676E-14
            -0.193E+01             0.872E-14
            -0.193E+01             0.112E-13
            -0.192E+01             0.145E-13
            -0.191E+01             0.187E-13
            -0.191E+01             0.240E-13
            -0.190E+01             0.308E-13
            -0.189E+01             0.396E-13
            -0.189E+01             0.507E-13
            -0.188E+01             0.650E-13
            -0.187E+01             0.832E-13
            -0.187E+01             0.106E-12
            -0.186E+01             0.136E-12
            -0.185E+01             0.173E-12
            -0.185E+01             0.221E-12
            -0.184E+01             0.282E-12
            -0.183E+01             0.359E-12
            -0.183E+01             0.456E-12
            -0.182E+01             0.579E-12
            -0.181E+01             0.735E-12
            -0.181E+01             0.932E-12
            -0.180E+01             0.118E-11
            -0.179E+01             0.149E-11
            -0.178E+01             0.189E-11
            -0.178E+01             0.239E-11
            -0.177E+01             0.301E-11
            -0.176E+01             0.380E-11
            -0.176E+01             0.479E-11
            -0.175E+01             0.602E-11
            -0.174E+01             0.757E-11
            -0.174E+01             0.951E-11
            -0.173E+01             0.119E-10
            -0.172E+01             0.150E-10
            -0.172E+01             0.187E-10
            -0.171E+01             0.235E-10
            -0.170E+01             0.293E-10
            -0.170E+01             0.366E-10
            -0.169E+01             0.457E-10
            -0.168E+01             0.570E-10
            -0.168E+01             0.710E-10
            -0.167E+01             0.883E-10
            -0.166E+01             0.110E-09
            -0.166E+01             0.136E-09
            -0.165E+01             0.169E-09
            -0.164E+01             0.210E-09
            -0.164E+01             0.260E-09
            -0.163E+01             0.321E-09
            -0.162E+01             0.397E-09
            -0.162E+01             0.491E-09
            -0.161E+01             0.605E-09
            -0.160E+01             0.746E-09
            -0.160E+01             0.919E-09
            -0.159E+01             0.113E-08
            -0.158E+01             0.139E-08
            -0.157E+01             0.171E-08
            -0.157E+01             0.209E-08
            -0.156E+01             0.256E-08
            -0.155E+01             0.314E-08
            -0.155E+01             0.384E-08
            -0.154E+01             0.469E-08
            -0.153E+01             0.573E-08
            -0.153E+01             0.699E-08
            -0.152E+01             0.852E-08
            -0.151E+01             0.104E-07
            -0.151E+01             0.126E-07
            -0.150E+01             0.153E-07
            -0.149E+01             0.186E-07
            -0.149E+01             0.226E-07
            -0.148E+01             0.273E-07
            -0.147E+01             0.331E-07
            -0.147E+01             0.400E-07
            -0.146E+01             0.484E-07
            -0.145E+01             0.584E-07
            -0.145E+01             0.704E-07
            -0.144E+01             0.848E-07
            -0.143E+01             0.102E-06
            -0.143E+01             0.123E-06
            -0.142E+01             0.147E-06
            -0.141E+01             0.177E-06
            -0.141E+01             0.212E-06
            -0.140E+01             0.254E-06
            -0.139E+01             0.304E-06
            -0.139E+01             0.363E-06
            -0.138E+01             0.434E-06
            -0.137E+01             0.518E-06
            -0.136E+01             0.617E-06
            -0.136E+01             0.735E-06
            -0.135E+01             0.874E-06
            -0.134E+01             0.104E-05
            -0.134E+01             0.123E-05
            -0.133E+01             0.146E-05
            -0.132E+01             0.173E-05
            -0.132E+01             0.205E-05
            -0.131E+01             0.243E-05
            -0.130E+01             0.287E-05
            -0.130E+01             0.339E-05
            -0.129E+01             0.400E-05
            -0.128E+01             0.471E-05
            -0.128E+01             0.554E-05
            -0.127E+01             0.652E-05
            -0.126E+01             0.766E-05
            -0.126E+01             0.899E-05
            -0.125E+01             0.105E-04
            -0.124E+01             0.123E-04
            -0.124E+01             0.144E-04
            -0.123E+01             0.169E-04
            -0.122E+01             0.197E-04
            -0.122E+01             0.230E-04
            -0.121E+01             0.268E-04
            -0.120E+01             0.312E-04
            -0.120E+01             0.363E-04
            -0.119E+01             0.422E-04
            -0.118E+01             0.490E-04
            -0.118E+01             0.569E-04
            -0.117E+01             0.659E-04
            -0.116E+01             0.763E-04
            -0.115E+01             0.882E-04
            -0.115E+01             0.102E-03
            -0.114E+01             0.118E-03
            -0.113E+01             0.136E-03
            -0.113E+01             0.156E-03
            -0.112E+01             0.180E-03
            -0.111E+01             0.207E-03
            -0.111E+01             0.238E-03
            -0.110E+01             0.273E-03
            -0.109E+01             0.312E-03
            -0.109E+01             0.358E-03
            -0.108E+01             0.409E-03
            -0.107E+01             0.468E-03
            -0.107E+01             0.534E-03
            -0.106E+01             0.609E-03
            -0.105E+01             0.694E-03
            -0.105E+01             0.790E-03
            -0.104E+01             0.898E-03
            -0.103E+01             0.102E-02
            -0.103E+01             0.116E-02
            -0.102E+01             0.131E-02
            -0.101E+01             0.149E-02
            -0.101E+01             0.168E-02
            -0.999E+00             0.190E-02
            -0.992E+00             0.215E-02
            -0.986E+00             0.242E-02
            -0.979E+00             0.273E-02
            -0.972E+00             0.307E-02
            -0.965E+00             0.345E-02
            -0.959E+00             0.388E-02
            -0.952E+00             0.435E-02
            -0.945E+00             0.488E-02
            -0.938E+00             0.546E-02
            -0.931E+00             0.611E-02
            -0.925E+00             0.683E-02
            -0.918E+00             0.763E-02
            -0.911E+00             0.851E-02
            -0.904E+00             0.948E-02
            -0.898E+00             0.105E-01
            -0.891E+00             0.117E-01
            -0.884E+00             0.130E-01
            -0.877E+00             0.144E-01
            -0.870E+00             0.160E-01
            -0.864E+00             0.177E-01
            -0.857E+00             0.196E-01
            -0.850E+00             0.217E-01
            -0.843E+00             0.239E-01
            -0.837E+00             0.264E-01
            -0.830E+00             0.290E-01
            -0.823E+00             0.319E-01
            -0.816E+00             0.351E-01
            -0.809E+00             0.385E-01
            -0.803E+00             0.423E-01
            -0.796E+00             0.463E-01
            -0.789E+00             0.507E-01
            -0.782E+00             0.554E-01
            -0.776E+00             0.605E-01
            -0.769E+00             0.660E-01
            -0.762E+00             0.719E-01
            -0.755E+00             0.782E-01
            -0.749E+00             0.850E-01
            -0.742E+00             0.923E-01
            -0.735E+00             0.100E+00
            -0.728E+00             0.109E+00
            -0.721E+00             0.117E+00
            -0.715E+00             0.127E+00
            -0.708E+00             0.137E+00
            -0.701E+00             0.148E+00
            -0.694E+00             0.159E+00
            -0.688E+00             0.172E+00
            -0.681E+00             0.184E+00
            -0.674E+00             0.198E+00
            -0.667E+00             0.212E+00
            -0.660E+00             0.228E+00
            -0.654E+00             0.244E+00
            -0.647E+00             0.260E+00
            -0.640E+00             0.278E+00
            -0.633E+00             0.296E+00
            -0.627E+00             0.316E+00
            -0.620E+00             0.336E+00
            -0.613E+00             0.357E+00
            -0.606E+00             0.378E+00
            -0.599E+00             0.401E+00
            -0.593E+00             0.425E+00
            -0.586E+00             0.449E+00
            -0.579E+00             0.474E+00
            -0.572E+00             0.500E+00
            -0.566E+00             0.527E+00
            -0.559E+00             0.554E+00
            -0.552E+00             0.582E+00
            -0.545E+00             0.611E+00
            -0.539E+00             0.640E+00
            -0.532E+00             0.670E+00
            -0.525E+00             0.700E+00
            -0.518E+00             0.730E+00
            -0.511E+00             0.761E+00
            -0.505E+00             0.792E+00
            -0.498E+00             0.824E+00
            -0.491E+00             0.855E+00
            -0.484E+00             0.886E+00
            -0.478E+00             0.917E+00
            -0.471E+00             0.948E+00
            -0.464E+00             0.978E+00
            -0.457E+00             0.101E+01
            -0.450E+00             0.104E+01
            -0.444E+00             0.106E+01
            -0.437E+00             0.109E+01
            -0.430E+00             0.112E+01
            -0.423E+00             0.114E+01
            -0.417E+00             0.117E+01
            -0.410E+00             0.119E+01
            -0.403E+00             0.121E+01
            -0.396E+00             0.123E+01
            -0.390E+00             0.124E+01
            -0.383E+00             0.126E+01
            -0.376E+00             0.127E+01
            -0.369E+00             0.128E+01
            -0.362E+00             0.128E+01
            -0.356E+00             0.129E+01
            -0.349E+00             0.129E+01
            -0.342E+00             0.129E+01
            -0.335E+00             0.128E+01
            -0.329E+00             0.127E+01
            -0.322E+00             0.126E+01
            -0.315E+00             0.125E+01
            -0.308E+00             0.123E+01
            -0.301E+00             0.121E+01
            -0.295E+00             0.118E+01
            -0.288E+00             0.115E+01
            -0.281E+00             0.112E+01
            -0.274E+00             0.108E+01
            -0.268E+00             0.104E+01
            -0.261E+00             0.100E+01
            -0.254E+00             0.956E+00
            -0.247E+00             0.907E+00
            -0.240E+00             0.855E+00
            -0.234E+00             0.800E+00
            -0.227E+00             0.742E+00
            -0.220E+00             0.681E+00
            -0.213E+00             0.618E+00
            -0.207E+00             0.552E+00
            -0.200E+00             0.485E+00
            -0.193E+00             0.415E+00
            -0.186E+00             0.344E+00
            -0.180E+00             0.272E+00
            -0.173E+00             0.199E+00
            -0.166E+00             0.124E+00
            -0.159E+00             0.495E-01
            -0.152E+00            -0.254E-01
            -0.146E+00            -0.100E+00
            -0.139E+00            -0.175E+00
            -0.132E+00            -0.248E+00
            -0.125E+00            -0.321E+00
            -0.119E+00            -0.392E+00
            -0.112E+00            -0.462E+00
            -0.105E+00            -0.529E+00
            -0.982E-01            -0.595E+00
            -0.914E-01            -0.657E+00
            -0.847E-01            -0.717E+00
            -0.779E-01            -0.774E+00
            -0.711E-01            -0.827E+00
            -0.644E-01            -0.876E+00
            -0.576E-01            -0.921E+00
            -0.508E-01            -0.963E+00
            -0.440E-01            -0.100E+01
            -0.373E-01            -0.103E+01
            -0.305E-01            -0.106E+01
            -0.237E-01            -0.108E+01
            -0.169E-01            -0.110E+01
            -0.102E-01            -0.111E+01
            -0.339E-02            -0.112E+01
             0.339E-02            -0.112E+01
             0.102E-01            -0.112E+01
             0.169E-01            -0.111E+01
             0.237E-01            -0.110E+01
             0.305E-01            -0.108E+01
             0.373E-01            -0.106E+01
             0.440E-01            -0.103E+01
             0.508E-01            -0.100E+01
             0.576E-01            -0.963E+00
             0.644E-01            -0.921E+00
             0.711E-01            -0.876E+00
             0.779E-01            -0.827E+00
             0.847E-01            -0.774E+00
             0.914E-01            -0.717E+00
             0.982E-01            -0.657E+00
             0.105E+00            -0.595E+00
             0.112E+00            -0.529E+00
             0.119E+00            -0.462E+00
             0.125E+00            -0.392E+00
             0.132E+00            -0.321E+00
             0.139E+00            -0.248E+00
             0.146E+00            -0.175E+00
             0.152E+00            -0.100E+00
             0.159E+00            -0.254E-01
             0.166E+00             0.495E-01
             0.173E+00             0.124E+00
             0.180E+00             0.199E+00
             0.186E+00             0.272E+00
             0.193E+00             0.344E+00
             0.200E+00             0.415E+00
             0.207E+00             0.485E+00
             0.213E+00             0.552E+00
             0.220E+00             0.618E+00
             0.227E+00             0.681E+00
             0.234E+00             0.742E+00
             0.240E+00             0.800E+00
             0.247E+00             0.855E+00
             0.254E+00             0.907E+00
             0.261E+00             0.956E+00
             0.268E+00             0.100E+01
             0.274E+00             0.104E+01
             0.281E+00             0.108E+01
             0.288E+00             0.112E+01
             0.295E+00             0.115E+01
             0.301E+00             0.118E+01
             0.308E+00             0.121E+01
             0.315E+00             0.123E+01
             0.322E+00             0.125E+01
             0.329E+00             0.126E+01
             0.335E+00             0.127E+01
             0.342E+00             0.128E+01
             0.349E+00             0.129E+01
             0.356E+00             0.129E+01
             0.362E+00             0.129E+01
             0.369E+00             0.128E+01
             0.376E+00             0.128E+01
             0.383E+00             0.127E+01
             0.390E+00             0.126E+01
             0.396E+00             0.124E+01
             0.403E+00             0.123E+01
             0.410E+00             0.121E+01
             0.417E+00             0.119E+01
             0.423E+00             0.117E+01
             0.430E+00             0.114E+01
             0.437E+00             0.112E+01
             0.444E+00             0.109E+01
             0.450E+00             0.106E+01
             0.457E+00             0.104E+01
             0.464E+00             0.101E+01
             0.471E+00             0.978E+00
             0.478E+00             0.948E+00
             0.484E+00             0.917E+00
             0.491E+00             0.886E+00
             0.498E+00             0.855E+00
             0.505E+00             0.824E+00
             0.511E+00             0.792E+00
             0.518E+00             0.761E+00
             0.525E+00             0.730E+00
             0.532E+00             0.700E+00
             0.539E+00             0.670E+00
             0.545E+00             0.640E+00
             0.552E+00             0.611E+00
             0.559E+00             0.582E+00
             0.566E+00             0.554E+00
             0.572E+00             0.527E+00
             0.579E+00             0.500E+00
             0.586E+00             0.474E+00
             0.593E+00             0.449E+00
             0.599E+00             0.425E+00
             0.606E+00             0.401E+00
             0.613E+00             0.378E+00
             0.620E+00             0.357E+00
             0.627E+00             0.336E+00
             0.633E+00             0.316E+00
             0.640E+00             0.296E+00
             0.647E+00             0.278E+00
             0.654E+00             0.260E+00
             0.660E+00             0.244E+00
             0.667E+00             0.228E+00
             0.674E+00             0.212E+00
             0.681E+00             0.198E+00
             0.688E+00             0.184E+00
             0.694E+00             0.172E+00
             0.701E+00             0.159E+00
             0.708E+00             0.148E+00
             0.715E+00             0.137E+00
             0.721E+00             0.127E+00
             0.728E+00             0.117E+00
             0.735E+00             0.109E+00
             0.742E+00             0.100E+00
             0.749E+00             0.923E-01
             0.755E+00             0.850E-01
             0.762E+00             0.782E-01
             0.769E+00             0.719E-01
             0.776E+00             0.660E-01
             0.782E+00             0.605E-01
             0.789E+00             0.554E-01
             0.796E+00             0.507E-01
             0.803E+00             0.463E-01
             0.809E+00             0.423E-01
             0.816E+00             0.385E-01
             0.823E+00             0.351E-01
             0.830E+00             0.319E-01
             0.837E+00             0.290E-01
             0.843E+00             0.264E-01
             0.850E+00             0.239E-01
             0.857E+00             0.217E-01
             0.864E+00             0.196E-01
             0.870E+00             0.177E-01
             0.877E+00             0.160E-01
             0.884E+00             0.144E-01
             0.891E+00             0.130E-01
             0.898E+00             0.117E-01
             0.904E+00             0.105E-01
             0.911E+00             0.948E-02
             0.918E+00             0.851E-02
             0.925E+00             0.763E-02
             0.931E+00             0.683E-02
             0.938E+00             0.611E-02
             0.945E+00             0.546E-02
             0.952E+00             0.488E-02
             0.959E+00             0.435E-02
             0.965E+00             0.388E-02
             0.972E+00             0.345E-02
             0.979E+00             0.307E-02
             0.986E+00             0.273E-02
             0.992E+00             0.242E-02
             0.999E+00             0.215E-02
             0.101E+01             0.190E-02
             0.101E+01             0.168E-02
             0.102E+01             0.149E-02
             0.103E+01             0.131E-02
             0.103E+01             0.116E-02
             0.104E+01             0.102E-02
             0.105E+01             0.898E-03
             0.105E+01             0.790E-03
             0.106E+01             0.694E-03
             0.107E+01             0.609E-03
             0.107E+01             0.534E-03
             0.108E+01             0.468E-03
             0.109E+01             0.409E-03
             0.109E+01             0.358E-03
             0.110E+01             0.312E-03
             0.111E+01             0.273E-03
             0.111E+01             0.238E-03
             0.112E+01             0.207E-03
             0.113E+01             0.180E-03
             0.113E+01             0.156E-03
             0.114E+01             0.136E-03
             0.115E+01             0.118E-03
             0.115E+01             0.102E-03
             0.116E+01             0.882E-04
             0.117E+01             0.763E-04
             0.118E+01             0.659E-04
             0.118E+01             0.569E-04
             0.119E+01             0.490E-04
             0.120E+01             0.422E-04
             0.120E+01             0.363E-04
             0.121E+01             0.312E-04
             0.122E+01             0.268E-04
             0.122E+01             0.230E-04
             0.123E+01             0.197E-04
             0.124E+01             0.169E-04
             0.124E+01             0.144E-04
             0.125E+01             0.123E-04
             0.126E+01             0.105E-04
             0.126E+01             0.899E-05
             0.127E+01             0.766E-05
             0.128E+01             0.652E-05
             0.128E+01             0.554E-05
             0.129E+01             0.471E-05
             0.130E+01             0.400E-05
             0.130E+01             0.339E-05
             0.131E+01             0.287E-05
             0.132E+01             0.243E-05
             0.132E+01             0.205E-05
             0.133E+01             0.173E-05
             0.134E+01             0.146E-05
             0.134E+01             0.123E-05
             0.135E+01             0.104E-05
             0.136E+01             0.874E-06
             0.136E+01             0.735E-06
             0.137E+01             0.617E-06
             0.138E+01             0.518E-06
             0.139E+01             0.434E-06
             0.139E+01             0.363E-06
             0.140E+01             0.304E-06
             0.141E+01             0.254E-06
             0.141E+01             0.212E-06
             0.142E+01             0.177E-06
             0.143E+01             0.147E-06
             0.143E+01             0.123E-06
             0.144E+01             0.102E-06
             0.145E+01             0.848E-07
             0.145E+01             0.704E-07
             0.146E+01             0.584E-07
             0.147E+01             0.484E-07
             0.147E+01             0.400E-07
             0.148E+01             0.331E-07
             0.149E+01             0.273E-07
             0.149E+01             0.226E-07
             0.150E+01             0.186E-07
             0.151E+01             0.153E-07
             0.151E+01             0.126E-07
             0.152E+01             0.104E-07
             0.153E+01             0.852E-08
             0.153E+01             0.699E-08
             0.154E+01             0.573E-08
             0.155E+01             0.469E-08
             0.155E+01             0.384E-08
             0.156E+01             0.314E-08
             0.157E+01             0.256E-08
             0.157E+01             0.209E-08
             0.158E+01             0.171E-08
             0.159E+01             0.139E-08
             0.160E+01             0.113E-08
             0.160E+01             0.919E-09
             0.161E+01             0.746E-09
             0.162E+01             0.605E-09
             0.162E+01             0.491E-09
             0.163E+01             0.397E-09
             0.164E+01             0.321E-09
             0.164E+01             0.260E-09
             0.165E+01             0.210E-09
             0.166E+01             0.169E-09
             0.166E+01             0.136E-09
             0.167E+01             0.110E-09
             0.168E+01             0.883E-10
             0.168E+01             0.710E-10
             0.169E+01             0.570E-10
             0.170E+01             0.457E-10
             0.170E+01             0.366E-10
             0.171E+01             0.293E-10
             0.172E+01             0.235E-10
             0.172E+01             0.187E-10
             0.173E+01             0.150E-10
             0.174E+01             0.119E-10
             0.174E+01             0.951E-11
             0.175E+01             0.758E-11
             0.176E+01             0.602E-11
             0.176E+01             0.479E-11
             0.177E+01             0.380E-11
             0.178E+01             0.302E-11
             0.178E+01             0.239E-11
             0.179E+01             0.189E-11
             0.180E+01             0.149E-11
             0.181E+01             0.118E-11
             0.181E+01             0.930E-12
             0.182E+01             0.733E-12
             0.183E+01             0.575E-12
             0.183E+01             0.455E-12
             0.184E+01             0.361E-12
             0.185E+01             0.281E-12
             0.185E+01             0.217E-12
             0.186E+01             0.171E-12
             0.187E+01             0.134E-12
             0.187E+01             0.104E-12
             0.188E+01             0.809E-13
             0.189E+01             0.627E-13
             0.189E+01             0.531E-13
             0.190E+01             0.427E-13
             0.191E+01             0.305E-13
             0.191E+01             0.233E-13
             0.192E+01             0.180E-13
             0.193E+01             0.138E-13
             0.193E+01             0.918E-14
             0.194E+01             0.112E-13
             0.195E+01             0.103E-13
             0.195E+01             0.877E-14
             0.196E+01             0.554E-14
             0.197E+01             0.273E-14
             0.197E+01             0.691E-15
             0.198E+01             0.699E-14
             0.199E+01            -0.230E-15
             0.199E+01            -0.143E-14
             0.200E+01             0.442E-14
             0.201E+01             0.442E-14
             0.202E+01             0.306E-14
             0.202E+01            -0.217E-14
             0.203E+01            -0.280E-14
             0.204E+01            -0.396E-14
             0.204E+01            -0.295E-15
             0.205E+01             0.459E-16
             0.206E+01            -0.210E-14
             0.206E+01             0.819E-16
             0.207E+01             0.110E-14
             0.208E+01            -0.827E-16
             0.208E+01            -0.264E-15
             0.209E+01             0.500E-14
             0.210E+01             0.323E-14
             0.210E+01             0.179E-14
             0.211E+01             0.514E-14
             0.212E+01             0.622E-14
             0.212E+01             0.326E-14
             0.213E+01            -0.345E-14
             0.214E+01            -0.320E-15
             0.214E+01             0.180E-14
             0.215E+01            -0.112E-15
             0.216E+01            -0.459E-14
             0.216E+01            -0.258E-14
             0.217E+01            -0.129E-14
             0.218E+01             0.371E-14
             0.218E+01             0.331E-14
             0.219E+01             0.516E-14
             0.220E+01             0.153E-14
             0.220E+01             0.827E-15
             0.221E+01            -0.137E-14
             0.222E+01            -0.215E-14
             0.223E+01            -0.241E-14
             0.223E+01            -0.355E-14
             0.224E+01            -0.387E-14
             0.225E+01            -0.261E-14
             0.225E+01            -0.338E-14
             0.226E+01            -0.315E-14
             0.227E+01            -0.215E-15
             0.227E+01             0.157E-14
             0.228E+01            -0.606E-15
             0.229E+01             0.225E-15
             0.229E+01             0.184E-14
             0.230E+01             0.446E-14
             0.231E+01             0.145E-14
             0.231E+01            -0.976E-16
             0.232E+01             0.301E-14
             0.233E+01            -0.805E-15
             0.233E+01            -0.452E-14
             0.234E+01            -0.580E-14
             0.235E+01            -0.277E-15
             0.235E+01             0.289E-14
             0.236E+01             0.123E-14
             0.237E+01             0.207E-14
             0.237E+01            -0.686E-15
             0.238E+01             0.769E-15
             0.239E+01             0.238E-14
             0.239E+01             0.968E-15
             0.240E+01            -0.165E-14
             0.241E+01             0.121E-15
             0.241E+01            -0.231E-14
             0.242E+01            -0.219E-14
             0.243E+01            -0.620E-14
             0.244E+01            -0.279E-14
             0.244E+01            -0.406E-14
             0.245E+01            -0.256E-14
             0.246E+01            -0.436E-15
             0.246E+01            -0.123E-14
             0.247E+01            -0.153E-14
             0.248E+01             0.182E-15
             0.248E+01             0.106E-14
             0.249E+01             0.475E-14
             0.250E+01             0.210E-14
             0.250E+01             0.154E-14
             0.251E+01             0.202E-14
             0.252E+01             0.487E-14
             0.252E+01             0.406E-14
             0.253E+01             0.120E-14
             0.254E+01            -0.103E-14
             0.254E+01            -0.627E-15
             0.255E+01            -0.395E-15
             0.256E+01            -0.260E-15
             0.256E+01            -0.142E-14
             0.257E+01            -0.799E-15
             0.258E+01            -0.389E-14
             0.258E+01            -0.919E-15
             0.259E+01             0.141E-14
             0.260E+01             0.977E-15
             0.260E+01            -0.148E-14
             0.261E+01             0.816E-15
             0.262E+01            -0.282E-14
             0.262E+01            -0.128E-14
             0.263E+01             0.216E-14
             0.264E+01             0.440E-14
             0.265E+01             0.735E-15
             0.265E+01             0.133E-14
             0.266E+01             0.118E-14
             0.267E+01            -0.275E-14
             0.267E+01            -0.536E-14
             0.268E+01            -0.365E-14
             0.269E+01            -0.105E-14
             0.269E+01            -0.262E-14
             0.270E+01             0.259E-16
             0.271E+01            -0.374E-14
             0.271E+01            -0.308E-14
             0.272E+01            -0.174E-14
             0.273E+01            -0.412E-15
             0.273E+01            -0.304E-15
             0.274E+01             0.254E-14
             0.275E+01             0.314E-14
             0.275E+01             0.886E-15
             0.276E+01             0.272E-14
             0.277E+01            -0.544E-15
             0.277E+01            -0.271E-14
             0.278E+01            -0.397E-14
             0.279E+01             0.289E-14
             0.279E+01             0.322E-14
             0.280E+01             0.179E-14
             0.281E+01            -0.129E-15
             0.281E+01            -0.168E-14
             0.282E+01            -0.128E-14
             0.283E+01             0.266E-15
             0.283E+01            -0.544E-14
             0.284E+01             0.452E-15
             0.285E+01             0.635E-15
             0.286E+01             0.254E-14
             0.286E+01            -0.960E-15
             0.287E+01             0.354E-15
             0.288E+01             0.303E-14
             0.288E+01             0.241E-14
             0.289E+01             0.323E-14
             0.290E+01             0.151E-14
             0.290E+01            -0.203E-14
             0.291E+01            -0.164E-14
             0.292E+01            -0.537E-14
             0.292E+01            -0.292E-14
             0.293E+01            -0.449E-14
             0.294E+01            -0.166E-14
             0.294E+01             0.198E-14
             0.295E+01             0.250E-14
             0.296E+01             0.276E-14
             0.296E+01            -0.150E-14
             0.297E+01             0.352E-15
             0.298E+01             0.922E-16
             0.298E+01            -0.163E-14
             0.299E+01            -0.149E-14
             0.300E+01             0.181E-15
             0.300E+01            -0.224E-14
             0.301E+01             0.319E-14
             0.302E+01             0.282E-15
             0.302E+01             0.328E-14
             0.303E+01             0.206E-14
             0.304E+01             0.386E-14
             0.304E+01             0.342E-15
             0.305E+01             0.676E-15
             0.306E+01            -0.406E-15
             0.307E+01            -0.125E-14
             0.307E+01            -0.295E-14
             0.308E+01             0.140E-14
             0.309E+01            -0.229E-15
             0.309E+01             0.246E-16
             0.310E+01            -0.592E-15
             0.311E+01            -0.110E-14
             0.311E+01             0.369E-15
             0.312E+01             0.428E-17
             0.313E+01             0.605E-15
             0.313E+01             0.566E-15
             0.314E+01             0.114E-14
             0.315E+01             0.987E-15
             0.315E+01            -0.918E-16
             0.316E+01            -0.266E-14
             0.317E+01             0.851E-15
             0.317E+01             0.821E-16
             0.318E+01            -0.746E-15
             0.319E+01             0.217E-14
             0.319E+01             0.546E-15
             0.320E+01             0.147E-14
             0.321E+01            -0.123E-14
             0.321E+01             0.271E-14
             0.322E+01            -0.979E-15
             0.323E+01            -0.644E-15
             0.323E+01             0.911E-15
             0.324E+01            -0.335E-15
             0.325E+01             0.145E-15
             0.325E+01            -0.171E-14
             0.326E+01             0.124E-14
             0.327E+01             0.688E-15
             0.328E+01            -0.144E-14
             0.328E+01            -0.136E-14
             0.329E+01            -0.201E-14
             0.330E+01            -0.479E-15
             0.330E+01             0.550E-15
             0.331E+01            -0.278E-14
             0.332E+01            -0.729E-15
             0.332E+01            -0.249E-14
             0.333E+01             0.175E-14
             0.334E+01            -0.352E-14
             0.334E+01             0.163E-14
             0.335E+01            -0.637E-15
             0.336E+01            -0.101E-14
             0.336E+01            -0.198E-14
             0.337E+01             0.163E-14
             0.338E+01            -0.206E-14
             0.338E+01             0.342E-14
             0.339E+01             0.162E-14
             0.340E+01            -0.152E-14
             0.340E+01            -0.198E-14
             0.341E+01            -0.956E-15
             0.342E+01             0.233E-14
             0.342E+01            -0.681E-15
             0.343E+01            -0.588E-15
             0.344E+01            -0.199E-14
             0.344E+01            -0.149E-14
             0.345E+01            -0.224E-14
             0.346E+01             0.325E-14
             0.346E+01             0.284E-14
             0.347E+01             0.920E-15
             0.348E+01             0.224E-14
             0.349E+01             0.129E-14
             0.349E+01            -0.176E-14
             0.350E+01             0.310E-15
             0.351E+01             0.245E-14
             0.351E+01             0.376E-16
             0.352E+01             0.150E-15
             0.353E+01            -0.265E-15
             0.353E+01             0.257E-14
             0.354E+01            -0.786E-15
             0.355E+01             0.217E-14
             0.355E+01            -0.952E-17
             0.356E+01            -0.122E-15
             0.357E+01            -0.917E-15
             0.357E+01             0.252E-14
             0.358E+01             0.115E-14
             0.359E+01            -0.129E-14
             0.359E+01             0.150E-14
             0.360E+01            -0.276E-14
             0.361E+01            -0.568E-15
             0.361E+01            -0.312E-14
             0.362E+01             0.187E-14
             0.363E+01             0.128E-14
             0.363E+01             0.411E-15
             0.364E+01            -0.137E-14
             0.365E+01            -0.152E-14
             0.365E+01             0.888E-17
             0.366E+01            -0.106E-14
             0.367E+01            -0.140E-14
             0.367E+01            -0.241E-15
             0.368E+01             0.583E-15
             0.369E+01            -0.117E-14
             0.370E+01             0.100E-15
             0.370E+01             0.868E-15
             0.371E+01             0.147E-14
             0.372E+01            -0.225E-14
             0.372E+01            -0.133E-14
             0.373E+01             0.119E-14
             0.374E+01            -0.351E-15
             0.374E+01            -0.189E-14
             0.375E+01            -0.145E-15
             0.376E+01            -0.208E-14
             0.376E+01            -0.891E-15
             0.377E+01            -0.395E-16
             0.378E+01             0.938E-15
             0.378E+01            -0.936E-15
             0.379E+01             0.102E-14
             0.380E+01            -0.196E-15
             0.380E+01             0.335E-15
             0.381E+01            -0.142E-14
             0.382E+01             0.223E-14
             0.382E+01            -0.215E-15
             0.383E+01             0.535E-15
             0.384E+01            -0.249E-15
             0.384E+01             0.114E-14
             0.385E+01             0.218E-14
             0.386E+01            -0.988E-15
             0.386E+01             0.356E-16
             0.387E+01             0.975E-15
             0.388E+01            -0.370E-15
             0.388E+01            -0.178E-14
             0.389E+01            -0.142E-14
             0.390E+01            -0.170E-14
             0.391E+01             0.370E-15
             0.391E+01            -0.235E-14
             0.392E+01             0.244E-14
             0.393E+01            -0.182E-14
             0.393E+01            -0.400E-15
             0.394E+01             0.323E-14
             0.395E+01             0.164E-14
             0.395E+01            -0.538E-15
             0.396E+01             0.138E-14
             0.397E+01             0.272E-15
             0.397E+01             0.921E-15
             0.398E+01            -0.294E-14
             0.399E+01            -0.233E-14
             0.399E+01             0.180E-14
             0.400E+01             0.816E-16
