            -0.299E+01             0.267E-30
            -0.298E+01            -0.177E-31
            -0.296E+01            -0.213E-30
            -0.295E+01            -0.501E-31
            -0.294E+01            -0.583E-32
            -0.293E+01             0.500E-30
            -0.291E+01             0.873E-30
            -0.290E+01             0.308E-30
            -0.289E+01            -0.310E-30
            -0.288E+01            -0.462E-30
            -0.286E+01            -0.410E-30
            -0.285E+01             0.163E-30
            -0.284E+01            -0.139E-31
            -0.283E+01            -0.131E-30
            -0.281E+01            -0.323E-30
            -0.280E+01             0.141E-30
            -0.279E+01             0.356E-31
            -0.278E+01             0.180E-29
            -0.276E+01             0.325E-29
            -0.275E+01             0.665E-29
            -0.274E+01             0.117E-28
            -0.273E+01             0.226E-28
            -0.271E+01             0.439E-28
            -0.270E+01             0.841E-28
            -0.269E+01             0.162E-27
            -0.268E+01             0.309E-27
            -0.266E+01             0.587E-27
            -0.265E+01             0.111E-26
            -0.264E+01             0.210E-26
            -0.263E+01             0.396E-26
            -0.261E+01             0.744E-26
            -0.260E+01             0.139E-25
            -0.259E+01             0.260E-25
            -0.258E+01             0.484E-25
            -0.256E+01             0.899E-25
            -0.255E+01             0.166E-24
            -0.254E+01             0.307E-24
            -0.253E+01             0.564E-24
            -0.251E+01             0.104E-23
            -0.250E+01             0.189E-23
            -0.249E+01             0.345E-23
            -0.248E+01             0.627E-23
            -0.246E+01             0.113E-22
            -0.245E+01             0.205E-22
            -0.244E+01             0.369E-22
            -0.243E+01             0.662E-22
            -0.241E+01             0.118E-21
            -0.240E+01             0.211E-21
            -0.239E+01             0.376E-21
            -0.238E+01             0.666E-21
            -0.236E+01             0.118E-20
            -0.235E+01             0.208E-20
            -0.234E+01             0.365E-20
            -0.233E+01             0.639E-20
            -0.231E+01             0.111E-19
            -0.230E+01             0.194E-19
            -0.229E+01             0.337E-19
            -0.228E+01             0.582E-19
            -0.226E+01             0.100E-18
            -0.225E+01             0.173E-18
            -0.224E+01             0.296E-18
            -0.223E+01             0.506E-18
            -0.221E+01             0.861E-18
            -0.220E+01             0.146E-17
            -0.219E+01             0.247E-17
            -0.218E+01             0.418E-17
            -0.216E+01             0.703E-17
            -0.215E+01             0.118E-16
            -0.214E+01             0.197E-16
            -0.213E+01             0.328E-16
            -0.211E+01             0.545E-16
            -0.210E+01             0.903E-16
            -0.209E+01             0.149E-15
            -0.208E+01             0.245E-15
            -0.206E+01             0.403E-15
            -0.205E+01             0.659E-15
            -0.204E+01             0.107E-14
            -0.203E+01             0.175E-14
            -0.201E+01             0.283E-14
            -0.200E+01             0.457E-14
            -0.199E+01             0.736E-14
            -0.198E+01             0.118E-13
            -0.196E+01             0.189E-13
            -0.195E+01             0.301E-13
            -0.194E+01             0.479E-13
            -0.193E+01             0.759E-13
            -0.191E+01             0.120E-12
            -0.190E+01             0.189E-12
            -0.189E+01             0.297E-12
            -0.188E+01             0.464E-12
            -0.186E+01             0.724E-12
            -0.185E+01             0.113E-11
            -0.184E+01             0.175E-11
            -0.183E+01             0.270E-11
            -0.181E+01             0.416E-11
            -0.180E+01             0.638E-11
            -0.179E+01             0.977E-11
            -0.178E+01             0.149E-10
            -0.177E+01             0.227E-10
            -0.175E+01             0.344E-10
            -0.174E+01             0.519E-10
            -0.173E+01             0.782E-10
            -0.172E+01             0.117E-09
            -0.170E+01             0.176E-09
            -0.169E+01             0.262E-09
            -0.168E+01             0.390E-09
            -0.167E+01             0.578E-09
            -0.165E+01             0.854E-09
            -0.164E+01             0.126E-08
            -0.163E+01             0.185E-08
            -0.162E+01             0.270E-08
            -0.160E+01             0.394E-08
            -0.159E+01             0.573E-08
            -0.158E+01             0.830E-08
            -0.157E+01             0.120E-07
            -0.155E+01             0.173E-07
            -0.154E+01             0.248E-07
            -0.153E+01             0.354E-07
            -0.152E+01             0.505E-07
            -0.150E+01             0.717E-07
            -0.149E+01             0.102E-06
            -0.148E+01             0.143E-06
            -0.147E+01             0.202E-06
            -0.145E+01             0.283E-06
            -0.144E+01             0.396E-06
            -0.143E+01             0.551E-06
            -0.142E+01             0.765E-06
            -0.140E+01             0.106E-05
            -0.139E+01             0.146E-05
            -0.138E+01             0.201E-05
            -0.137E+01             0.275E-05
            -0.135E+01             0.376E-05
            -0.134E+01             0.511E-05
            -0.133E+01             0.693E-05
            -0.132E+01             0.937E-05
            -0.130E+01             0.126E-04
            -0.129E+01             0.170E-04
            -0.128E+01             0.227E-04
            -0.127E+01             0.303E-04
            -0.125E+01             0.402E-04
            -0.124E+01             0.533E-04
            -0.123E+01             0.704E-04
            -0.122E+01             0.926E-04
            -0.120E+01             0.121E-03
            -0.119E+01             0.159E-03
            -0.118E+01             0.207E-03
            -0.117E+01             0.268E-03
            -0.115E+01             0.347E-03
            -0.114E+01             0.447E-03
            -0.113E+01             0.574E-03
            -0.112E+01             0.734E-03
            -0.110E+01             0.936E-03
            -0.109E+01             0.119E-02
            -0.108E+01             0.151E-02
            -0.107E+01             0.190E-02
            -0.105E+01             0.239E-02
            -0.104E+01             0.300E-02
            -0.103E+01             0.374E-02
            -0.102E+01             0.465E-02
            -0.100E+01             0.577E-02
            -0.992E+00             0.712E-02
            -0.979E+00             0.876E-02
            -0.967E+00             0.107E-01
            -0.954E+00             0.131E-01
            -0.942E+00             0.160E-01
            -0.929E+00             0.194E-01
            -0.917E+00             0.234E-01
            -0.904E+00             0.281E-01
            -0.892E+00             0.337E-01
            -0.879E+00             0.403E-01
            -0.867E+00             0.479E-01
            -0.854E+00             0.568E-01
            -0.842E+00             0.671E-01
            -0.830E+00             0.789E-01
            -0.817E+00             0.924E-01
            -0.805E+00             0.108E+00
            -0.792E+00             0.125E+00
            -0.780E+00             0.145E+00
            -0.767E+00             0.167E+00
            -0.755E+00             0.192E+00
            -0.742E+00             0.219E+00
            -0.730E+00             0.250E+00
            -0.717E+00             0.283E+00
            -0.705E+00             0.319E+00
            -0.692E+00             0.359E+00
            -0.680E+00             0.401E+00
            -0.667E+00             0.447E+00
            -0.655E+00             0.495E+00
            -0.642E+00             0.546E+00
            -0.630E+00             0.600E+00
            -0.617E+00             0.655E+00
            -0.605E+00             0.713E+00
            -0.593E+00             0.771E+00
            -0.580E+00             0.830E+00
            -0.568E+00             0.888E+00
            -0.555E+00             0.945E+00
            -0.543E+00             0.100E+01
            -0.530E+00             0.105E+01
            -0.518E+00             0.110E+01
            -0.505E+00             0.114E+01
            -0.493E+00             0.118E+01
            -0.480E+00             0.121E+01
            -0.468E+00             0.123E+01
            -0.455E+00             0.124E+01
            -0.443E+00             0.124E+01
            -0.430E+00             0.123E+01
            -0.418E+00             0.121E+01
            -0.405E+00             0.117E+01
            -0.393E+00             0.112E+01
            -0.380E+00             0.106E+01
            -0.368E+00             0.986E+00
            -0.356E+00             0.897E+00
            -0.343E+00             0.797E+00
            -0.331E+00             0.685E+00
            -0.318E+00             0.563E+00
            -0.306E+00             0.432E+00
            -0.293E+00             0.295E+00
            -0.281E+00             0.153E+00
            -0.268E+00             0.825E-02
            -0.256E+00            -0.137E+00
            -0.243E+00            -0.279E+00
            -0.231E+00            -0.416E+00
            -0.218E+00            -0.546E+00
            -0.206E+00            -0.666E+00
            -0.193E+00            -0.773E+00
            -0.181E+00            -0.865E+00
            -0.168E+00            -0.940E+00
            -0.156E+00            -0.996E+00
            -0.143E+00            -0.103E+01
            -0.131E+00            -0.105E+01
            -0.119E+00            -0.104E+01
            -0.106E+00            -0.101E+01
            -0.936E-01            -0.965E+00
            -0.811E-01            -0.895E+00
            -0.686E-01            -0.807E+00
            -0.561E-01            -0.701E+00
            -0.437E-01            -0.580E+00
            -0.312E-01            -0.446E+00
            -0.187E-01            -0.303E+00
            -0.624E-02            -0.153E+00
             0.624E-02            -0.112E-13
             0.187E-01             0.153E+00
             0.312E-01             0.303E+00
             0.437E-01             0.446E+00
             0.561E-01             0.580E+00
             0.686E-01             0.701E+00
             0.811E-01             0.807E+00
             0.936E-01             0.895E+00
             0.106E+00             0.965E+00
             0.119E+00             0.101E+01
             0.131E+00             0.104E+01
             0.143E+00             0.105E+01
             0.156E+00             0.103E+01
             0.168E+00             0.996E+00
             0.181E+00             0.940E+00
             0.193E+00             0.865E+00
             0.206E+00             0.773E+00
             0.218E+00             0.666E+00
             0.231E+00             0.546E+00
             0.243E+00             0.416E+00
             0.256E+00             0.279E+00
             0.268E+00             0.137E+00
             0.281E+00            -0.825E-02
             0.293E+00            -0.153E+00
             0.306E+00            -0.295E+00
             0.318E+00            -0.432E+00
             0.331E+00            -0.563E+00
             0.343E+00            -0.685E+00
             0.356E+00            -0.797E+00
             0.368E+00            -0.897E+00
             0.380E+00            -0.986E+00
             0.393E+00            -0.106E+01
             0.405E+00            -0.112E+01
             0.418E+00            -0.117E+01
             0.430E+00            -0.121E+01
             0.443E+00            -0.123E+01
             0.455E+00            -0.124E+01
             0.468E+00            -0.124E+01
             0.480E+00            -0.123E+01
             0.493E+00            -0.121E+01
             0.505E+00            -0.118E+01
             0.518E+00            -0.114E+01
             0.530E+00            -0.110E+01
             0.543E+00            -0.105E+01
             0.555E+00            -0.100E+01
             0.568E+00            -0.945E+00
             0.580E+00            -0.888E+00
             0.593E+00            -0.830E+00
             0.605E+00            -0.771E+00
             0.617E+00            -0.713E+00
             0.630E+00            -0.655E+00
             0.642E+00            -0.600E+00
             0.655E+00            -0.546E+00
             0.667E+00            -0.495E+00
             0.680E+00            -0.447E+00
             0.692E+00            -0.401E+00
             0.705E+00            -0.359E+00
             0.717E+00            -0.319E+00
             0.730E+00            -0.283E+00
             0.742E+00            -0.250E+00
             0.755E+00            -0.219E+00
             0.767E+00            -0.192E+00
             0.780E+00            -0.167E+00
             0.792E+00            -0.145E+00
             0.805E+00            -0.125E+00
             0.817E+00            -0.108E+00
             0.830E+00            -0.924E-01
             0.842E+00            -0.789E-01
             0.854E+00            -0.671E-01
             0.867E+00            -0.568E-01
             0.879E+00            -0.479E-01
             0.892E+00            -0.403E-01
             0.904E+00            -0.337E-01
             0.917E+00            -0.281E-01
             0.929E+00            -0.234E-01
             0.942E+00            -0.194E-01
             0.954E+00            -0.160E-01
             0.967E+00            -0.131E-01
             0.979E+00            -0.107E-01
             0.992E+00            -0.876E-02
             0.100E+01            -0.712E-02
             0.102E+01            -0.577E-02
             0.103E+01            -0.465E-02
             0.104E+01            -0.374E-02
             0.105E+01            -0.300E-02
             0.107E+01            -0.239E-02
             0.108E+01            -0.190E-02
             0.109E+01            -0.151E-02
             0.110E+01            -0.119E-02
             0.112E+01            -0.936E-03
             0.113E+01            -0.734E-03
             0.114E+01            -0.574E-03
             0.115E+01            -0.447E-03
             0.117E+01            -0.347E-03
             0.118E+01            -0.268E-03
             0.119E+01            -0.207E-03
             0.120E+01            -0.159E-03
             0.122E+01            -0.121E-03
             0.123E+01            -0.926E-04
             0.124E+01            -0.704E-04
             0.125E+01            -0.533E-04
             0.127E+01            -0.402E-04
             0.128E+01            -0.303E-04
             0.129E+01            -0.227E-04
             0.130E+01            -0.170E-04
             0.132E+01            -0.126E-04
             0.133E+01            -0.937E-05
             0.134E+01            -0.693E-05
             0.135E+01            -0.511E-05
             0.137E+01            -0.376E-05
             0.138E+01            -0.275E-05
             0.139E+01            -0.201E-05
             0.140E+01            -0.146E-05
             0.142E+01            -0.106E-05
             0.143E+01            -0.765E-06
             0.144E+01            -0.551E-06
             0.145E+01            -0.396E-06
             0.147E+01            -0.283E-06
             0.148E+01            -0.202E-06
             0.149E+01            -0.143E-06
             0.150E+01            -0.102E-06
             0.152E+01            -0.717E-07
             0.153E+01            -0.505E-07
             0.154E+01            -0.354E-07
             0.155E+01            -0.248E-07
             0.157E+01            -0.173E-07
             0.158E+01            -0.120E-07
             0.159E+01            -0.830E-08
             0.160E+01            -0.573E-08
             0.162E+01            -0.394E-08
             0.163E+01            -0.270E-08
             0.164E+01            -0.185E-08
             0.165E+01            -0.126E-08
             0.167E+01            -0.854E-09
             0.168E+01            -0.578E-09
             0.169E+01            -0.390E-09
             0.170E+01            -0.262E-09
             0.172E+01            -0.176E-09
             0.173E+01            -0.117E-09
             0.174E+01            -0.782E-10
             0.175E+01            -0.519E-10
             0.177E+01            -0.344E-10
             0.178E+01            -0.227E-10
             0.179E+01            -0.149E-10
             0.180E+01            -0.977E-11
             0.181E+01            -0.638E-11
             0.183E+01            -0.416E-11
             0.184E+01            -0.270E-11
             0.185E+01            -0.174E-11
             0.186E+01            -0.113E-11
             0.188E+01            -0.725E-12
             0.189E+01            -0.466E-12
             0.190E+01            -0.299E-12
             0.191E+01            -0.192E-12
             0.193E+01            -0.123E-12
             0.194E+01            -0.782E-13
             0.195E+01            -0.501E-13
             0.196E+01            -0.318E-13
             0.198E+01            -0.206E-13
             0.199E+01            -0.125E-13
             0.200E+01            -0.784E-14
             0.201E+01            -0.405E-14
             0.203E+01            -0.192E-14
             0.204E+01            -0.164E-15
             0.205E+01            -0.295E-15
             0.206E+01             0.207E-14
             0.208E+01             0.186E-14
             0.209E+01            -0.407E-15
             0.210E+01            -0.546E-16
             0.211E+01            -0.120E-15
             0.213E+01             0.215E-15
             0.214E+01            -0.258E-14
             0.215E+01            -0.988E-15
             0.216E+01            -0.304E-15
             0.218E+01            -0.963E-15
             0.219E+01            -0.685E-15
             0.220E+01             0.565E-15
             0.221E+01             0.756E-15
             0.223E+01             0.264E-14
             0.224E+01             0.334E-14
             0.225E+01             0.824E-16
             0.226E+01             0.690E-17
             0.228E+01             0.200E-14
             0.229E+01            -0.132E-14
             0.230E+01            -0.912E-15
             0.231E+01             0.322E-14
             0.233E+01            -0.541E-15
             0.234E+01            -0.141E-14
             0.235E+01             0.521E-15
             0.236E+01            -0.262E-14
             0.238E+01            -0.157E-14
             0.239E+01            -0.450E-15
             0.240E+01            -0.104E-14
             0.241E+01             0.252E-15
             0.243E+01             0.226E-14
             0.244E+01             0.258E-14
             0.245E+01             0.199E-14
             0.246E+01             0.168E-14
             0.248E+01             0.268E-14
             0.249E+01             0.201E-15
             0.250E+01             0.168E-14
             0.251E+01             0.225E-14
             0.253E+01             0.313E-14
             0.254E+01             0.526E-15
             0.255E+01             0.190E-14
             0.256E+01            -0.134E-14
             0.258E+01             0.300E-15
             0.259E+01             0.113E-14
             0.260E+01             0.634E-15
             0.261E+01            -0.273E-14
             0.263E+01            -0.169E-14
             0.264E+01            -0.608E-15
             0.265E+01            -0.157E-14
             0.266E+01            -0.117E-15
             0.268E+01             0.116E-14
             0.269E+01            -0.991E-15
             0.270E+01             0.130E-14
             0.271E+01            -0.467E-15
             0.273E+01            -0.108E-14
             0.274E+01            -0.232E-14
             0.275E+01            -0.321E-15
             0.276E+01            -0.479E-15
             0.278E+01            -0.197E-16
             0.279E+01             0.207E-14
             0.280E+01            -0.266E-14
             0.281E+01             0.196E-14
             0.283E+01             0.145E-14
             0.284E+01             0.128E-14
             0.285E+01             0.847E-15
             0.286E+01             0.131E-15
             0.288E+01            -0.316E-16
             0.289E+01             0.232E-14
             0.290E+01            -0.823E-15
             0.291E+01            -0.846E-15
             0.293E+01            -0.168E-14
             0.294E+01             0.117E-14
             0.295E+01             0.426E-15
             0.296E+01             0.200E-14
             0.298E+01            -0.694E-16
             0.299E+01            -0.105E-14
             0.300E+01            -0.191E-14
