            -0.497E+01            -0.105E-94
            -0.494E+01            -0.204E-93
            -0.491E+01            -0.821E-92
            -0.488E+01            -0.552E-92
            -0.485E+01            -0.447E-90
            -0.482E+01            -0.778E-90
            -0.479E+01            -0.163E-88
            -0.477E+01            -0.419E-87
            -0.474E+01            -0.584E-87
            -0.471E+01            -0.146E-85
            -0.468E+01            -0.341E-84
            -0.465E+01            -0.139E-83
            -0.462E+01            -0.541E-83
            -0.459E+01            -0.530E-82
            -0.456E+01            -0.577E-81
            -0.453E+01             0.111E-80
            -0.450E+01             0.115E-79
            -0.447E+01            -0.584E-78
            -0.444E+01            -0.277E-77
            -0.441E+01            -0.213E-76
            -0.438E+01            -0.170E-75
            -0.435E+01            -0.289E-74
            -0.433E+01            -0.112E-73
            -0.430E+01            -0.935E-73
            -0.427E+01            -0.939E-72
            -0.424E+01            -0.725E-71
            -0.421E+01            -0.664E-70
            -0.418E+01            -0.538E-69
            -0.415E+01            -0.261E-68
            -0.412E+01            -0.271E-67
            -0.409E+01            -0.178E-66
            -0.406E+01            -0.132E-65
            -0.403E+01            -0.119E-64
            -0.400E+01            -0.890E-64
            -0.397E+01            -0.625E-63
            -0.394E+01            -0.418E-62
            -0.391E+01            -0.353E-61
            -0.389E+01            -0.233E-60
            -0.386E+01            -0.167E-59
            -0.383E+01            -0.115E-58
            -0.380E+01            -0.769E-58
            -0.377E+01            -0.529E-57
            -0.374E+01            -0.361E-56
            -0.371E+01            -0.249E-55
            -0.368E+01            -0.161E-54
            -0.365E+01            -0.103E-53
            -0.362E+01            -0.670E-53
            -0.359E+01            -0.425E-52
            -0.356E+01            -0.270E-51
            -0.353E+01            -0.168E-50
            -0.350E+01            -0.103E-49
            -0.348E+01            -0.627E-49
            -0.345E+01            -0.377E-48
            -0.342E+01            -0.223E-47
            -0.339E+01            -0.131E-46
            -0.336E+01            -0.759E-46
            -0.333E+01            -0.434E-45
            -0.330E+01            -0.245E-44
            -0.327E+01            -0.137E-43
            -0.324E+01            -0.755E-43
            -0.321E+01            -0.411E-42
            -0.318E+01            -0.221E-41
            -0.315E+01            -0.117E-40
            -0.312E+01            -0.616E-40
            -0.309E+01            -0.319E-39
            -0.306E+01            -0.163E-38
            -0.304E+01            -0.824E-38
            -0.301E+01            -0.411E-37
            -0.298E+01            -0.202E-36
            -0.295E+01            -0.981E-36
            -0.292E+01            -0.471E-35
            -0.289E+01            -0.223E-34
            -0.286E+01            -0.104E-33
            -0.283E+01            -0.479E-33
            -0.280E+01            -0.218E-32
            -0.277E+01            -0.979E-32
            -0.274E+01            -0.434E-31
            -0.271E+01            -0.190E-30
            -0.268E+01            -0.818E-30
            -0.265E+01            -0.348E-29
            -0.262E+01            -0.146E-28
            -0.260E+01            -0.605E-28
            -0.257E+01            -0.247E-27
            -0.254E+01            -0.995E-27
            -0.251E+01            -0.395E-26
            -0.248E+01            -0.155E-25
            -0.245E+01            -0.599E-25
            -0.242E+01            -0.228E-24
            -0.239E+01            -0.858E-24
            -0.236E+01            -0.318E-23
            -0.233E+01            -0.116E-22
            -0.230E+01            -0.419E-22
            -0.227E+01            -0.149E-21
            -0.224E+01            -0.521E-21
            -0.221E+01            -0.180E-20
            -0.218E+01            -0.611E-20
            -0.216E+01            -0.205E-19
            -0.213E+01            -0.677E-19
            -0.210E+01            -0.221E-18
            -0.207E+01            -0.708E-18
            -0.204E+01            -0.224E-17
            -0.201E+01            -0.697E-17
            -0.198E+01            -0.214E-16
            -0.195E+01            -0.648E-16
            -0.192E+01            -0.193E-15
            -0.189E+01            -0.567E-15
            -0.186E+01            -0.164E-14
            -0.183E+01            -0.467E-14
            -0.180E+01            -0.131E-13
            -0.177E+01            -0.362E-13
            -0.174E+01            -0.986E-13
            -0.172E+01            -0.264E-12
            -0.169E+01            -0.697E-12
            -0.166E+01            -0.181E-11
            -0.163E+01            -0.464E-11
            -0.160E+01            -0.117E-10
            -0.157E+01            -0.290E-10
            -0.154E+01            -0.708E-10
            -0.151E+01            -0.170E-09
            -0.148E+01            -0.403E-09
            -0.145E+01            -0.939E-09
            -0.142E+01            -0.215E-08
            -0.139E+01            -0.486E-08
            -0.136E+01            -0.108E-07
            -0.133E+01            -0.236E-07
            -0.130E+01            -0.508E-07
            -0.128E+01            -0.107E-06
            -0.125E+01            -0.224E-06
            -0.122E+01            -0.459E-06
            -0.119E+01            -0.926E-06
            -0.116E+01            -0.184E-05
            -0.113E+01            -0.359E-05
            -0.110E+01            -0.689E-05
            -0.107E+01            -0.130E-04
            -0.104E+01            -0.242E-04
            -0.101E+01            -0.442E-04
            -0.982E+00            -0.795E-04
            -0.953E+00            -0.141E-03
            -0.924E+00            -0.245E-03
            -0.894E+00            -0.418E-03
            -0.865E+00            -0.704E-03
            -0.836E+00            -0.116E-02
            -0.806E+00            -0.190E-02
            -0.777E+00            -0.303E-02
            -0.748E+00            -0.477E-02
            -0.718E+00            -0.739E-02
            -0.689E+00            -0.112E-01
            -0.660E+00            -0.168E-01
            -0.630E+00            -0.247E-01
            -0.601E+00            -0.358E-01
            -0.572E+00            -0.508E-01
            -0.543E+00            -0.711E-01
            -0.513E+00            -0.977E-01
            -0.484E+00            -0.132E+00
            -0.455E+00            -0.175E+00
            -0.425E+00            -0.229E+00
            -0.396E+00            -0.294E+00
            -0.367E+00            -0.370E+00
            -0.337E+00            -0.459E+00
            -0.308E+00            -0.560E+00
            -0.279E+00            -0.671E+00
            -0.249E+00            -0.791E+00
            -0.220E+00            -0.915E+00
            -0.191E+00            -0.104E+01
            -0.161E+00            -0.117E+01
            -0.132E+00            -0.128E+01
            -0.103E+00            -0.138E+01
            -0.733E-01            -0.147E+01
            -0.440E-01            -0.154E+01
            -0.147E-01            -0.158E+01
             0.147E-01            -0.159E+01
             0.440E-01            -0.158E+01
             0.733E-01            -0.154E+01
             0.103E+00            -0.147E+01
             0.132E+00            -0.138E+01
             0.161E+00            -0.128E+01
             0.191E+00            -0.117E+01
             0.220E+00            -0.104E+01
             0.249E+00            -0.915E+00
             0.279E+00            -0.791E+00
             0.308E+00            -0.671E+00
             0.337E+00            -0.560E+00
             0.367E+00            -0.459E+00
             0.396E+00            -0.370E+00
             0.425E+00            -0.294E+00
             0.455E+00            -0.229E+00
             0.484E+00            -0.175E+00
             0.513E+00            -0.132E+00
             0.543E+00            -0.977E-01
             0.572E+00            -0.711E-01
             0.601E+00            -0.508E-01
             0.630E+00            -0.358E-01
             0.660E+00            -0.247E-01
             0.689E+00            -0.168E-01
             0.718E+00            -0.112E-01
             0.748E+00            -0.739E-02
             0.777E+00            -0.477E-02
             0.806E+00            -0.303E-02
             0.836E+00            -0.190E-02
             0.865E+00            -0.116E-02
             0.894E+00            -0.704E-03
             0.924E+00            -0.418E-03
             0.953E+00            -0.245E-03
             0.982E+00            -0.141E-03
             0.101E+01            -0.795E-04
             0.104E+01            -0.442E-04
             0.107E+01            -0.242E-04
             0.110E+01            -0.130E-04
             0.113E+01            -0.689E-05
             0.116E+01            -0.359E-05
             0.119E+01            -0.184E-05
             0.122E+01            -0.926E-06
             0.125E+01            -0.459E-06
             0.128E+01            -0.224E-06
             0.130E+01            -0.107E-06
             0.133E+01            -0.508E-07
             0.136E+01            -0.236E-07
             0.139E+01            -0.108E-07
             0.142E+01            -0.486E-08
             0.145E+01            -0.215E-08
             0.148E+01            -0.939E-09
             0.151E+01            -0.403E-09
             0.154E+01            -0.170E-09
             0.157E+01            -0.708E-10
             0.160E+01            -0.290E-10
             0.163E+01            -0.117E-10
             0.166E+01            -0.464E-11
             0.169E+01            -0.181E-11
             0.172E+01            -0.699E-12
             0.174E+01            -0.263E-12
             0.177E+01            -0.997E-13
             0.180E+01            -0.357E-13
             0.183E+01            -0.127E-13
             0.186E+01            -0.500E-14
             0.189E+01            -0.194E-14
             0.192E+01            -0.106E-14
             0.195E+01            -0.113E-14
             0.198E+01            -0.495E-15
             0.201E+01            -0.896E-15
             0.204E+01            -0.264E-15
             0.207E+01            -0.255E-15
             0.210E+01            -0.268E-15
             0.213E+01            -0.202E-15
             0.216E+01             0.437E-15
             0.218E+01            -0.516E-15
             0.221E+01            -0.589E-15
             0.224E+01             0.525E-16
             0.227E+01            -0.508E-15
             0.230E+01             0.157E-14
             0.233E+01             0.206E-14
             0.236E+01             0.843E-15
             0.239E+01             0.155E-14
             0.242E+01             0.651E-15
             0.245E+01            -0.143E-15
             0.248E+01             0.687E-16
             0.251E+01             0.139E-14
             0.254E+01             0.518E-15
             0.257E+01             0.913E-15
             0.260E+01             0.478E-15
             0.262E+01            -0.766E-15
             0.265E+01            -0.811E-15
             0.268E+01             0.238E-15
             0.271E+01             0.688E-15
             0.274E+01             0.874E-15
             0.277E+01             0.577E-15
             0.280E+01            -0.739E-15
             0.283E+01             0.817E-15
             0.286E+01             0.232E-15
             0.289E+01            -0.180E-15
             0.292E+01             0.236E-15
             0.295E+01            -0.491E-15
             0.298E+01            -0.700E-15
             0.301E+01             0.586E-15
             0.304E+01             0.686E-15
             0.306E+01            -0.233E-15
             0.309E+01             0.568E-15
             0.312E+01            -0.189E-15
             0.315E+01             0.301E-15
             0.318E+01             0.414E-15
             0.321E+01             0.204E-15
             0.324E+01             0.873E-16
             0.327E+01            -0.391E-15
             0.330E+01            -0.288E-15
             0.333E+01            -0.842E-16
             0.336E+01             0.343E-15
             0.339E+01            -0.707E-15
             0.342E+01             0.414E-15
             0.345E+01             0.291E-15
             0.348E+01            -0.253E-15
             0.350E+01            -0.755E-15
             0.353E+01             0.878E-16
             0.356E+01             0.267E-15
             0.359E+01            -0.579E-15
             0.362E+01             0.122E-14
             0.365E+01            -0.300E-15
             0.368E+01            -0.367E-15
             0.371E+01             0.713E-15
             0.374E+01             0.320E-15
             0.377E+01             0.562E-16
             0.380E+01             0.155E-15
             0.383E+01            -0.330E-15
             0.386E+01             0.635E-15
             0.389E+01            -0.162E-14
             0.391E+01             0.118E-14
             0.394E+01            -0.161E-14
             0.397E+01             0.897E-15
             0.400E+01            -0.623E-15
             0.403E+01             0.965E-15
             0.406E+01            -0.195E-14
             0.409E+01             0.239E-14
             0.412E+01            -0.846E-15
             0.415E+01            -0.549E-15
             0.418E+01             0.118E-15
             0.421E+01             0.126E-14
             0.424E+01             0.100E-14
             0.427E+01            -0.159E-14
             0.430E+01             0.449E-15
             0.433E+01             0.109E-14
             0.435E+01             0.311E-15
             0.438E+01            -0.229E-15
             0.441E+01             0.163E-14
             0.444E+01            -0.602E-15
             0.447E+01             0.941E-15
             0.450E+01            -0.555E-15
             0.453E+01             0.814E-16
             0.456E+01             0.768E-15
             0.459E+01            -0.161E-14
             0.462E+01             0.564E-15
             0.465E+01             0.144E-14
             0.468E+01            -0.835E-15
             0.471E+01            -0.120E-14
             0.474E+01             0.102E-14
             0.477E+01             0.241E-14
             0.479E+01            -0.287E-15
             0.482E+01             0.916E-15
             0.485E+01             0.129E-14
             0.488E+01             0.355E-15
             0.491E+01            -0.133E-14
             0.494E+01            -0.196E-14
             0.497E+01            -0.169E-14
             0.500E+01            -0.602E-16
