            -0.299E+01            -0.493E-32
            -0.299E+01             0.981E-31
            -0.298E+01             0.535E-31
            -0.298E+01             0.461E-31
            -0.297E+01             0.114E-30
            -0.297E+01            -0.672E-32
            -0.296E+01            -0.502E-33
            -0.295E+01            -0.416E-31
            -0.295E+01             0.232E-31
            -0.294E+01             0.345E-31
            -0.294E+01             0.145E-30
            -0.293E+01            -0.651E-31
            -0.293E+01            -0.150E-31
            -0.292E+01            -0.138E-30
            -0.291E+01             0.101E-31
            -0.291E+01             0.875E-31
            -0.290E+01            -0.326E-32
            -0.290E+01             0.536E-33
            -0.289E+01             0.417E-31
            -0.288E+01             0.191E-31
            -0.288E+01            -0.415E-31
            -0.287E+01             0.340E-32
            -0.287E+01             0.489E-31
            -0.286E+01             0.271E-32
            -0.286E+01            -0.731E-31
            -0.285E+01             0.641E-31
            -0.284E+01             0.844E-31
            -0.284E+01            -0.106E-30
            -0.283E+01             0.364E-31
            -0.283E+01             0.506E-31
            -0.282E+01            -0.104E-30
            -0.282E+01             0.268E-31
            -0.281E+01            -0.114E-31
            -0.280E+01            -0.164E-30
            -0.280E+01             0.537E-31
            -0.279E+01             0.153E-30
            -0.279E+01             0.604E-31
            -0.278E+01             0.206E-31
            -0.278E+01             0.102E-30
            -0.277E+01             0.165E-30
            -0.276E+01             0.206E-30
            -0.276E+01             0.399E-30
            -0.275E+01             0.277E-30
            -0.275E+01             0.541E-30
            -0.274E+01             0.865E-30
            -0.273E+01             0.107E-29
            -0.273E+01             0.174E-29
            -0.272E+01             0.201E-29
            -0.272E+01             0.272E-29
            -0.271E+01             0.370E-29
            -0.271E+01             0.487E-29
            -0.270E+01             0.682E-29
            -0.269E+01             0.925E-29
            -0.269E+01             0.126E-28
            -0.268E+01             0.171E-28
            -0.268E+01             0.232E-28
            -0.267E+01             0.313E-28
            -0.267E+01             0.425E-28
            -0.266E+01             0.575E-28
            -0.265E+01             0.775E-28
            -0.265E+01             0.105E-27
            -0.264E+01             0.141E-27
            -0.264E+01             0.191E-27
            -0.263E+01             0.257E-27
            -0.263E+01             0.346E-27
            -0.262E+01             0.466E-27
            -0.261E+01             0.627E-27
            -0.261E+01             0.842E-27
            -0.260E+01             0.113E-26
            -0.260E+01             0.152E-26
            -0.259E+01             0.204E-26
            -0.259E+01             0.273E-26
            -0.258E+01             0.366E-26
            -0.257E+01             0.490E-26
            -0.257E+01             0.656E-26
            -0.256E+01             0.877E-26
            -0.256E+01             0.117E-25
            -0.255E+01             0.156E-25
            -0.254E+01             0.209E-25
            -0.254E+01             0.278E-25
            -0.253E+01             0.371E-25
            -0.253E+01             0.494E-25
            -0.252E+01             0.658E-25
            -0.252E+01             0.874E-25
            -0.251E+01             0.116E-24
            -0.250E+01             0.154E-24
            -0.250E+01             0.205E-24
            -0.249E+01             0.272E-24
            -0.249E+01             0.360E-24
            -0.248E+01             0.477E-24
            -0.248E+01             0.632E-24
            -0.247E+01             0.836E-24
            -0.246E+01             0.110E-23
            -0.246E+01             0.146E-23
            -0.245E+01             0.193E-23
            -0.245E+01             0.254E-23
            -0.244E+01             0.335E-23
            -0.244E+01             0.442E-23
            -0.243E+01             0.581E-23
            -0.242E+01             0.765E-23
            -0.242E+01             0.101E-22
            -0.241E+01             0.132E-22
            -0.241E+01             0.174E-22
            -0.240E+01             0.228E-22
            -0.239E+01             0.299E-22
            -0.239E+01             0.392E-22
            -0.238E+01             0.513E-22
            -0.238E+01             0.671E-22
            -0.237E+01             0.878E-22
            -0.237E+01             0.115E-21
            -0.236E+01             0.150E-21
            -0.235E+01             0.196E-21
            -0.235E+01             0.255E-21
            -0.234E+01             0.333E-21
            -0.234E+01             0.433E-21
            -0.233E+01             0.564E-21
            -0.233E+01             0.734E-21
            -0.232E+01             0.954E-21
            -0.231E+01             0.124E-20
            -0.231E+01             0.161E-20
            -0.230E+01             0.209E-20
            -0.230E+01             0.271E-20
            -0.229E+01             0.351E-20
            -0.229E+01             0.454E-20
            -0.228E+01             0.587E-20
            -0.227E+01             0.760E-20
            -0.227E+01             0.982E-20
            -0.226E+01             0.127E-19
            -0.226E+01             0.164E-19
            -0.225E+01             0.211E-19
            -0.224E+01             0.272E-19
            -0.224E+01             0.350E-19
            -0.223E+01             0.451E-19
            -0.223E+01             0.579E-19
            -0.222E+01             0.745E-19
            -0.222E+01             0.957E-19
            -0.221E+01             0.123E-18
            -0.220E+01             0.157E-18
            -0.220E+01             0.202E-18
            -0.219E+01             0.259E-18
            -0.219E+01             0.331E-18
            -0.218E+01             0.423E-18
            -0.218E+01             0.541E-18
            -0.217E+01             0.691E-18
            -0.216E+01             0.883E-18
            -0.216E+01             0.113E-17
            -0.215E+01             0.144E-17
            -0.215E+01             0.183E-17
            -0.214E+01             0.233E-17
            -0.214E+01             0.296E-17
            -0.213E+01             0.377E-17
            -0.212E+01             0.479E-17
            -0.212E+01             0.608E-17
            -0.211E+01             0.771E-17
            -0.211E+01             0.978E-17
            -0.210E+01             0.124E-16
            -0.210E+01             0.157E-16
            -0.209E+01             0.199E-16
            -0.208E+01             0.251E-16
            -0.208E+01             0.317E-16
            -0.207E+01             0.401E-16
            -0.207E+01             0.506E-16
            -0.206E+01             0.638E-16
            -0.205E+01             0.804E-16
            -0.205E+01             0.101E-15
            -0.204E+01             0.128E-15
            -0.204E+01             0.160E-15
            -0.203E+01             0.202E-15
            -0.203E+01             0.253E-15
            -0.202E+01             0.318E-15
            -0.201E+01             0.399E-15
            -0.201E+01             0.500E-15
            -0.200E+01             0.626E-15
            -0.200E+01             0.784E-15
            -0.199E+01             0.981E-15
            -0.199E+01             0.123E-14
            -0.198E+01             0.153E-14
            -0.197E+01             0.191E-14
            -0.197E+01             0.239E-14
            -0.196E+01             0.298E-14
            -0.196E+01             0.371E-14
            -0.195E+01             0.462E-14
            -0.195E+01             0.574E-14
            -0.194E+01             0.714E-14
            -0.193E+01             0.887E-14
            -0.193E+01             0.110E-13
            -0.192E+01             0.137E-13
            -0.192E+01             0.170E-13
            -0.191E+01             0.210E-13
            -0.190E+01             0.260E-13
            -0.190E+01             0.322E-13
            -0.189E+01             0.398E-13
            -0.189E+01             0.492E-13
            -0.188E+01             0.608E-13
            -0.188E+01             0.750E-13
            -0.187E+01             0.925E-13
            -0.186E+01             0.114E-12
            -0.186E+01             0.140E-12
            -0.185E+01             0.173E-12
            -0.185E+01             0.213E-12
            -0.184E+01             0.261E-12
            -0.184E+01             0.321E-12
            -0.183E+01             0.394E-12
            -0.182E+01             0.483E-12
            -0.182E+01             0.592E-12
            -0.181E+01             0.726E-12
            -0.181E+01             0.888E-12
            -0.180E+01             0.109E-11
            -0.180E+01             0.133E-11
            -0.179E+01             0.162E-11
            -0.178E+01             0.198E-11
            -0.178E+01             0.242E-11
            -0.177E+01             0.295E-11
            -0.177E+01             0.359E-11
            -0.176E+01             0.437E-11
            -0.176E+01             0.532E-11
            -0.175E+01             0.646E-11
            -0.174E+01             0.785E-11
            -0.174E+01             0.954E-11
            -0.173E+01             0.116E-10
            -0.173E+01             0.140E-10
            -0.172E+01             0.170E-10
            -0.171E+01             0.206E-10
            -0.171E+01             0.249E-10
            -0.170E+01             0.301E-10
            -0.170E+01             0.364E-10
            -0.169E+01             0.439E-10
            -0.169E+01             0.530E-10
            -0.168E+01             0.639E-10
            -0.167E+01             0.770E-10
            -0.167E+01             0.928E-10
            -0.166E+01             0.112E-09
            -0.166E+01             0.134E-09
            -0.165E+01             0.161E-09
            -0.165E+01             0.194E-09
            -0.164E+01             0.233E-09
            -0.163E+01             0.279E-09
            -0.163E+01             0.334E-09
            -0.162E+01             0.400E-09
            -0.162E+01             0.479E-09
            -0.161E+01             0.573E-09
            -0.161E+01             0.685E-09
            -0.160E+01             0.818E-09
            -0.159E+01             0.976E-09
            -0.159E+01             0.116E-08
            -0.158E+01             0.139E-08
            -0.158E+01             0.165E-08
            -0.157E+01             0.197E-08
            -0.156E+01             0.234E-08
            -0.156E+01             0.278E-08
            -0.155E+01             0.330E-08
            -0.155E+01             0.392E-08
            -0.154E+01             0.465E-08
            -0.154E+01             0.551E-08
            -0.153E+01             0.653E-08
            -0.152E+01             0.772E-08
            -0.152E+01             0.914E-08
            -0.151E+01             0.108E-07
            -0.151E+01             0.128E-07
            -0.150E+01             0.151E-07
            -0.150E+01             0.178E-07
            -0.149E+01             0.209E-07
            -0.148E+01             0.247E-07
            -0.148E+01             0.290E-07
            -0.147E+01             0.341E-07
            -0.147E+01             0.401E-07
            -0.146E+01             0.472E-07
            -0.146E+01             0.554E-07
            -0.145E+01             0.649E-07
            -0.144E+01             0.761E-07
            -0.144E+01             0.892E-07
            -0.143E+01             0.104E-06
            -0.143E+01             0.122E-06
            -0.142E+01             0.143E-06
            -0.141E+01             0.167E-06
            -0.141E+01             0.195E-06
            -0.140E+01             0.227E-06
            -0.140E+01             0.265E-06
            -0.139E+01             0.308E-06
            -0.139E+01             0.359E-06
            -0.138E+01             0.417E-06
            -0.137E+01             0.485E-06
            -0.137E+01             0.564E-06
            -0.136E+01             0.654E-06
            -0.136E+01             0.759E-06
            -0.135E+01             0.880E-06
            -0.135E+01             0.102E-05
            -0.134E+01             0.118E-05
            -0.133E+01             0.137E-05
            -0.133E+01             0.158E-05
            -0.132E+01             0.182E-05
            -0.132E+01             0.210E-05
            -0.131E+01             0.243E-05
            -0.131E+01             0.280E-05
            -0.130E+01             0.322E-05
            -0.129E+01             0.371E-05
            -0.129E+01             0.427E-05
            -0.128E+01             0.491E-05
            -0.128E+01             0.563E-05
            -0.127E+01             0.647E-05
            -0.127E+01             0.742E-05
            -0.126E+01             0.850E-05
            -0.125E+01             0.974E-05
            -0.125E+01             0.111E-04
            -0.124E+01             0.128E-04
            -0.124E+01             0.146E-04
            -0.123E+01             0.166E-04
            -0.122E+01             0.190E-04
            -0.122E+01             0.217E-04
            -0.121E+01             0.247E-04
            -0.121E+01             0.281E-04
            -0.120E+01             0.320E-04
            -0.120E+01             0.364E-04
            -0.119E+01             0.414E-04
            -0.118E+01             0.470E-04
            -0.118E+01             0.534E-04
            -0.117E+01             0.605E-04
            -0.117E+01             0.686E-04
            -0.116E+01             0.777E-04
            -0.116E+01             0.879E-04
            -0.115E+01             0.994E-04
            -0.114E+01             0.112E-03
            -0.114E+01             0.127E-03
            -0.113E+01             0.143E-03
            -0.113E+01             0.161E-03
            -0.112E+01             0.182E-03
            -0.112E+01             0.205E-03
            -0.111E+01             0.230E-03
            -0.110E+01             0.259E-03
            -0.110E+01             0.291E-03
            -0.109E+01             0.327E-03
            -0.109E+01             0.367E-03
            -0.108E+01             0.411E-03
            -0.107E+01             0.461E-03
            -0.107E+01             0.516E-03
            -0.106E+01             0.577E-03
            -0.106E+01             0.645E-03
            -0.105E+01             0.720E-03
            -0.105E+01             0.804E-03
            -0.104E+01             0.897E-03
            -0.103E+01             0.100E-02
            -0.103E+01             0.111E-02
            -0.102E+01             0.124E-02
            -0.102E+01             0.138E-02
            -0.101E+01             0.153E-02
            -0.101E+01             0.170E-02
            -0.100E+01             0.189E-02
            -0.994E+00             0.209E-02
            -0.988E+00             0.232E-02
            -0.983E+00             0.257E-02
            -0.977E+00             0.284E-02
            -0.971E+00             0.314E-02
            -0.965E+00             0.347E-02
            -0.960E+00             0.384E-02
            -0.954E+00             0.423E-02
            -0.948E+00             0.466E-02
            -0.942E+00             0.514E-02
            -0.937E+00             0.566E-02
            -0.931E+00             0.622E-02
            -0.925E+00             0.684E-02
            -0.919E+00             0.751E-02
            -0.914E+00             0.824E-02
            -0.908E+00             0.904E-02
            -0.902E+00             0.991E-02
            -0.896E+00             0.108E-01
            -0.890E+00             0.119E-01
            -0.885E+00             0.130E-01
            -0.879E+00             0.142E-01
            -0.873E+00             0.155E-01
            -0.867E+00             0.169E-01
            -0.862E+00             0.184E-01
            -0.856E+00             0.201E-01
            -0.850E+00             0.218E-01
            -0.844E+00             0.237E-01
            -0.839E+00             0.258E-01
            -0.833E+00             0.280E-01
            -0.827E+00             0.304E-01
            -0.821E+00             0.330E-01
            -0.816E+00             0.357E-01
            -0.810E+00             0.386E-01
            -0.804E+00             0.418E-01
            -0.798E+00             0.452E-01
            -0.793E+00             0.488E-01
            -0.787E+00             0.527E-01
            -0.781E+00             0.568E-01
            -0.775E+00             0.612E-01
            -0.769E+00             0.659E-01
            -0.764E+00             0.709E-01
            -0.758E+00             0.762E-01
            -0.752E+00             0.818E-01
            -0.746E+00             0.878E-01
            -0.741E+00             0.942E-01
            -0.735E+00             0.101E+00
            -0.729E+00             0.108E+00
            -0.723E+00             0.116E+00
            -0.718E+00             0.124E+00
            -0.712E+00             0.132E+00
            -0.706E+00             0.141E+00
            -0.700E+00             0.150E+00
            -0.695E+00             0.160E+00
            -0.689E+00             0.170E+00
            -0.683E+00             0.181E+00
            -0.677E+00             0.193E+00
            -0.671E+00             0.204E+00
            -0.666E+00             0.217E+00
            -0.660E+00             0.230E+00
            -0.654E+00             0.244E+00
            -0.648E+00             0.258E+00
            -0.643E+00             0.273E+00
            -0.637E+00             0.288E+00
            -0.631E+00             0.304E+00
            -0.625E+00             0.321E+00
            -0.620E+00             0.338E+00
            -0.614E+00             0.356E+00
            -0.608E+00             0.374E+00
            -0.602E+00             0.393E+00
            -0.597E+00             0.413E+00
            -0.591E+00             0.433E+00
            -0.585E+00             0.454E+00
            -0.579E+00             0.476E+00
            -0.573E+00             0.498E+00
            -0.568E+00             0.520E+00
            -0.562E+00             0.543E+00
            -0.556E+00             0.567E+00
            -0.550E+00             0.591E+00
            -0.545E+00             0.616E+00
            -0.539E+00             0.641E+00
            -0.533E+00             0.666E+00
            -0.527E+00             0.692E+00
            -0.522E+00             0.717E+00
            -0.516E+00             0.744E+00
            -0.510E+00             0.770E+00
            -0.504E+00             0.796E+00
            -0.499E+00             0.823E+00
            -0.493E+00             0.850E+00
            -0.487E+00             0.876E+00
            -0.481E+00             0.902E+00
            -0.476E+00             0.929E+00
            -0.470E+00             0.955E+00
            -0.464E+00             0.980E+00
            -0.458E+00             0.101E+01
            -0.452E+00             0.103E+01
            -0.447E+00             0.105E+01
            -0.441E+00             0.108E+01
            -0.435E+00             0.110E+01
            -0.429E+00             0.112E+01
            -0.424E+00             0.114E+01
            -0.418E+00             0.116E+01
            -0.412E+00             0.118E+01
            -0.406E+00             0.120E+01
            -0.401E+00             0.122E+01
            -0.395E+00             0.123E+01
            -0.389E+00             0.124E+01
            -0.383E+00             0.126E+01
            -0.378E+00             0.127E+01
            -0.372E+00             0.127E+01
            -0.366E+00             0.128E+01
            -0.360E+00             0.128E+01
            -0.354E+00             0.129E+01
            -0.349E+00             0.129E+01
            -0.343E+00             0.129E+01
            -0.337E+00             0.128E+01
            -0.331E+00             0.127E+01
            -0.326E+00             0.127E+01
            -0.320E+00             0.126E+01
            -0.314E+00             0.124E+01
            -0.308E+00             0.123E+01
            -0.303E+00             0.121E+01
            -0.297E+00             0.119E+01
            -0.291E+00             0.116E+01
            -0.285E+00             0.114E+01
            -0.280E+00             0.111E+01
            -0.274E+00             0.108E+01
            -0.268E+00             0.104E+01
            -0.262E+00             0.101E+01
            -0.256E+00             0.969E+00
            -0.251E+00             0.929E+00
            -0.245E+00             0.886E+00
            -0.239E+00             0.840E+00
            -0.233E+00             0.793E+00
            -0.228E+00             0.744E+00
            -0.222E+00             0.692E+00
            -0.216E+00             0.639E+00
            -0.210E+00             0.584E+00
            -0.205E+00             0.528E+00
            -0.199E+00             0.470E+00
            -0.193E+00             0.410E+00
            -0.187E+00             0.350E+00
            -0.182E+00             0.289E+00
            -0.176E+00             0.226E+00
            -0.170E+00             0.163E+00
            -0.164E+00             0.100E+00
            -0.159E+00             0.363E-01
            -0.153E+00            -0.275E-01
            -0.147E+00            -0.912E-01
            -0.141E+00            -0.155E+00
            -0.135E+00            -0.218E+00
            -0.130E+00            -0.280E+00
            -0.124E+00            -0.341E+00
            -0.118E+00            -0.402E+00
            -0.112E+00            -0.461E+00
            -0.107E+00            -0.518E+00
            -0.101E+00            -0.574E+00
            -0.951E-01            -0.629E+00
            -0.893E-01            -0.681E+00
            -0.836E-01            -0.731E+00
            -0.778E-01            -0.778E+00
            -0.720E-01            -0.823E+00
            -0.663E-01            -0.866E+00
            -0.605E-01            -0.906E+00
            -0.548E-01            -0.942E+00
            -0.490E-01            -0.976E+00
            -0.432E-01            -0.101E+01
            -0.375E-01            -0.103E+01
            -0.317E-01            -0.106E+01
            -0.259E-01            -0.108E+01
            -0.202E-01            -0.109E+01
            -0.144E-01            -0.111E+01
            -0.865E-02            -0.112E+01
            -0.288E-02            -0.112E+01
             0.288E-02            -0.112E+01
             0.865E-02            -0.112E+01
             0.144E-01            -0.112E+01
             0.202E-01            -0.111E+01
             0.259E-01            -0.109E+01
             0.317E-01            -0.108E+01
             0.375E-01            -0.106E+01
             0.432E-01            -0.103E+01
             0.490E-01            -0.101E+01
             0.548E-01            -0.976E+00
             0.605E-01            -0.942E+00
             0.663E-01            -0.906E+00
             0.720E-01            -0.866E+00
             0.778E-01            -0.823E+00
             0.836E-01            -0.778E+00
             0.893E-01            -0.731E+00
             0.951E-01            -0.681E+00
             0.101E+00            -0.629E+00
             0.107E+00            -0.574E+00
             0.112E+00            -0.518E+00
             0.118E+00            -0.461E+00
             0.124E+00            -0.402E+00
             0.130E+00            -0.341E+00
             0.135E+00            -0.280E+00
             0.141E+00            -0.218E+00
             0.147E+00            -0.155E+00
             0.153E+00            -0.912E-01
             0.159E+00            -0.275E-01
             0.164E+00             0.363E-01
             0.170E+00             0.100E+00
             0.176E+00             0.163E+00
             0.182E+00             0.226E+00
             0.187E+00             0.289E+00
             0.193E+00             0.350E+00
             0.199E+00             0.410E+00
             0.205E+00             0.470E+00
             0.210E+00             0.528E+00
             0.216E+00             0.584E+00
             0.222E+00             0.639E+00
             0.228E+00             0.692E+00
             0.233E+00             0.744E+00
             0.239E+00             0.793E+00
             0.245E+00             0.840E+00
             0.251E+00             0.886E+00
             0.256E+00             0.929E+00
             0.262E+00             0.969E+00
             0.268E+00             0.101E+01
             0.274E+00             0.104E+01
             0.280E+00             0.108E+01
             0.285E+00             0.111E+01
             0.291E+00             0.114E+01
             0.297E+00             0.116E+01
             0.303E+00             0.119E+01
             0.308E+00             0.121E+01
             0.314E+00             0.123E+01
             0.320E+00             0.124E+01
             0.326E+00             0.126E+01
             0.331E+00             0.127E+01
             0.337E+00             0.127E+01
             0.343E+00             0.128E+01
             0.349E+00             0.129E+01
             0.354E+00             0.129E+01
             0.360E+00             0.129E+01
             0.366E+00             0.128E+01
             0.372E+00             0.128E+01
             0.378E+00             0.127E+01
             0.383E+00             0.127E+01
             0.389E+00             0.126E+01
             0.395E+00             0.124E+01
             0.401E+00             0.123E+01
             0.406E+00             0.122E+01
             0.412E+00             0.120E+01
             0.418E+00             0.118E+01
             0.424E+00             0.116E+01
             0.429E+00             0.114E+01
             0.435E+00             0.112E+01
             0.441E+00             0.110E+01
             0.447E+00             0.108E+01
             0.452E+00             0.105E+01
             0.458E+00             0.103E+01
             0.464E+00             0.101E+01
             0.470E+00             0.980E+00
             0.476E+00             0.955E+00
             0.481E+00             0.929E+00
             0.487E+00             0.902E+00
             0.493E+00             0.876E+00
             0.499E+00             0.850E+00
             0.504E+00             0.823E+00
             0.510E+00             0.796E+00
             0.516E+00             0.770E+00
             0.522E+00             0.744E+00
             0.527E+00             0.717E+00
             0.533E+00             0.692E+00
             0.539E+00             0.666E+00
             0.545E+00             0.641E+00
             0.550E+00             0.616E+00
             0.556E+00             0.591E+00
             0.562E+00             0.567E+00
             0.568E+00             0.543E+00
             0.573E+00             0.520E+00
             0.579E+00             0.498E+00
             0.585E+00             0.476E+00
             0.591E+00             0.454E+00
             0.597E+00             0.433E+00
             0.602E+00             0.413E+00
             0.608E+00             0.393E+00
             0.614E+00             0.374E+00
             0.620E+00             0.356E+00
             0.625E+00             0.338E+00
             0.631E+00             0.321E+00
             0.637E+00             0.304E+00
             0.643E+00             0.288E+00
             0.648E+00             0.273E+00
             0.654E+00             0.258E+00
             0.660E+00             0.244E+00
             0.666E+00             0.230E+00
             0.671E+00             0.217E+00
             0.677E+00             0.204E+00
             0.683E+00             0.193E+00
             0.689E+00             0.181E+00
             0.695E+00             0.170E+00
             0.700E+00             0.160E+00
             0.706E+00             0.150E+00
             0.712E+00             0.141E+00
             0.718E+00             0.132E+00
             0.723E+00             0.124E+00
             0.729E+00             0.116E+00
             0.735E+00             0.108E+00
             0.741E+00             0.101E+00
             0.746E+00             0.942E-01
             0.752E+00             0.878E-01
             0.758E+00             0.818E-01
             0.764E+00             0.762E-01
             0.769E+00             0.709E-01
             0.775E+00             0.659E-01
             0.781E+00             0.612E-01
             0.787E+00             0.568E-01
             0.793E+00             0.527E-01
             0.798E+00             0.488E-01
             0.804E+00             0.452E-01
             0.810E+00             0.418E-01
             0.816E+00             0.386E-01
             0.821E+00             0.357E-01
             0.827E+00             0.330E-01
             0.833E+00             0.304E-01
             0.839E+00             0.280E-01
             0.844E+00             0.258E-01
             0.850E+00             0.237E-01
             0.856E+00             0.218E-01
             0.862E+00             0.201E-01
             0.867E+00             0.184E-01
             0.873E+00             0.169E-01
             0.879E+00             0.155E-01
             0.885E+00             0.142E-01
             0.890E+00             0.130E-01
             0.896E+00             0.119E-01
             0.902E+00             0.108E-01
             0.908E+00             0.991E-02
             0.914E+00             0.904E-02
             0.919E+00             0.824E-02
             0.925E+00             0.751E-02
             0.931E+00             0.684E-02
             0.937E+00             0.622E-02
             0.942E+00             0.566E-02
             0.948E+00             0.514E-02
             0.954E+00             0.466E-02
             0.960E+00             0.423E-02
             0.965E+00             0.384E-02
             0.971E+00             0.347E-02
             0.977E+00             0.314E-02
             0.983E+00             0.284E-02
             0.988E+00             0.257E-02
             0.994E+00             0.232E-02
             0.100E+01             0.209E-02
             0.101E+01             0.189E-02
             0.101E+01             0.170E-02
             0.102E+01             0.153E-02
             0.102E+01             0.138E-02
             0.103E+01             0.124E-02
             0.103E+01             0.111E-02
             0.104E+01             0.100E-02
             0.105E+01             0.897E-03
             0.105E+01             0.804E-03
             0.106E+01             0.720E-03
             0.106E+01             0.645E-03
             0.107E+01             0.577E-03
             0.107E+01             0.516E-03
             0.108E+01             0.461E-03
             0.109E+01             0.411E-03
             0.109E+01             0.367E-03
             0.110E+01             0.327E-03
             0.110E+01             0.291E-03
             0.111E+01             0.259E-03
             0.112E+01             0.230E-03
             0.112E+01             0.205E-03
             0.113E+01             0.182E-03
             0.113E+01             0.161E-03
             0.114E+01             0.143E-03
             0.114E+01             0.127E-03
             0.115E+01             0.112E-03
             0.116E+01             0.994E-04
             0.116E+01             0.879E-04
             0.117E+01             0.777E-04
             0.117E+01             0.686E-04
             0.118E+01             0.605E-04
             0.118E+01             0.534E-04
             0.119E+01             0.470E-04
             0.120E+01             0.414E-04
             0.120E+01             0.364E-04
             0.121E+01             0.320E-04
             0.121E+01             0.281E-04
             0.122E+01             0.247E-04
             0.122E+01             0.217E-04
             0.123E+01             0.190E-04
             0.124E+01             0.166E-04
             0.124E+01             0.146E-04
             0.125E+01             0.128E-04
             0.125E+01             0.111E-04
             0.126E+01             0.974E-05
             0.127E+01             0.850E-05
             0.127E+01             0.742E-05
             0.128E+01             0.647E-05
             0.128E+01             0.563E-05
             0.129E+01             0.491E-05
             0.129E+01             0.427E-05
             0.130E+01             0.371E-05
             0.131E+01             0.322E-05
             0.131E+01             0.280E-05
             0.132E+01             0.243E-05
             0.132E+01             0.210E-05
             0.133E+01             0.182E-05
             0.133E+01             0.158E-05
             0.134E+01             0.137E-05
             0.135E+01             0.118E-05
             0.135E+01             0.102E-05
             0.136E+01             0.880E-06
             0.136E+01             0.759E-06
             0.137E+01             0.654E-06
             0.137E+01             0.564E-06
             0.138E+01             0.485E-06
             0.139E+01             0.417E-06
             0.139E+01             0.359E-06
             0.140E+01             0.308E-06
             0.140E+01             0.265E-06
             0.141E+01             0.227E-06
             0.141E+01             0.195E-06
             0.142E+01             0.167E-06
             0.143E+01             0.143E-06
             0.143E+01             0.122E-06
             0.144E+01             0.104E-06
             0.144E+01             0.892E-07
             0.145E+01             0.761E-07
             0.146E+01             0.649E-07
             0.146E+01             0.554E-07
             0.147E+01             0.472E-07
             0.147E+01             0.401E-07
             0.148E+01             0.341E-07
             0.148E+01             0.290E-07
             0.149E+01             0.247E-07
             0.150E+01             0.209E-07
             0.150E+01             0.178E-07
             0.151E+01             0.151E-07
             0.151E+01             0.128E-07
             0.152E+01             0.108E-07
             0.152E+01             0.914E-08
             0.153E+01             0.772E-08
             0.154E+01             0.653E-08
             0.154E+01             0.551E-08
             0.155E+01             0.465E-08
             0.155E+01             0.392E-08
             0.156E+01             0.330E-08
             0.156E+01             0.278E-08
             0.157E+01             0.234E-08
             0.158E+01             0.197E-08
             0.158E+01             0.165E-08
             0.159E+01             0.139E-08
             0.159E+01             0.116E-08
             0.160E+01             0.976E-09
             0.161E+01             0.818E-09
             0.161E+01             0.685E-09
             0.162E+01             0.573E-09
             0.162E+01             0.479E-09
             0.163E+01             0.400E-09
             0.163E+01             0.334E-09
             0.164E+01             0.279E-09
             0.165E+01             0.233E-09
             0.165E+01             0.194E-09
             0.166E+01             0.161E-09
             0.166E+01             0.134E-09
             0.167E+01             0.112E-09
             0.167E+01             0.928E-10
             0.168E+01             0.770E-10
             0.169E+01             0.639E-10
             0.169E+01             0.530E-10
             0.170E+01             0.439E-10
             0.170E+01             0.364E-10
             0.171E+01             0.301E-10
             0.171E+01             0.249E-10
             0.172E+01             0.206E-10
             0.173E+01             0.170E-10
             0.173E+01             0.140E-10
             0.174E+01             0.116E-10
             0.174E+01             0.954E-11
             0.175E+01             0.785E-11
             0.176E+01             0.646E-11
             0.176E+01             0.532E-11
             0.177E+01             0.438E-11
             0.177E+01             0.359E-11
             0.178E+01             0.295E-11
             0.178E+01             0.242E-11
             0.179E+01             0.198E-11
             0.180E+01             0.162E-11
             0.180E+01             0.133E-11
             0.181E+01             0.109E-11
             0.181E+01             0.886E-12
             0.182E+01             0.726E-12
             0.182E+01             0.593E-12
             0.183E+01             0.484E-12
             0.184E+01             0.396E-12
             0.184E+01             0.321E-12
             0.185E+01             0.260E-12
             0.185E+01             0.208E-12
             0.186E+01             0.171E-12
             0.186E+01             0.145E-12
             0.187E+01             0.113E-12
             0.188E+01             0.924E-13
             0.188E+01             0.745E-13
             0.189E+01             0.649E-13
             0.189E+01             0.509E-13
             0.190E+01             0.424E-13
             0.190E+01             0.357E-13
             0.191E+01             0.269E-13
             0.192E+01             0.226E-13
             0.192E+01             0.181E-13
             0.193E+01             0.137E-13
             0.193E+01             0.114E-13
             0.194E+01             0.811E-14
             0.195E+01             0.472E-14
             0.195E+01             0.728E-15
             0.196E+01             0.155E-14
             0.196E+01             0.255E-14
             0.197E+01             0.194E-14
             0.197E+01             0.350E-14
             0.198E+01            -0.132E-14
             0.199E+01            -0.317E-14
             0.199E+01             0.122E-15
             0.200E+01             0.183E-14
             0.200E+01            -0.306E-14
             0.201E+01            -0.115E-14
             0.201E+01            -0.199E-14
             0.202E+01             0.313E-14
             0.203E+01            -0.125E-15
             0.203E+01             0.226E-14
             0.204E+01             0.271E-14
             0.204E+01             0.317E-14
             0.205E+01             0.361E-14
             0.205E+01            -0.127E-14
             0.206E+01            -0.356E-15
             0.207E+01            -0.552E-15
             0.207E+01            -0.216E-14
             0.208E+01            -0.190E-14
             0.208E+01            -0.148E-14
             0.209E+01            -0.428E-14
             0.210E+01            -0.177E-14
             0.210E+01             0.454E-15
             0.211E+01             0.261E-14
             0.211E+01             0.188E-15
             0.212E+01             0.431E-15
             0.212E+01             0.170E-14
             0.213E+01            -0.110E-14
             0.214E+01            -0.295E-14
             0.214E+01             0.443E-15
             0.215E+01             0.294E-14
             0.215E+01            -0.143E-14
             0.216E+01             0.451E-15
             0.216E+01            -0.154E-14
             0.217E+01            -0.386E-14
             0.218E+01            -0.225E-14
             0.218E+01            -0.568E-15
             0.219E+01            -0.766E-15
             0.219E+01             0.108E-14
             0.220E+01             0.422E-16
             0.220E+01             0.351E-14
             0.221E+01            -0.275E-15
             0.222E+01            -0.145E-14
             0.222E+01             0.140E-14
             0.223E+01             0.157E-14
             0.223E+01             0.281E-14
             0.224E+01             0.577E-14
             0.224E+01             0.188E-14
             0.225E+01             0.212E-14
             0.226E+01            -0.303E-14
             0.226E+01            -0.847E-15
             0.227E+01            -0.719E-15
             0.227E+01             0.507E-15
             0.228E+01             0.621E-15
             0.229E+01             0.243E-14
             0.229E+01             0.232E-14
             0.230E+01            -0.600E-15
             0.230E+01            -0.372E-14
             0.231E+01            -0.999E-15
             0.231E+01            -0.381E-15
             0.232E+01             0.531E-15
             0.233E+01             0.422E-14
             0.233E+01             0.385E-14
             0.234E+01             0.270E-14
             0.234E+01             0.154E-14
             0.235E+01            -0.779E-16
             0.235E+01             0.876E-15
             0.236E+01             0.324E-14
             0.237E+01             0.231E-14
             0.237E+01             0.744E-15
             0.238E+01            -0.829E-15
             0.238E+01            -0.132E-14
             0.239E+01            -0.738E-15
             0.239E+01            -0.297E-14
             0.240E+01            -0.348E-15
             0.241E+01             0.147E-14
             0.241E+01            -0.123E-14
             0.242E+01            -0.125E-14
             0.242E+01            -0.935E-15
             0.243E+01            -0.122E-14
             0.244E+01            -0.168E-14
             0.244E+01             0.317E-15
             0.245E+01             0.985E-15
             0.245E+01             0.101E-14
             0.246E+01             0.421E-14
             0.246E+01             0.354E-14
             0.247E+01             0.587E-14
             0.248E+01             0.909E-15
             0.248E+01             0.129E-15
             0.249E+01            -0.108E-14
             0.249E+01            -0.233E-14
             0.250E+01            -0.217E-14
             0.250E+01             0.102E-14
             0.251E+01            -0.128E-14
             0.252E+01             0.403E-14
             0.252E+01             0.177E-14
             0.253E+01             0.546E-15
             0.253E+01            -0.285E-14
             0.254E+01             0.711E-15
             0.254E+01             0.321E-14
             0.255E+01            -0.141E-14
             0.256E+01            -0.603E-15
             0.256E+01            -0.109E-14
             0.257E+01             0.308E-14
             0.257E+01            -0.182E-14
             0.258E+01            -0.248E-14
             0.259E+01             0.965E-15
             0.259E+01             0.160E-14
             0.260E+01            -0.129E-14
             0.260E+01             0.211E-14
             0.261E+01            -0.220E-15
             0.261E+01             0.404E-15
             0.262E+01            -0.495E-15
             0.263E+01            -0.305E-14
             0.263E+01            -0.107E-14
             0.264E+01             0.232E-14
             0.264E+01            -0.641E-14
             0.265E+01            -0.268E-16
             0.265E+01            -0.114E-14
             0.266E+01            -0.177E-14
             0.267E+01            -0.914E-15
             0.267E+01            -0.591E-14
             0.268E+01             0.131E-14
             0.268E+01            -0.264E-14
             0.269E+01            -0.149E-14
             0.269E+01            -0.961E-15
             0.270E+01            -0.315E-14
             0.271E+01            -0.216E-14
             0.271E+01            -0.247E-15
             0.272E+01             0.112E-15
             0.272E+01             0.118E-14
             0.273E+01            -0.188E-15
             0.273E+01            -0.992E-15
             0.274E+01            -0.190E-14
             0.275E+01             0.375E-15
             0.275E+01             0.355E-15
             0.276E+01            -0.502E-14
             0.276E+01             0.119E-14
             0.277E+01             0.510E-15
             0.278E+01            -0.159E-14
             0.278E+01            -0.232E-14
             0.279E+01            -0.103E-14
             0.279E+01            -0.775E-15
             0.280E+01             0.799E-15
             0.280E+01             0.173E-14
             0.281E+01             0.217E-14
             0.282E+01            -0.139E-14
             0.282E+01             0.183E-14
             0.283E+01            -0.200E-14
             0.283E+01             0.163E-14
             0.284E+01             0.115E-14
             0.284E+01             0.398E-14
             0.285E+01            -0.135E-14
             0.286E+01             0.344E-14
             0.286E+01             0.242E-14
             0.287E+01             0.211E-14
             0.287E+01            -0.204E-14
             0.288E+01            -0.176E-15
             0.288E+01             0.323E-15
             0.289E+01            -0.492E-15
             0.290E+01            -0.203E-14
             0.290E+01             0.381E-14
             0.291E+01            -0.495E-15
             0.291E+01            -0.281E-14
             0.292E+01            -0.435E-14
             0.293E+01            -0.164E-14
             0.293E+01            -0.102E-16
             0.294E+01            -0.426E-14
             0.294E+01             0.190E-14
             0.295E+01             0.125E-15
             0.295E+01             0.516E-15
             0.296E+01            -0.162E-15
             0.297E+01            -0.268E-14
             0.297E+01             0.415E-14
             0.298E+01            -0.229E-14
             0.298E+01            -0.521E-16
             0.299E+01             0.161E-14
             0.299E+01            -0.497E-15
             0.300E+01            -0.100E-14
