            -0.398E+01            -0.512E-16
            -0.397E+01             0.169E-16
            -0.395E+01             0.168E-16
            -0.393E+01            -0.444E-16
            -0.392E+01            -0.340E-15
            -0.390E+01             0.128E-15
            -0.388E+01            -0.669E-16
            -0.387E+01            -0.380E-17
            -0.385E+01            -0.983E-16
            -0.383E+01             0.676E-16
            -0.382E+01            -0.288E-16
            -0.380E+01             0.131E-15
            -0.378E+01            -0.475E-16
            -0.377E+01             0.584E-16
            -0.375E+01            -0.512E-16
            -0.373E+01             0.368E-16
            -0.372E+01            -0.104E-16
            -0.370E+01             0.109E-16
            -0.368E+01             0.107E-17
            -0.367E+01             0.440E-17
            -0.365E+01            -0.469E-17
            -0.363E+01             0.289E-17
            -0.362E+01            -0.188E-17
            -0.360E+01             0.569E-18
            -0.358E+01            -0.691E-18
            -0.357E+01             0.371E-18
            -0.355E+01            -0.188E-18
            -0.353E+01            -0.457E-19
            -0.352E+01            -0.512E-19
            -0.350E+01             0.173E-19
            -0.348E+01            -0.218E-20
            -0.347E+01             0.209E-19
            -0.345E+01            -0.142E-19
            -0.343E+01             0.685E-20
            -0.342E+01            -0.552E-20
            -0.340E+01             0.144E-20
            -0.338E+01            -0.120E-20
            -0.337E+01             0.372E-21
            -0.335E+01            -0.296E-22
            -0.333E+01             0.297E-21
            -0.332E+01            -0.626E-22
            -0.330E+01             0.348E-22
            -0.328E+01            -0.117E-22
            -0.327E+01             0.124E-22
            -0.325E+01            -0.589E-23
            -0.323E+01             0.170E-23
            -0.322E+01            -0.135E-23
            -0.320E+01             0.647E-24
            -0.319E+01            -0.393E-24
            -0.317E+01             0.613E-25
            -0.315E+01            -0.946E-25
            -0.314E+01             0.256E-25
            -0.312E+01            -0.696E-26
            -0.310E+01             0.153E-26
            -0.309E+01            -0.258E-26
            -0.307E+01            -0.866E-27
            -0.305E+01            -0.396E-27
            -0.304E+01             0.218E-27
            -0.302E+01            -0.211E-27
            -0.300E+01             0.889E-28
            -0.299E+01            -0.320E-28
            -0.297E+01             0.247E-28
            -0.295E+01            -0.752E-29
            -0.294E+01             0.207E-29
            -0.292E+01            -0.207E-29
            -0.290E+01             0.820E-30
            -0.289E+01             0.185E-31
            -0.287E+01             0.195E-30
            -0.285E+01             0.140E-31
            -0.284E+01             0.232E-30
            -0.282E+01             0.143E-30
            -0.280E+01             0.950E-30
            -0.279E+01             0.158E-29
            -0.277E+01             0.313E-29
            -0.275E+01             0.735E-29
            -0.274E+01             0.186E-28
            -0.272E+01             0.435E-28
            -0.270E+01             0.103E-27
            -0.269E+01             0.241E-27
            -0.267E+01             0.564E-27
            -0.265E+01             0.131E-26
            -0.264E+01             0.304E-26
            -0.262E+01             0.700E-26
            -0.260E+01             0.160E-25
            -0.259E+01             0.365E-25
            -0.257E+01             0.829E-25
            -0.255E+01             0.187E-24
            -0.254E+01             0.419E-24
            -0.252E+01             0.936E-24
            -0.250E+01             0.208E-23
            -0.249E+01             0.459E-23
            -0.247E+01             0.101E-22
            -0.245E+01             0.221E-22
            -0.244E+01             0.480E-22
            -0.242E+01             0.104E-21
            -0.240E+01             0.223E-21
            -0.239E+01             0.478E-21
            -0.237E+01             0.102E-20
            -0.235E+01             0.215E-20
            -0.234E+01             0.453E-20
            -0.232E+01             0.950E-20
            -0.230E+01             0.198E-19
            -0.229E+01             0.410E-19
            -0.227E+01             0.846E-19
            -0.225E+01             0.173E-18
            -0.224E+01             0.354E-18
            -0.222E+01             0.718E-18
            -0.220E+01             0.145E-17
            -0.219E+01             0.291E-17
            -0.217E+01             0.581E-17
            -0.215E+01             0.115E-16
            -0.214E+01             0.228E-16
            -0.212E+01             0.447E-16
            -0.210E+01             0.874E-16
            -0.209E+01             0.170E-15
            -0.207E+01             0.328E-15
            -0.205E+01             0.631E-15
            -0.204E+01             0.121E-14
            -0.202E+01             0.229E-14
            -0.200E+01             0.434E-14
            -0.199E+01             0.815E-14
            -0.197E+01             0.153E-13
            -0.195E+01             0.284E-13
            -0.194E+01             0.525E-13
            -0.192E+01             0.965E-13
            -0.190E+01             0.177E-12
            -0.189E+01             0.321E-12
            -0.187E+01             0.582E-12
            -0.185E+01             0.105E-11
            -0.184E+01             0.187E-11
            -0.182E+01             0.333E-11
            -0.180E+01             0.590E-11
            -0.179E+01             0.104E-10
            -0.177E+01             0.182E-10
            -0.175E+01             0.316E-10
            -0.174E+01             0.547E-10
            -0.172E+01             0.942E-10
            -0.170E+01             0.161E-09
            -0.169E+01             0.274E-09
            -0.167E+01             0.464E-09
            -0.165E+01             0.781E-09
            -0.164E+01             0.131E-08
            -0.162E+01             0.217E-08
            -0.160E+01             0.360E-08
            -0.159E+01             0.591E-08
            -0.157E+01             0.967E-08
            -0.156E+01             0.157E-07
            -0.154E+01             0.254E-07
            -0.152E+01             0.409E-07
            -0.151E+01             0.653E-07
            -0.149E+01             0.104E-06
            -0.147E+01             0.164E-06
            -0.146E+01             0.258E-06
            -0.144E+01             0.402E-06
            -0.142E+01             0.625E-06
            -0.141E+01             0.965E-06
            -0.139E+01             0.148E-05
            -0.137E+01             0.226E-05
            -0.136E+01             0.343E-05
            -0.134E+01             0.516E-05
            -0.132E+01             0.774E-05
            -0.131E+01             0.115E-04
            -0.129E+01             0.171E-04
            -0.127E+01             0.252E-04
            -0.126E+01             0.368E-04
            -0.124E+01             0.536E-04
            -0.122E+01             0.775E-04
            -0.121E+01             0.111E-03
            -0.119E+01             0.159E-03
            -0.117E+01             0.226E-03
            -0.116E+01             0.319E-03
            -0.114E+01             0.447E-03
            -0.112E+01             0.624E-03
            -0.111E+01             0.864E-03
            -0.109E+01             0.119E-02
            -0.107E+01             0.163E-02
            -0.106E+01             0.221E-02
            -0.104E+01             0.299E-02
            -0.102E+01             0.402E-02
            -0.101E+01             0.536E-02
            -0.990E+00             0.711E-02
            -0.973E+00             0.936E-02
            -0.956E+00             0.123E-01
            -0.940E+00             0.159E-01
            -0.923E+00             0.206E-01
            -0.906E+00             0.264E-01
            -0.890E+00             0.337E-01
            -0.873E+00             0.426E-01
            -0.857E+00             0.536E-01
            -0.840E+00             0.669E-01
            -0.823E+00             0.830E-01
            -0.807E+00             0.102E+00
            -0.790E+00             0.125E+00
            -0.773E+00             0.152E+00
            -0.757E+00             0.183E+00
            -0.740E+00             0.219E+00
            -0.723E+00             0.260E+00
            -0.707E+00             0.306E+00
            -0.690E+00             0.358E+00
            -0.674E+00             0.415E+00
            -0.657E+00             0.478E+00
            -0.640E+00             0.545E+00
            -0.624E+00             0.617E+00
            -0.607E+00             0.692E+00
            -0.590E+00             0.770E+00
            -0.574E+00             0.848E+00
            -0.557E+00             0.925E+00
            -0.541E+00             0.999E+00
            -0.524E+00             0.107E+01
            -0.507E+00             0.113E+01
            -0.491E+00             0.118E+01
            -0.474E+00             0.122E+01
            -0.457E+00             0.124E+01
            -0.441E+00             0.124E+01
            -0.424E+00             0.123E+01
            -0.407E+00             0.119E+01
            -0.391E+00             0.112E+01
            -0.374E+00             0.104E+01
            -0.358E+00             0.929E+00
            -0.341E+00             0.798E+00
            -0.324E+00             0.647E+00
            -0.308E+00             0.478E+00
            -0.291E+00             0.296E+00
            -0.274E+00             0.106E+00
            -0.258E+00            -0.872E-01
            -0.241E+00            -0.278E+00
            -0.225E+00            -0.460E+00
            -0.208E+00            -0.627E+00
            -0.191E+00            -0.773E+00
            -0.175E+00            -0.892E+00
            -0.158E+00            -0.980E+00
            -0.141E+00            -0.103E+01
            -0.125E+00            -0.105E+01
            -0.108E+00            -0.103E+01
            -0.915E-01            -0.966E+00
            -0.748E-01            -0.869E+00
            -0.582E-01            -0.739E+00
            -0.416E-01            -0.580E+00
            -0.249E-01            -0.400E+00
            -0.832E-02            -0.204E+00
             0.832E-02             0.254E-13
             0.249E-01             0.204E+00
             0.416E-01             0.400E+00
             0.582E-01             0.580E+00
             0.748E-01             0.739E+00
             0.915E-01             0.869E+00
             0.108E+00             0.966E+00
             0.125E+00             0.103E+01
             0.141E+00             0.105E+01
             0.158E+00             0.103E+01
             0.175E+00             0.980E+00
             0.191E+00             0.892E+00
             0.208E+00             0.773E+00
             0.225E+00             0.627E+00
             0.241E+00             0.460E+00
             0.258E+00             0.278E+00
             0.274E+00             0.872E-01
             0.291E+00            -0.106E+00
             0.308E+00            -0.296E+00
             0.324E+00            -0.478E+00
             0.341E+00            -0.647E+00
             0.358E+00            -0.798E+00
             0.374E+00            -0.929E+00
             0.391E+00            -0.104E+01
             0.407E+00            -0.112E+01
             0.424E+00            -0.119E+01
             0.441E+00            -0.123E+01
             0.457E+00            -0.124E+01
             0.474E+00            -0.124E+01
             0.491E+00            -0.122E+01
             0.507E+00            -0.118E+01
             0.524E+00            -0.113E+01
             0.541E+00            -0.107E+01
             0.557E+00            -0.999E+00
             0.574E+00            -0.925E+00
             0.590E+00            -0.848E+00
             0.607E+00            -0.770E+00
             0.624E+00            -0.692E+00
             0.640E+00            -0.617E+00
             0.657E+00            -0.545E+00
             0.674E+00            -0.478E+00
             0.690E+00            -0.415E+00
             0.707E+00            -0.358E+00
             0.723E+00            -0.306E+00
             0.740E+00            -0.260E+00
             0.757E+00            -0.219E+00
             0.773E+00            -0.183E+00
             0.790E+00            -0.152E+00
             0.807E+00            -0.125E+00
             0.823E+00            -0.102E+00
             0.840E+00            -0.830E-01
             0.857E+00            -0.669E-01
             0.873E+00            -0.536E-01
             0.890E+00            -0.426E-01
             0.906E+00            -0.337E-01
             0.923E+00            -0.264E-01
             0.940E+00            -0.206E-01
             0.956E+00            -0.159E-01
             0.973E+00            -0.123E-01
             0.990E+00            -0.936E-02
             0.101E+01            -0.711E-02
             0.102E+01            -0.536E-02
             0.104E+01            -0.402E-02
             0.106E+01            -0.299E-02
             0.107E+01            -0.221E-02
             0.109E+01            -0.163E-02
             0.111E+01            -0.119E-02
             0.112E+01            -0.864E-03
             0.114E+01            -0.624E-03
             0.116E+01            -0.447E-03
             0.117E+01            -0.319E-03
             0.119E+01            -0.226E-03
             0.121E+01            -0.159E-03
             0.122E+01            -0.111E-03
             0.124E+01            -0.775E-04
             0.126E+01            -0.536E-04
             0.127E+01            -0.368E-04
             0.129E+01            -0.252E-04
             0.131E+01            -0.171E-04
             0.132E+01            -0.115E-04
             0.134E+01            -0.774E-05
             0.136E+01            -0.516E-05
             0.137E+01            -0.343E-05
             0.139E+01            -0.226E-05
             0.141E+01            -0.148E-05
             0.142E+01            -0.965E-06
             0.144E+01            -0.625E-06
             0.146E+01            -0.402E-06
             0.147E+01            -0.258E-06
             0.149E+01            -0.164E-06
             0.151E+01            -0.104E-06
             0.152E+01            -0.653E-07
             0.154E+01            -0.409E-07
             0.156E+01            -0.254E-07
             0.157E+01            -0.157E-07
             0.159E+01            -0.967E-08
             0.160E+01            -0.591E-08
             0.162E+01            -0.360E-08
             0.164E+01            -0.217E-08
             0.165E+01            -0.131E-08
             0.167E+01            -0.781E-09
             0.169E+01            -0.464E-09
             0.170E+01            -0.274E-09
             0.172E+01            -0.161E-09
             0.174E+01            -0.942E-10
             0.175E+01            -0.547E-10
             0.177E+01            -0.316E-10
             0.179E+01            -0.182E-10
             0.180E+01            -0.104E-10
             0.182E+01            -0.590E-11
             0.184E+01            -0.333E-11
             0.185E+01            -0.187E-11
             0.187E+01            -0.104E-11
             0.189E+01            -0.582E-12
             0.190E+01            -0.324E-12
             0.192E+01            -0.177E-12
             0.194E+01            -0.952E-13
             0.195E+01            -0.510E-13
             0.197E+01            -0.284E-13
             0.199E+01            -0.166E-13
             0.200E+01            -0.599E-14
             0.202E+01            -0.246E-14
             0.204E+01            -0.633E-17
             0.205E+01             0.743E-17
             0.207E+01            -0.799E-15
             0.209E+01            -0.393E-15
             0.210E+01             0.407E-15
             0.212E+01            -0.158E-14
             0.214E+01             0.375E-15
             0.215E+01             0.124E-14
             0.217E+01            -0.108E-14
             0.219E+01            -0.804E-15
             0.220E+01            -0.150E-14
             0.222E+01            -0.193E-14
             0.224E+01            -0.183E-14
             0.225E+01            -0.873E-15
             0.227E+01            -0.424E-15
             0.229E+01             0.664E-15
             0.230E+01            -0.248E-15
             0.232E+01             0.163E-15
             0.234E+01            -0.857E-15
             0.235E+01             0.690E-15
             0.237E+01             0.121E-14
             0.239E+01             0.223E-14
             0.240E+01            -0.941E-16
             0.242E+01             0.252E-15
             0.244E+01             0.219E-14
             0.245E+01             0.381E-15
             0.247E+01            -0.344E-15
             0.249E+01             0.775E-16
             0.250E+01            -0.165E-15
             0.252E+01            -0.159E-14
             0.254E+01            -0.112E-14
             0.255E+01            -0.969E-15
             0.257E+01            -0.197E-14
             0.259E+01            -0.114E-14
             0.260E+01             0.159E-14
             0.262E+01             0.153E-14
             0.264E+01             0.726E-15
             0.265E+01             0.541E-15
             0.267E+01            -0.786E-15
             0.269E+01             0.746E-16
             0.270E+01             0.349E-15
             0.272E+01            -0.155E-14
             0.274E+01             0.279E-15
             0.275E+01             0.237E-14
             0.277E+01            -0.190E-14
             0.279E+01            -0.194E-14
             0.280E+01            -0.337E-14
             0.282E+01            -0.441E-15
             0.284E+01            -0.200E-16
             0.285E+01             0.255E-15
             0.287E+01             0.377E-15
             0.289E+01             0.225E-15
             0.290E+01             0.164E-14
             0.292E+01             0.542E-15
             0.294E+01             0.207E-14
             0.295E+01            -0.120E-14
             0.297E+01            -0.118E-14
             0.299E+01            -0.275E-15
             0.300E+01            -0.376E-15
             0.302E+01            -0.716E-15
             0.304E+01             0.134E-14
             0.305E+01            -0.272E-15
             0.307E+01            -0.206E-14
             0.309E+01            -0.893E-15
             0.310E+01             0.878E-15
             0.312E+01            -0.160E-14
             0.314E+01            -0.532E-15
             0.315E+01             0.984E-16
             0.317E+01            -0.662E-15
             0.319E+01            -0.142E-14
             0.320E+01             0.144E-14
             0.322E+01             0.751E-15
             0.323E+01            -0.453E-15
             0.325E+01             0.124E-14
             0.327E+01            -0.111E-14
             0.328E+01             0.785E-15
             0.330E+01             0.364E-15
             0.332E+01             0.899E-15
             0.333E+01             0.111E-15
             0.335E+01             0.246E-15
             0.337E+01             0.474E-15
             0.338E+01            -0.569E-15
             0.340E+01             0.986E-15
             0.342E+01            -0.331E-15
             0.343E+01            -0.444E-15
             0.345E+01            -0.114E-14
             0.347E+01             0.783E-15
             0.348E+01            -0.151E-14
             0.350E+01            -0.547E-15
             0.352E+01             0.259E-15
             0.353E+01            -0.120E-14
             0.355E+01            -0.943E-15
             0.357E+01            -0.791E-16
             0.358E+01             0.255E-15
             0.360E+01             0.787E-15
             0.362E+01            -0.301E-14
             0.363E+01             0.305E-14
             0.365E+01             0.745E-16
             0.367E+01             0.108E-14
             0.368E+01            -0.848E-15
             0.370E+01            -0.195E-14
             0.372E+01             0.117E-14
             0.373E+01            -0.283E-14
             0.375E+01             0.292E-14
             0.377E+01             0.406E-15
             0.378E+01             0.241E-15
             0.380E+01             0.204E-14
             0.382E+01             0.274E-15
             0.383E+01             0.150E-14
             0.385E+01             0.804E-15
             0.387E+01            -0.167E-14
             0.388E+01             0.122E-14
             0.390E+01            -0.399E-14
             0.392E+01            -0.710E-15
             0.393E+01            -0.433E-15
             0.395E+01            -0.908E-15
             0.397E+01             0.135E-14
             0.398E+01             0.199E-14
             0.400E+01            -0.250E-15
