            -0.698E+01            -0.489E-16
            -0.697E+01            -0.311E-15
            -0.695E+01            -0.108E-15
            -0.694E+01            -0.163E-15
            -0.692E+01             0.655E-15
            -0.691E+01            -0.676E-15
            -0.689E+01             0.504E-15
            -0.688E+01            -0.714E-15
            -0.686E+01             0.858E-15
            -0.684E+01            -0.958E-15
            -0.683E+01             0.703E-15
            -0.681E+01            -0.132E-14
            -0.680E+01             0.851E-15
            -0.678E+01            -0.639E-15
            -0.677E+01             0.422E-15
            -0.675E+01            -0.535E-15
            -0.674E+01             0.232E-15
            -0.672E+01            -0.307E-15
            -0.670E+01             0.137E-15
            -0.669E+01            -0.144E-15
            -0.667E+01             0.941E-16
            -0.666E+01            -0.757E-16
            -0.664E+01             0.552E-16
            -0.663E+01            -0.345E-16
            -0.661E+01             0.201E-16
            -0.660E+01            -0.917E-17
            -0.658E+01             0.629E-17
            -0.656E+01            -0.448E-17
            -0.655E+01             0.120E-17
            -0.653E+01            -0.282E-17
            -0.652E+01             0.365E-18
            -0.650E+01            -0.864E-18
            -0.649E+01             0.403E-18
            -0.647E+01            -0.287E-18
            -0.646E+01             0.889E-19
            -0.644E+01            -0.717E-19
            -0.643E+01             0.658E-19
            -0.641E+01            -0.363E-19
            -0.639E+01             0.217E-19
            -0.638E+01            -0.752E-20
            -0.636E+01             0.328E-20
            -0.635E+01            -0.162E-20
            -0.633E+01             0.147E-20
            -0.632E+01            -0.265E-21
            -0.630E+01             0.251E-21
            -0.629E+01            -0.226E-22
            -0.627E+01             0.542E-22
            -0.625E+01            -0.249E-22
            -0.624E+01             0.166E-22
            -0.622E+01            -0.499E-23
            -0.621E+01             0.364E-23
            -0.619E+01            -0.223E-23
            -0.618E+01             0.812E-24
            -0.616E+01            -0.192E-24
            -0.615E+01             0.408E-25
            -0.613E+01            -0.862E-25
            -0.611E+01             0.153E-25
            -0.610E+01            -0.142E-25
            -0.608E+01             0.762E-26
            -0.607E+01            -0.215E-26
            -0.605E+01             0.127E-26
            -0.604E+01            -0.504E-27
            -0.602E+01             0.151E-27
            -0.601E+01            -0.871E-28
            -0.599E+01             0.193E-28
            -0.597E+01             0.256E-29
            -0.596E+01             0.131E-29
            -0.594E+01            -0.307E-30
            -0.593E+01             0.143E-29
            -0.591E+01            -0.328E-30
            -0.590E+01            -0.307E-30
            -0.588E+01             0.130E-30
            -0.587E+01            -0.137E-29
            -0.585E+01             0.922E-31
            -0.583E+01            -0.467E-31
            -0.582E+01            -0.624E-31
            -0.580E+01            -0.393E-30
            -0.579E+01             0.210E-30
            -0.577E+01            -0.326E-30
            -0.576E+01             0.135E-30
            -0.574E+01            -0.216E-31
            -0.573E+01            -0.125E-30
            -0.571E+01             0.383E-30
            -0.569E+01            -0.162E-30
            -0.568E+01             0.321E-30
            -0.566E+01            -0.564E-30
            -0.565E+01             0.102E-29
            -0.563E+01             0.113E-30
            -0.562E+01            -0.224E-31
            -0.560E+01            -0.496E-31
            -0.559E+01             0.422E-30
            -0.557E+01             0.204E-30
            -0.555E+01             0.201E-30
            -0.554E+01             0.306E-30
            -0.552E+01             0.371E-30
            -0.551E+01             0.548E-30
            -0.549E+01            -0.203E-30
            -0.548E+01            -0.141E-30
            -0.546E+01            -0.753E-30
            -0.545E+01            -0.783E-31
            -0.543E+01             0.273E-30
            -0.542E+01             0.444E-30
            -0.540E+01            -0.128E-30
            -0.538E+01            -0.996E-32
            -0.537E+01             0.264E-30
            -0.535E+01            -0.106E-31
            -0.534E+01             0.457E-30
            -0.532E+01            -0.502E-30
            -0.531E+01             0.414E-30
            -0.529E+01            -0.853E-31
            -0.528E+01             0.742E-30
            -0.526E+01            -0.265E-30
            -0.524E+01             0.624E-30
            -0.523E+01            -0.403E-30
            -0.521E+01            -0.993E-31
            -0.520E+01            -0.664E-30
            -0.518E+01            -0.403E-30
            -0.517E+01             0.300E-30
            -0.515E+01             0.823E-31
            -0.514E+01            -0.988E-31
            -0.512E+01            -0.376E-30
            -0.510E+01             0.464E-30
            -0.509E+01            -0.452E-30
            -0.507E+01            -0.646E-30
            -0.506E+01            -0.437E-30
            -0.504E+01             0.545E-30
            -0.503E+01             0.114E-30
            -0.501E+01            -0.849E-31
            -0.500E+01             0.417E-31
            -0.498E+01             0.252E-30
            -0.496E+01             0.810E-30
            -0.495E+01             0.182E-30
            -0.493E+01             0.329E-30
            -0.492E+01             0.215E-30
            -0.490E+01             0.163E-30
            -0.489E+01            -0.515E-30
            -0.487E+01             0.384E-30
            -0.486E+01            -0.354E-30
            -0.484E+01            -0.175E-30
            -0.482E+01            -0.827E-30
            -0.481E+01             0.240E-30
            -0.479E+01            -0.551E-30
            -0.478E+01             0.302E-30
            -0.476E+01             0.196E-30
            -0.475E+01             0.803E-31
            -0.473E+01            -0.256E-30
            -0.472E+01             0.680E-30
            -0.470E+01             0.854E-30
            -0.468E+01             0.149E-30
            -0.467E+01             0.828E-31
            -0.465E+01            -0.354E-30
            -0.464E+01             0.105E-30
            -0.462E+01             0.292E-30
            -0.461E+01            -0.489E-31
            -0.459E+01            -0.161E-30
            -0.458E+01             0.815E-32
            -0.456E+01            -0.376E-30
            -0.454E+01            -0.400E-30
            -0.453E+01             0.326E-31
            -0.451E+01             0.199E-30
            -0.450E+01            -0.798E-31
            -0.448E+01            -0.110E-30
            -0.447E+01             0.727E-30
            -0.445E+01             0.374E-30
            -0.444E+01            -0.991E-31
            -0.442E+01            -0.555E-30
            -0.441E+01            -0.182E-30
            -0.439E+01             0.414E-30
            -0.437E+01            -0.512E-30
            -0.436E+01            -0.319E-30
            -0.434E+01             0.986E-32
            -0.433E+01            -0.610E-31
            -0.431E+01            -0.297E-30
            -0.430E+01            -0.810E-31
            -0.428E+01             0.332E-30
            -0.427E+01            -0.221E-30
            -0.425E+01            -0.116E-30
            -0.423E+01             0.925E-31
            -0.422E+01             0.139E-30
            -0.420E+01            -0.784E-32
            -0.419E+01            -0.275E-30
            -0.417E+01             0.225E-30
            -0.416E+01            -0.170E-30
            -0.414E+01            -0.274E-30
            -0.413E+01             0.822E-31
            -0.411E+01             0.364E-30
            -0.409E+01             0.226E-30
            -0.408E+01             0.184E-30
            -0.406E+01             0.228E-31
            -0.405E+01             0.737E-30
            -0.403E+01            -0.136E-30
            -0.402E+01            -0.320E-30
            -0.400E+01            -0.203E-30
            -0.399E+01             0.295E-30
            -0.397E+01             0.137E-30
            -0.395E+01            -0.770E-31
            -0.394E+01             0.236E-30
            -0.392E+01            -0.580E-30
            -0.391E+01            -0.746E-31
            -0.389E+01             0.421E-30
            -0.388E+01            -0.230E-30
            -0.386E+01            -0.241E-30
            -0.385E+01             0.499E-30
            -0.383E+01             0.211E-30
            -0.381E+01            -0.483E-30
            -0.380E+01             0.323E-31
            -0.378E+01             0.866E-30
            -0.377E+01            -0.939E-32
            -0.375E+01             0.613E-31
            -0.374E+01             0.506E-30
            -0.372E+01            -0.760E-31
            -0.371E+01            -0.458E-31
            -0.369E+01             0.544E-30
            -0.367E+01            -0.277E-30
            -0.366E+01             0.375E-30
            -0.364E+01             0.142E-30
            -0.363E+01             0.366E-30
            -0.361E+01            -0.531E-30
            -0.360E+01             0.605E-31
            -0.358E+01            -0.193E-30
            -0.357E+01            -0.547E-30
            -0.355E+01            -0.357E-30
            -0.353E+01            -0.554E-31
            -0.352E+01            -0.458E-30
            -0.350E+01            -0.806E-31
            -0.349E+01             0.300E-30
            -0.347E+01             0.144E-30
            -0.346E+01             0.714E-31
            -0.344E+01            -0.839E-30
            -0.343E+01             0.391E-30
            -0.341E+01            -0.334E-30
            -0.340E+01             0.857E-31
            -0.338E+01             0.109E-32
            -0.336E+01            -0.886E-31
            -0.335E+01             0.450E-30
            -0.333E+01             0.820E-30
            -0.332E+01             0.232E-30
            -0.330E+01             0.191E-30
            -0.329E+01            -0.281E-30
            -0.327E+01             0.160E-30
            -0.326E+01             0.516E-30
            -0.324E+01             0.334E-30
            -0.322E+01            -0.702E-30
            -0.321E+01             0.201E-30
            -0.319E+01            -0.730E-30
            -0.318E+01            -0.132E-30
            -0.316E+01             0.128E-30
            -0.315E+01            -0.115E-29
            -0.313E+01             0.105E-30
            -0.312E+01             0.200E-30
            -0.310E+01            -0.347E-31
            -0.308E+01             0.127E-30
            -0.307E+01             0.733E-30
            -0.305E+01             0.217E-30
            -0.304E+01             0.270E-30
            -0.302E+01             0.120E-30
            -0.301E+01             0.725E-31
            -0.299E+01             0.794E-30
            -0.298E+01             0.349E-30
            -0.296E+01            -0.226E-31
            -0.294E+01             0.933E-30
            -0.293E+01            -0.809E-30
            -0.291E+01            -0.212E-30
            -0.290E+01             0.393E-30
            -0.288E+01            -0.413E-32
            -0.287E+01             0.327E-30
            -0.285E+01             0.476E-30
            -0.284E+01            -0.570E-30
            -0.282E+01             0.311E-30
            -0.280E+01             0.308E-30
            -0.279E+01            -0.339E-30
            -0.277E+01            -0.377E-31
            -0.276E+01            -0.106E-29
            -0.274E+01             0.709E-30
            -0.273E+01             0.783E-30
            -0.271E+01            -0.234E-30
            -0.270E+01             0.782E-30
            -0.268E+01            -0.773E-30
            -0.266E+01             0.109E-30
            -0.265E+01            -0.127E-29
            -0.263E+01            -0.196E-29
            -0.262E+01            -0.419E-29
            -0.260E+01            -0.937E-29
            -0.259E+01            -0.197E-28
            -0.257E+01            -0.448E-28
            -0.256E+01            -0.970E-28
            -0.254E+01            -0.212E-27
            -0.252E+01            -0.458E-27
            -0.251E+01            -0.988E-27
            -0.249E+01            -0.212E-26
            -0.248E+01            -0.452E-26
            -0.246E+01            -0.959E-26
            -0.245E+01            -0.203E-25
            -0.243E+01            -0.427E-25
            -0.242E+01            -0.894E-25
            -0.240E+01            -0.186E-24
            -0.239E+01            -0.387E-24
            -0.237E+01            -0.799E-24
            -0.235E+01            -0.164E-23
            -0.234E+01            -0.337E-23
            -0.232E+01            -0.687E-23
            -0.231E+01            -0.139E-22
            -0.229E+01            -0.281E-22
            -0.228E+01            -0.566E-22
            -0.226E+01            -0.113E-21
            -0.225E+01            -0.226E-21
            -0.223E+01            -0.448E-21
            -0.221E+01            -0.884E-21
            -0.220E+01            -0.174E-20
            -0.218E+01            -0.340E-20
            -0.217E+01            -0.662E-20
            -0.215E+01            -0.128E-19
            -0.214E+01            -0.248E-19
            -0.212E+01            -0.476E-19
            -0.211E+01            -0.910E-19
            -0.209E+01            -0.173E-18
            -0.207E+01            -0.328E-18
            -0.206E+01            -0.619E-18
            -0.204E+01            -0.116E-17
            -0.203E+01            -0.217E-17
            -0.201E+01            -0.404E-17
            -0.200E+01            -0.748E-17
            -0.198E+01            -0.138E-16
            -0.197E+01            -0.253E-16
            -0.195E+01            -0.462E-16
            -0.193E+01            -0.840E-16
            -0.192E+01            -0.152E-15
            -0.190E+01            -0.274E-15
            -0.189E+01            -0.491E-15
            -0.187E+01            -0.876E-15
            -0.186E+01            -0.156E-14
            -0.184E+01            -0.275E-14
            -0.183E+01            -0.484E-14
            -0.181E+01            -0.847E-14
            -0.179E+01            -0.148E-13
            -0.178E+01            -0.256E-13
            -0.176E+01            -0.443E-13
            -0.175E+01            -0.761E-13
            -0.173E+01            -0.130E-12
            -0.172E+01            -0.222E-12
            -0.170E+01            -0.376E-12
            -0.169E+01            -0.635E-12
            -0.167E+01            -0.107E-11
            -0.165E+01            -0.178E-11
            -0.164E+01            -0.297E-11
            -0.162E+01            -0.491E-11
            -0.161E+01            -0.810E-11
            -0.159E+01            -0.133E-10
            -0.158E+01            -0.217E-10
            -0.156E+01            -0.353E-10
            -0.155E+01            -0.571E-10
            -0.153E+01            -0.919E-10
            -0.151E+01            -0.147E-09
            -0.150E+01            -0.235E-09
            -0.148E+01            -0.373E-09
            -0.147E+01            -0.589E-09
            -0.145E+01            -0.927E-09
            -0.144E+01            -0.145E-08
            -0.142E+01            -0.226E-08
            -0.141E+01            -0.351E-08
            -0.139E+01            -0.541E-08
            -0.138E+01            -0.831E-08
            -0.136E+01            -0.127E-07
            -0.134E+01            -0.193E-07
            -0.133E+01            -0.293E-07
            -0.131E+01            -0.441E-07
            -0.130E+01            -0.662E-07
            -0.128E+01            -0.989E-07
            -0.127E+01            -0.147E-06
            -0.125E+01            -0.217E-06
            -0.124E+01            -0.320E-06
            -0.122E+01            -0.469E-06
            -0.120E+01            -0.683E-06
            -0.119E+01            -0.992E-06
            -0.117E+01            -0.143E-05
            -0.116E+01            -0.206E-05
            -0.114E+01            -0.295E-05
            -0.113E+01            -0.419E-05
            -0.111E+01            -0.594E-05
            -0.110E+01            -0.838E-05
            -0.108E+01            -0.118E-04
            -0.106E+01            -0.164E-04
            -0.105E+01            -0.229E-04
            -0.103E+01            -0.316E-04
            -0.102E+01            -0.436E-04
            -0.100E+01            -0.597E-04
            -0.987E+00            -0.814E-04
            -0.971E+00            -0.111E-03
            -0.956E+00            -0.149E-03
            -0.940E+00            -0.201E-03
            -0.925E+00            -0.269E-03
            -0.909E+00            -0.358E-03
            -0.893E+00            -0.475E-03
            -0.878E+00            -0.626E-03
            -0.862E+00            -0.822E-03
            -0.847E+00            -0.107E-02
            -0.831E+00            -0.140E-02
            -0.816E+00            -0.181E-02
            -0.800E+00            -0.233E-02
            -0.785E+00            -0.298E-02
            -0.769E+00            -0.381E-02
            -0.754E+00            -0.483E-02
            -0.738E+00            -0.611E-02
            -0.723E+00            -0.768E-02
            -0.707E+00            -0.961E-02
            -0.691E+00            -0.120E-01
            -0.676E+00            -0.148E-01
            -0.660E+00            -0.183E-01
            -0.645E+00            -0.225E-01
            -0.629E+00            -0.274E-01
            -0.614E+00            -0.334E-01
            -0.598E+00            -0.404E-01
            -0.583E+00            -0.486E-01
            -0.567E+00            -0.582E-01
            -0.552E+00            -0.695E-01
            -0.536E+00            -0.824E-01
            -0.521E+00            -0.974E-01
            -0.505E+00            -0.114E+00
            -0.489E+00            -0.134E+00
            -0.474E+00            -0.156E+00
            -0.458E+00            -0.181E+00
            -0.443E+00            -0.208E+00
            -0.427E+00            -0.239E+00
            -0.412E+00            -0.273E+00
            -0.396E+00            -0.310E+00
            -0.381E+00            -0.351E+00
            -0.365E+00            -0.395E+00
            -0.350E+00            -0.443E+00
            -0.334E+00            -0.493E+00
            -0.319E+00            -0.547E+00
            -0.303E+00            -0.604E+00
            -0.287E+00            -0.664E+00
            -0.272E+00            -0.726E+00
            -0.256E+00            -0.790E+00
            -0.241E+00            -0.856E+00
            -0.225E+00            -0.922E+00
            -0.210E+00            -0.989E+00
            -0.194E+00            -0.106E+01
            -0.179E+00            -0.112E+01
            -0.163E+00            -0.119E+01
            -0.148E+00            -0.125E+01
            -0.132E+00            -0.131E+01
            -0.117E+00            -0.136E+01
            -0.101E+00            -0.141E+01
            -0.855E-01            -0.146E+01
            -0.699E-01            -0.150E+01
            -0.544E-01            -0.153E+01
            -0.388E-01            -0.155E+01
            -0.233E-01            -0.157E+01
            -0.777E-02            -0.158E+01
             0.777E-02            -0.159E+01
             0.233E-01            -0.158E+01
             0.388E-01            -0.157E+01
             0.544E-01            -0.155E+01
             0.699E-01            -0.153E+01
             0.855E-01            -0.150E+01
             0.101E+00            -0.146E+01
             0.117E+00            -0.141E+01
             0.132E+00            -0.136E+01
             0.148E+00            -0.131E+01
             0.163E+00            -0.125E+01
             0.179E+00            -0.119E+01
             0.194E+00            -0.112E+01
             0.210E+00            -0.106E+01
             0.225E+00            -0.989E+00
             0.241E+00            -0.922E+00
             0.256E+00            -0.856E+00
             0.272E+00            -0.790E+00
             0.287E+00            -0.726E+00
             0.303E+00            -0.664E+00
             0.319E+00            -0.604E+00
             0.334E+00            -0.547E+00
             0.350E+00            -0.493E+00
             0.365E+00            -0.443E+00
             0.381E+00            -0.395E+00
             0.396E+00            -0.351E+00
             0.412E+00            -0.310E+00
             0.427E+00            -0.273E+00
             0.443E+00            -0.239E+00
             0.458E+00            -0.208E+00
             0.474E+00            -0.181E+00
             0.489E+00            -0.156E+00
             0.505E+00            -0.134E+00
             0.521E+00            -0.114E+00
             0.536E+00            -0.974E-01
             0.552E+00            -0.824E-01
             0.567E+00            -0.695E-01
             0.583E+00            -0.582E-01
             0.598E+00            -0.486E-01
             0.614E+00            -0.404E-01
             0.629E+00            -0.334E-01
             0.645E+00            -0.274E-01
             0.660E+00            -0.225E-01
             0.676E+00            -0.183E-01
             0.691E+00            -0.148E-01
             0.707E+00            -0.120E-01
             0.723E+00            -0.961E-02
             0.738E+00            -0.768E-02
             0.754E+00            -0.611E-02
             0.769E+00            -0.483E-02
             0.785E+00            -0.381E-02
             0.800E+00            -0.298E-02
             0.816E+00            -0.233E-02
             0.831E+00            -0.181E-02
             0.847E+00            -0.140E-02
             0.862E+00            -0.107E-02
             0.878E+00            -0.822E-03
             0.893E+00            -0.626E-03
             0.909E+00            -0.475E-03
             0.925E+00            -0.358E-03
             0.940E+00            -0.269E-03
             0.956E+00            -0.201E-03
             0.971E+00            -0.149E-03
             0.987E+00            -0.111E-03
             0.100E+01            -0.814E-04
             0.102E+01            -0.597E-04
             0.103E+01            -0.436E-04
             0.105E+01            -0.316E-04
             0.106E+01            -0.229E-04
             0.108E+01            -0.164E-04
             0.110E+01            -0.118E-04
             0.111E+01            -0.838E-05
             0.113E+01            -0.594E-05
             0.114E+01            -0.419E-05
             0.116E+01            -0.295E-05
             0.117E+01            -0.206E-05
             0.119E+01            -0.143E-05
             0.120E+01            -0.992E-06
             0.122E+01            -0.683E-06
             0.124E+01            -0.469E-06
             0.125E+01            -0.320E-06
             0.127E+01            -0.217E-06
             0.128E+01            -0.147E-06
             0.130E+01            -0.989E-07
             0.131E+01            -0.662E-07
             0.133E+01            -0.441E-07
             0.134E+01            -0.293E-07
             0.136E+01            -0.193E-07
             0.138E+01            -0.127E-07
             0.139E+01            -0.831E-08
             0.141E+01            -0.541E-08
             0.142E+01            -0.351E-08
             0.144E+01            -0.226E-08
             0.145E+01            -0.145E-08
             0.147E+01            -0.927E-09
             0.148E+01            -0.589E-09
             0.150E+01            -0.373E-09
             0.151E+01            -0.235E-09
             0.153E+01            -0.147E-09
             0.155E+01            -0.919E-10
             0.156E+01            -0.570E-10
             0.158E+01            -0.353E-10
             0.159E+01            -0.217E-10
             0.161E+01            -0.133E-10
             0.162E+01            -0.810E-11
             0.164E+01            -0.491E-11
             0.165E+01            -0.297E-11
             0.167E+01            -0.179E-11
             0.169E+01            -0.107E-11
             0.170E+01            -0.641E-12
             0.172E+01            -0.380E-12
             0.173E+01            -0.227E-12
             0.175E+01            -0.130E-12
             0.176E+01            -0.783E-13
             0.178E+01            -0.445E-13
             0.179E+01            -0.280E-13
             0.181E+01            -0.166E-13
             0.183E+01            -0.888E-14
             0.184E+01            -0.407E-14
             0.186E+01            -0.195E-14
             0.187E+01             0.397E-15
             0.189E+01             0.376E-14
             0.190E+01            -0.203E-14
             0.192E+01            -0.145E-14
             0.193E+01            -0.198E-14
             0.195E+01             0.104E-14
             0.197E+01             0.686E-15
             0.198E+01            -0.307E-15
             0.200E+01             0.294E-14
             0.201E+01             0.164E-15
             0.203E+01             0.714E-14
             0.204E+01             0.225E-14
             0.206E+01             0.139E-14
             0.207E+01            -0.607E-15
             0.209E+01             0.371E-15
             0.211E+01             0.231E-14
             0.212E+01             0.210E-14
             0.214E+01             0.214E-16
             0.215E+01            -0.203E-14
             0.217E+01             0.108E-14
             0.218E+01            -0.771E-16
             0.220E+01             0.828E-15
             0.221E+01            -0.131E-14
             0.223E+01            -0.374E-14
             0.225E+01            -0.650E-15
             0.226E+01            -0.483E-15
             0.228E+01            -0.225E-14
             0.229E+01            -0.249E-14
             0.231E+01            -0.752E-15
             0.232E+01            -0.212E-14
             0.234E+01            -0.965E-15
             0.235E+01            -0.511E-14
             0.237E+01            -0.401E-14
             0.239E+01            -0.173E-14
             0.240E+01            -0.643E-15
             0.242E+01            -0.276E-14
             0.243E+01            -0.308E-14
             0.245E+01            -0.163E-14
             0.246E+01             0.129E-14
             0.248E+01             0.389E-14
             0.249E+01             0.289E-14
             0.251E+01             0.375E-14
             0.252E+01             0.208E-14
             0.254E+01             0.629E-15
             0.256E+01            -0.966E-15
             0.257E+01            -0.404E-14
             0.259E+01            -0.170E-14
             0.260E+01            -0.137E-14
             0.262E+01            -0.304E-14
             0.263E+01            -0.439E-15
             0.265E+01             0.546E-15
             0.266E+01            -0.442E-15
             0.268E+01             0.125E-14
             0.270E+01             0.521E-15
             0.271E+01            -0.251E-15
             0.273E+01            -0.111E-14
             0.274E+01            -0.414E-14
             0.276E+01            -0.290E-14
             0.277E+01            -0.142E-14
             0.279E+01            -0.340E-15
             0.280E+01            -0.240E-14
             0.282E+01            -0.258E-14
             0.284E+01             0.172E-14
             0.285E+01             0.152E-14
             0.287E+01             0.223E-14
             0.288E+01            -0.493E-15
             0.290E+01            -0.137E-15
             0.291E+01            -0.193E-14
             0.293E+01            -0.434E-15
             0.294E+01             0.508E-15
             0.296E+01            -0.705E-16
             0.298E+01            -0.209E-14
             0.299E+01            -0.677E-16
             0.301E+01            -0.170E-14
             0.302E+01            -0.243E-14
             0.304E+01            -0.863E-15
             0.305E+01             0.319E-15
             0.307E+01             0.167E-15
             0.308E+01             0.158E-14
             0.310E+01            -0.119E-14
             0.312E+01            -0.364E-14
             0.313E+01            -0.653E-15
             0.315E+01             0.887E-15
             0.316E+01             0.835E-15
             0.318E+01            -0.384E-15
             0.319E+01             0.157E-14
             0.321E+01             0.187E-14
             0.322E+01            -0.170E-14
             0.324E+01             0.488E-15
             0.326E+01             0.160E-14
             0.327E+01            -0.201E-15
             0.329E+01            -0.745E-15
             0.330E+01             0.136E-14
             0.332E+01             0.385E-14
             0.333E+01             0.191E-14
             0.335E+01            -0.679E-15
             0.336E+01            -0.238E-15
             0.338E+01            -0.160E-14
             0.340E+01             0.234E-15
             0.341E+01            -0.525E-15
             0.343E+01            -0.246E-15
             0.344E+01            -0.232E-15
             0.346E+01            -0.220E-14
             0.347E+01            -0.754E-15
             0.349E+01             0.115E-15
             0.350E+01             0.118E-14
             0.352E+01             0.151E-17
             0.353E+01            -0.754E-15
             0.355E+01            -0.192E-14
             0.357E+01            -0.173E-14
             0.358E+01            -0.278E-15
             0.360E+01             0.143E-14
             0.361E+01             0.123E-14
             0.363E+01             0.859E-17
             0.364E+01            -0.211E-14
             0.366E+01            -0.116E-14
             0.367E+01            -0.237E-14
             0.369E+01            -0.286E-14
             0.371E+01            -0.823E-16
             0.372E+01            -0.177E-15
             0.374E+01             0.118E-14
             0.375E+01             0.928E-15
             0.377E+01             0.117E-14
             0.378E+01             0.172E-14
             0.380E+01             0.187E-14
             0.381E+01             0.631E-15
             0.383E+01             0.488E-15
             0.385E+01            -0.124E-14
             0.386E+01            -0.141E-14
             0.388E+01             0.714E-15
             0.389E+01            -0.183E-15
             0.391E+01             0.179E-14
             0.392E+01             0.123E-14
             0.394E+01            -0.444E-15
             0.395E+01             0.431E-15
             0.397E+01             0.179E-15
             0.399E+01            -0.193E-16
             0.400E+01             0.539E-16
             0.402E+01             0.123E-15
             0.403E+01            -0.236E-15
             0.405E+01             0.461E-15
             0.406E+01             0.230E-14
             0.408E+01             0.264E-14
             0.409E+01            -0.125E-15
             0.411E+01            -0.898E-16
             0.413E+01            -0.146E-14
             0.414E+01            -0.924E-15
             0.416E+01            -0.400E-15
             0.417E+01             0.149E-14
             0.419E+01             0.372E-15
             0.420E+01            -0.438E-16
             0.422E+01             0.461E-15
             0.423E+01             0.111E-14
             0.425E+01            -0.166E-14
             0.427E+01             0.144E-14
             0.428E+01             0.338E-15
             0.430E+01             0.293E-15
             0.431E+01             0.164E-15
             0.433E+01            -0.254E-15
             0.434E+01             0.921E-15
             0.436E+01            -0.901E-17
             0.437E+01            -0.387E-15
             0.439E+01            -0.298E-15
             0.441E+01            -0.360E-15
             0.442E+01             0.157E-15
             0.444E+01             0.448E-15
             0.445E+01             0.780E-15
             0.447E+01            -0.303E-15
             0.448E+01             0.228E-15
             0.450E+01            -0.118E-15
             0.451E+01            -0.464E-15
             0.453E+01             0.961E-15
             0.454E+01             0.841E-15
             0.456E+01             0.201E-15
             0.458E+01             0.388E-15
             0.459E+01             0.383E-15
             0.461E+01             0.126E-14
             0.462E+01             0.176E-14
             0.464E+01             0.559E-15
             0.465E+01            -0.578E-15
             0.467E+01            -0.486E-15
             0.468E+01            -0.420E-15
             0.470E+01             0.145E-16
             0.472E+01            -0.101E-14
             0.473E+01             0.114E-15
             0.475E+01            -0.895E-15
             0.476E+01             0.712E-15
             0.478E+01             0.206E-15
             0.479E+01            -0.950E-16
             0.481E+01            -0.111E-14
             0.482E+01             0.717E-15
             0.484E+01             0.179E-15
             0.486E+01            -0.707E-15
             0.487E+01            -0.118E-15
             0.489E+01             0.114E-14
             0.490E+01             0.197E-15
             0.492E+01             0.625E-15
             0.493E+01            -0.250E-15
             0.495E+01            -0.262E-15
             0.496E+01            -0.166E-15
             0.498E+01            -0.118E-15
             0.500E+01             0.937E-16
             0.501E+01             0.431E-15
             0.503E+01             0.131E-14
             0.504E+01             0.672E-15
             0.506E+01            -0.579E-15
             0.507E+01            -0.119E-14
             0.509E+01             0.716E-15
             0.510E+01             0.934E-16
             0.512E+01             0.966E-15
             0.514E+01            -0.422E-15
             0.515E+01             0.125E-14
             0.517E+01            -0.160E-15
             0.518E+01             0.121E-14
             0.520E+01             0.790E-15
             0.521E+01            -0.985E-15
             0.523E+01             0.443E-15
             0.524E+01            -0.975E-15
             0.526E+01             0.425E-15
             0.528E+01            -0.255E-15
             0.529E+01             0.199E-15
             0.531E+01            -0.182E-15
             0.532E+01            -0.182E-15
             0.534E+01            -0.880E-16
             0.535E+01             0.173E-14
             0.537E+01            -0.278E-14
             0.538E+01             0.206E-14
             0.540E+01            -0.110E-14
             0.542E+01            -0.254E-15
             0.543E+01             0.133E-14
             0.545E+01             0.672E-15
             0.546E+01             0.857E-15
             0.548E+01            -0.777E-15
             0.549E+01             0.577E-15
             0.551E+01            -0.135E-14
             0.552E+01            -0.174E-14
             0.554E+01             0.215E-15
             0.555E+01            -0.277E-14
             0.557E+01            -0.539E-16
             0.559E+01            -0.116E-14
             0.560E+01            -0.571E-15
             0.562E+01            -0.198E-14
             0.563E+01            -0.865E-16
             0.565E+01            -0.180E-14
             0.566E+01            -0.286E-15
             0.568E+01             0.133E-15
             0.569E+01            -0.271E-14
             0.571E+01             0.188E-14
             0.573E+01            -0.234E-14
             0.574E+01             0.611E-15
             0.576E+01             0.179E-14
             0.577E+01             0.116E-14
             0.579E+01            -0.204E-15
             0.580E+01            -0.352E-15
             0.582E+01            -0.107E-14
             0.583E+01             0.135E-14
             0.585E+01            -0.632E-15
             0.587E+01             0.231E-15
             0.588E+01             0.116E-14
             0.590E+01             0.424E-15
             0.591E+01             0.687E-15
             0.593E+01            -0.185E-14
             0.594E+01            -0.175E-15
             0.596E+01            -0.780E-15
             0.597E+01            -0.587E-15
             0.599E+01             0.408E-15
             0.601E+01             0.145E-15
             0.602E+01             0.193E-15
             0.604E+01            -0.115E-15
             0.605E+01             0.538E-15
             0.607E+01             0.564E-15
             0.608E+01            -0.200E-14
             0.610E+01             0.269E-14
             0.611E+01            -0.411E-15
             0.613E+01            -0.139E-14
             0.615E+01            -0.127E-14
             0.616E+01             0.171E-14
             0.618E+01             0.692E-15
             0.619E+01            -0.494E-15
             0.621E+01             0.846E-15
             0.622E+01            -0.313E-15
             0.624E+01             0.302E-14
             0.625E+01            -0.271E-14
             0.627E+01             0.104E-14
             0.629E+01             0.482E-15
             0.630E+01            -0.128E-14
             0.632E+01             0.385E-14
             0.633E+01            -0.467E-15
             0.635E+01             0.720E-17
             0.636E+01            -0.119E-15
             0.638E+01             0.407E-15
             0.639E+01             0.228E-15
             0.641E+01            -0.192E-15
             0.643E+01             0.124E-14
             0.644E+01            -0.240E-14
             0.646E+01             0.343E-15
             0.647E+01            -0.257E-17
             0.649E+01            -0.271E-14
             0.650E+01             0.206E-14
             0.652E+01            -0.322E-15
             0.653E+01            -0.250E-14
             0.655E+01             0.283E-15
             0.656E+01             0.871E-15
             0.658E+01            -0.431E-15
             0.660E+01            -0.628E-15
             0.661E+01            -0.215E-14
             0.663E+01             0.794E-15
             0.664E+01            -0.908E-15
             0.666E+01             0.719E-15
             0.667E+01             0.158E-14
             0.669E+01             0.126E-15
             0.670E+01             0.211E-14
             0.672E+01             0.801E-15
             0.674E+01            -0.124E-14
             0.675E+01             0.190E-14
             0.677E+01             0.146E-14
             0.678E+01            -0.314E-14
             0.680E+01             0.678E-15
             0.681E+01             0.287E-14
             0.683E+01            -0.151E-14
             0.684E+01            -0.201E-14
             0.686E+01             0.199E-14
             0.688E+01            -0.126E-15
             0.689E+01            -0.130E-14
             0.691E+01            -0.642E-15
             0.692E+01             0.570E-15
             0.694E+01            -0.212E-15
             0.695E+01             0.665E-15
             0.697E+01            -0.267E-15
             0.698E+01             0.128E-14
             0.700E+01             0.193E-14
