            -0.399E+01            -0.534E-30
            -0.398E+01            -0.133E-29
            -0.397E+01            -0.543E-31
            -0.396E+01             0.427E-30
            -0.395E+01             0.435E-30
            -0.394E+01            -0.210E-30
            -0.393E+01            -0.372E-30
            -0.392E+01            -0.428E-30
            -0.391E+01            -0.328E-30
            -0.389E+01             0.188E-30
            -0.388E+01            -0.444E-30
            -0.387E+01            -0.615E-30
            -0.386E+01             0.333E-30
            -0.385E+01             0.476E-30
            -0.384E+01             0.155E-30
            -0.383E+01             0.460E-30
            -0.382E+01            -0.578E-30
            -0.381E+01             0.583E-30
            -0.380E+01             0.870E-30
            -0.379E+01            -0.610E-31
            -0.378E+01             0.297E-30
            -0.377E+01            -0.420E-31
            -0.376E+01             0.891E-31
            -0.375E+01            -0.500E-30
            -0.374E+01             0.248E-30
            -0.373E+01            -0.109E-30
            -0.372E+01             0.266E-30
            -0.371E+01            -0.147E-30
            -0.370E+01            -0.732E-30
            -0.368E+01            -0.307E-30
            -0.367E+01             0.359E-30
            -0.366E+01             0.209E-32
            -0.365E+01             0.530E-31
            -0.364E+01            -0.283E-30
            -0.363E+01            -0.487E-30
            -0.362E+01            -0.117E-30
            -0.361E+01             0.357E-30
            -0.360E+01            -0.339E-32
            -0.359E+01            -0.507E-30
            -0.358E+01             0.233E-30
            -0.357E+01             0.773E-30
            -0.356E+01            -0.397E-30
            -0.355E+01            -0.491E-30
            -0.354E+01             0.131E-30
            -0.353E+01            -0.379E-30
            -0.352E+01            -0.128E-31
            -0.351E+01            -0.810E-30
            -0.350E+01            -0.473E-30
            -0.348E+01             0.692E-30
            -0.347E+01             0.784E-30
            -0.346E+01             0.372E-30
            -0.345E+01            -0.761E-31
            -0.344E+01            -0.826E-31
            -0.343E+01            -0.171E-30
            -0.342E+01             0.754E-30
            -0.341E+01            -0.289E-30
            -0.340E+01             0.365E-30
            -0.339E+01             0.104E-29
            -0.338E+01             0.159E-30
            -0.337E+01             0.120E-30
            -0.336E+01            -0.140E-30
            -0.335E+01            -0.415E-31
            -0.334E+01             0.285E-31
            -0.333E+01             0.161E-30
            -0.332E+01            -0.130E-30
            -0.331E+01             0.702E-30
            -0.330E+01            -0.150E-30
            -0.329E+01            -0.610E-30
            -0.327E+01            -0.632E-30
            -0.326E+01            -0.615E-31
            -0.325E+01             0.277E-30
            -0.324E+01            -0.523E-30
            -0.323E+01            -0.360E-30
            -0.322E+01            -0.225E-30
            -0.321E+01             0.225E-30
            -0.320E+01             0.557E-30
            -0.319E+01             0.128E-30
            -0.318E+01            -0.233E-30
            -0.317E+01            -0.287E-30
            -0.316E+01             0.542E-31
            -0.315E+01             0.270E-30
            -0.314E+01            -0.769E-30
            -0.313E+01            -0.330E-30
            -0.312E+01             0.202E-30
            -0.311E+01             0.691E-30
            -0.310E+01            -0.196E-31
            -0.309E+01             0.585E-31
            -0.307E+01            -0.417E-30
            -0.306E+01             0.572E-31
            -0.305E+01             0.152E-30
            -0.304E+01             0.141E-30
            -0.303E+01             0.663E-30
            -0.302E+01             0.132E-31
            -0.301E+01             0.618E-30
            -0.300E+01             0.575E-30
            -0.299E+01             0.295E-30
            -0.298E+01             0.212E-30
            -0.297E+01            -0.592E-30
            -0.296E+01            -0.422E-30
            -0.295E+01            -0.457E-30
            -0.294E+01             0.220E-30
            -0.293E+01             0.795E-31
            -0.292E+01             0.158E-30
            -0.291E+01            -0.351E-30
            -0.290E+01            -0.671E-30
            -0.289E+01            -0.384E-30
            -0.288E+01             0.418E-31
            -0.286E+01             0.125E-29
            -0.285E+01             0.168E-29
            -0.284E+01             0.329E-30
            -0.283E+01            -0.824E-30
            -0.282E+01            -0.838E-30
            -0.281E+01            -0.300E-30
            -0.280E+01             0.901E-30
            -0.279E+01             0.150E-29
            -0.278E+01             0.982E-30
            -0.277E+01             0.140E-29
            -0.276E+01             0.254E-29
            -0.275E+01             0.595E-29
            -0.274E+01             0.104E-28
            -0.273E+01             0.186E-28
            -0.272E+01             0.307E-28
            -0.271E+01             0.541E-28
            -0.270E+01             0.948E-28
            -0.269E+01             0.164E-27
            -0.268E+01             0.282E-27
            -0.266E+01             0.488E-27
            -0.265E+01             0.838E-27
            -0.264E+01             0.144E-26
            -0.263E+01             0.246E-26
            -0.262E+01             0.420E-26
            -0.261E+01             0.716E-26
            -0.260E+01             0.122E-25
            -0.259E+01             0.207E-25
            -0.258E+01             0.350E-25
            -0.257E+01             0.591E-25
            -0.256E+01             0.997E-25
            -0.255E+01             0.168E-24
            -0.254E+01             0.282E-24
            -0.253E+01             0.472E-24
            -0.252E+01             0.788E-24
            -0.251E+01             0.131E-23
            -0.250E+01             0.219E-23
            -0.249E+01             0.363E-23
            -0.248E+01             0.601E-23
            -0.247E+01             0.994E-23
            -0.245E+01             0.164E-22
            -0.244E+01             0.270E-22
            -0.243E+01             0.443E-22
            -0.242E+01             0.726E-22
            -0.241E+01             0.119E-21
            -0.240E+01             0.194E-21
            -0.239E+01             0.315E-21
            -0.238E+01             0.512E-21
            -0.237E+01             0.829E-21
            -0.236E+01             0.134E-20
            -0.235E+01             0.216E-20
            -0.234E+01             0.348E-20
            -0.233E+01             0.560E-20
            -0.232E+01             0.897E-20
            -0.231E+01             0.143E-19
            -0.230E+01             0.229E-19
            -0.229E+01             0.364E-19
            -0.228E+01             0.579E-19
            -0.227E+01             0.918E-19
            -0.225E+01             0.145E-18
            -0.224E+01             0.229E-18
            -0.223E+01             0.361E-18
            -0.222E+01             0.567E-18
            -0.221E+01             0.888E-18
            -0.220E+01             0.139E-17
            -0.219E+01             0.217E-17
            -0.218E+01             0.338E-17
            -0.217E+01             0.524E-17
            -0.216E+01             0.813E-17
            -0.215E+01             0.126E-16
            -0.214E+01             0.194E-16
            -0.213E+01             0.299E-16
            -0.212E+01             0.459E-16
            -0.211E+01             0.704E-16
            -0.210E+01             0.108E-15
            -0.209E+01             0.164E-15
            -0.208E+01             0.250E-15
            -0.207E+01             0.380E-15
            -0.206E+01             0.576E-15
            -0.204E+01             0.872E-15
            -0.203E+01             0.132E-14
            -0.202E+01             0.198E-14
            -0.201E+01             0.298E-14
            -0.200E+01             0.446E-14
            -0.199E+01             0.667E-14
            -0.198E+01             0.996E-14
            -0.197E+01             0.148E-13
            -0.196E+01             0.220E-13
            -0.195E+01             0.326E-13
            -0.194E+01             0.483E-13
            -0.193E+01             0.712E-13
            -0.192E+01             0.105E-12
            -0.191E+01             0.154E-12
            -0.190E+01             0.226E-12
            -0.189E+01             0.330E-12
            -0.188E+01             0.482E-12
            -0.187E+01             0.701E-12
            -0.186E+01             0.102E-11
            -0.184E+01             0.148E-11
            -0.183E+01             0.213E-11
            -0.182E+01             0.308E-11
            -0.181E+01             0.443E-11
            -0.180E+01             0.636E-11
            -0.179E+01             0.911E-11
            -0.178E+01             0.130E-10
            -0.177E+01             0.186E-10
            -0.176E+01             0.264E-10
            -0.175E+01             0.375E-10
            -0.174E+01             0.531E-10
            -0.173E+01             0.751E-10
            -0.172E+01             0.106E-09
            -0.171E+01             0.149E-09
            -0.170E+01             0.209E-09
            -0.169E+01             0.293E-09
            -0.168E+01             0.409E-09
            -0.167E+01             0.570E-09
            -0.166E+01             0.792E-09
            -0.165E+01             0.110E-08
            -0.163E+01             0.152E-08
            -0.162E+01             0.210E-08
            -0.161E+01             0.289E-08
            -0.160E+01             0.398E-08
            -0.159E+01             0.546E-08
            -0.158E+01             0.747E-08
            -0.157E+01             0.102E-07
            -0.156E+01             0.139E-07
            -0.155E+01             0.189E-07
            -0.154E+01             0.256E-07
            -0.153E+01             0.346E-07
            -0.152E+01             0.466E-07
            -0.151E+01             0.628E-07
            -0.150E+01             0.843E-07
            -0.149E+01             0.113E-06
            -0.148E+01             0.151E-06
            -0.147E+01             0.201E-06
            -0.146E+01             0.268E-06
            -0.145E+01             0.356E-06
            -0.143E+01             0.471E-06
            -0.142E+01             0.622E-06
            -0.141E+01             0.820E-06
            -0.140E+01             0.108E-05
            -0.139E+01             0.141E-05
            -0.138E+01             0.185E-05
            -0.137E+01             0.241E-05
            -0.136E+01             0.314E-05
            -0.135E+01             0.409E-05
            -0.134E+01             0.530E-05
            -0.133E+01             0.685E-05
            -0.132E+01             0.883E-05
            -0.131E+01             0.114E-04
            -0.130E+01             0.146E-04
            -0.129E+01             0.187E-04
            -0.128E+01             0.239E-04
            -0.127E+01             0.304E-04
            -0.126E+01             0.387E-04
            -0.125E+01             0.491E-04
            -0.124E+01             0.621E-04
            -0.122E+01             0.784E-04
            -0.121E+01             0.987E-04
            -0.120E+01             0.124E-03
            -0.119E+01             0.155E-03
            -0.118E+01             0.194E-03
            -0.117E+01             0.242E-03
            -0.116E+01             0.301E-03
            -0.115E+01             0.374E-03
            -0.114E+01             0.463E-03
            -0.113E+01             0.571E-03
            -0.112E+01             0.703E-03
            -0.111E+01             0.864E-03
            -0.110E+01             0.106E-02
            -0.109E+01             0.129E-02
            -0.108E+01             0.158E-02
            -0.107E+01             0.192E-02
            -0.106E+01             0.233E-02
            -0.105E+01             0.282E-02
            -0.104E+01             0.340E-02
            -0.102E+01             0.409E-02
            -0.101E+01             0.492E-02
            -0.100E+01             0.589E-02
            -0.993E+00             0.703E-02
            -0.983E+00             0.838E-02
            -0.972E+00             0.996E-02
            -0.962E+00             0.118E-01
            -0.951E+00             0.140E-01
            -0.941E+00             0.165E-01
            -0.930E+00             0.194E-01
            -0.920E+00             0.227E-01
            -0.909E+00             0.266E-01
            -0.899E+00             0.310E-01
            -0.888E+00             0.361E-01
            -0.878E+00             0.418E-01
            -0.867E+00             0.484E-01
            -0.857E+00             0.559E-01
            -0.846E+00             0.643E-01
            -0.836E+00             0.738E-01
            -0.825E+00             0.844E-01
            -0.815E+00             0.964E-01
            -0.804E+00             0.110E+00
            -0.794E+00             0.124E+00
            -0.783E+00             0.141E+00
            -0.773E+00             0.159E+00
            -0.762E+00             0.179E+00
            -0.752E+00             0.201E+00
            -0.741E+00             0.224E+00
            -0.731E+00             0.250E+00
            -0.720E+00             0.278E+00
            -0.710E+00             0.308E+00
            -0.699E+00             0.340E+00
            -0.689E+00             0.375E+00
            -0.678E+00             0.411E+00
            -0.668E+00             0.450E+00
            -0.657E+00             0.491E+00
            -0.647E+00             0.534E+00
            -0.636E+00             0.578E+00
            -0.625E+00             0.624E+00
            -0.615E+00             0.672E+00
            -0.604E+00             0.720E+00
            -0.594E+00             0.769E+00
            -0.583E+00             0.819E+00
            -0.573E+00             0.868E+00
            -0.562E+00             0.917E+00
            -0.552E+00             0.964E+00
            -0.541E+00             0.101E+01
            -0.531E+00             0.105E+01
            -0.520E+00             0.109E+01
            -0.510E+00             0.113E+01
            -0.499E+00             0.116E+01
            -0.489E+00             0.119E+01
            -0.478E+00             0.122E+01
            -0.468E+00             0.123E+01
            -0.457E+00             0.124E+01
            -0.447E+00             0.124E+01
            -0.436E+00             0.124E+01
            -0.426E+00             0.122E+01
            -0.415E+00             0.120E+01
            -0.405E+00             0.117E+01
            -0.394E+00             0.112E+01
            -0.384E+00             0.107E+01
            -0.373E+00             0.101E+01
            -0.363E+00             0.942E+00
            -0.352E+00             0.863E+00
            -0.342E+00             0.776E+00
            -0.331E+00             0.681E+00
            -0.321E+00             0.578E+00
            -0.310E+00             0.469E+00
            -0.300E+00             0.356E+00
            -0.289E+00             0.238E+00
            -0.279E+00             0.117E+00
            -0.268E+00            -0.507E-02
            -0.258E+00            -0.127E+00
            -0.247E+00            -0.247E+00
            -0.237E+00            -0.365E+00
            -0.226E+00            -0.477E+00
            -0.216E+00            -0.584E+00
            -0.205E+00            -0.682E+00
            -0.194E+00            -0.772E+00
            -0.184E+00            -0.850E+00
            -0.173E+00            -0.917E+00
            -0.163E+00            -0.971E+00
            -0.152E+00            -0.101E+01
            -0.142E+00            -0.104E+01
            -0.131E+00            -0.105E+01
            -0.121E+00            -0.104E+01
            -0.110E+00            -0.102E+01
            -0.999E-01            -0.988E+00
            -0.894E-01            -0.938E+00
            -0.788E-01            -0.874E+00
            -0.683E-01            -0.796E+00
            -0.578E-01            -0.707E+00
            -0.473E-01            -0.607E+00
            -0.368E-01            -0.497E+00
            -0.263E-01            -0.379E+00
            -0.158E-01            -0.256E+00
            -0.526E-02            -0.129E+00
             0.526E-02             0.353E-12
             0.158E-01             0.129E+00
             0.263E-01             0.256E+00
             0.368E-01             0.379E+00
             0.473E-01             0.497E+00
             0.578E-01             0.607E+00
             0.683E-01             0.707E+00
             0.788E-01             0.796E+00
             0.894E-01             0.874E+00
             0.999E-01             0.938E+00
             0.110E+00             0.988E+00
             0.121E+00             0.102E+01
             0.131E+00             0.104E+01
             0.142E+00             0.105E+01
             0.152E+00             0.104E+01
             0.163E+00             0.101E+01
             0.173E+00             0.971E+00
             0.184E+00             0.917E+00
             0.194E+00             0.850E+00
             0.205E+00             0.772E+00
             0.216E+00             0.682E+00
             0.226E+00             0.584E+00
             0.237E+00             0.477E+00
             0.247E+00             0.365E+00
             0.258E+00             0.247E+00
             0.268E+00             0.127E+00
             0.279E+00             0.507E-02
             0.289E+00            -0.117E+00
             0.300E+00            -0.238E+00
             0.310E+00            -0.356E+00
             0.321E+00            -0.469E+00
             0.331E+00            -0.578E+00
             0.342E+00            -0.681E+00
             0.352E+00            -0.776E+00
             0.363E+00            -0.863E+00
             0.373E+00            -0.942E+00
             0.384E+00            -0.101E+01
             0.394E+00            -0.107E+01
             0.405E+00            -0.112E+01
             0.415E+00            -0.117E+01
             0.426E+00            -0.120E+01
             0.436E+00            -0.122E+01
             0.447E+00            -0.124E+01
             0.457E+00            -0.124E+01
             0.468E+00            -0.124E+01
             0.478E+00            -0.123E+01
             0.489E+00            -0.122E+01
             0.499E+00            -0.119E+01
             0.510E+00            -0.116E+01
             0.520E+00            -0.113E+01
             0.531E+00            -0.109E+01
             0.541E+00            -0.105E+01
             0.552E+00            -0.101E+01
             0.562E+00            -0.964E+00
             0.573E+00            -0.917E+00
             0.583E+00            -0.868E+00
             0.594E+00            -0.819E+00
             0.604E+00            -0.769E+00
             0.615E+00            -0.720E+00
             0.625E+00            -0.672E+00
             0.636E+00            -0.624E+00
             0.647E+00            -0.578E+00
             0.657E+00            -0.534E+00
             0.668E+00            -0.491E+00
             0.678E+00            -0.450E+00
             0.689E+00            -0.411E+00
             0.699E+00            -0.375E+00
             0.710E+00            -0.340E+00
             0.720E+00            -0.308E+00
             0.731E+00            -0.278E+00
             0.741E+00            -0.250E+00
             0.752E+00            -0.224E+00
             0.762E+00            -0.201E+00
             0.773E+00            -0.179E+00
             0.783E+00            -0.159E+00
             0.794E+00            -0.141E+00
             0.804E+00            -0.124E+00
             0.815E+00            -0.110E+00
             0.825E+00            -0.964E-01
             0.836E+00            -0.844E-01
             0.846E+00            -0.738E-01
             0.857E+00            -0.643E-01
             0.867E+00            -0.559E-01
             0.878E+00            -0.484E-01
             0.888E+00            -0.418E-01
             0.899E+00            -0.361E-01
             0.909E+00            -0.310E-01
             0.920E+00            -0.266E-01
             0.930E+00            -0.227E-01
             0.941E+00            -0.194E-01
             0.951E+00            -0.165E-01
             0.962E+00            -0.140E-01
             0.972E+00            -0.118E-01
             0.983E+00            -0.996E-02
             0.993E+00            -0.838E-02
             0.100E+01            -0.703E-02
             0.101E+01            -0.589E-02
             0.102E+01            -0.492E-02
             0.104E+01            -0.409E-02
             0.105E+01            -0.340E-02
             0.106E+01            -0.282E-02
             0.107E+01            -0.233E-02
             0.108E+01            -0.192E-02
             0.109E+01            -0.158E-02
             0.110E+01            -0.129E-02
             0.111E+01            -0.106E-02
             0.112E+01            -0.864E-03
             0.113E+01            -0.703E-03
             0.114E+01            -0.571E-03
             0.115E+01            -0.463E-03
             0.116E+01            -0.374E-03
             0.117E+01            -0.301E-03
             0.118E+01            -0.242E-03
             0.119E+01            -0.194E-03
             0.120E+01            -0.155E-03
             0.121E+01            -0.124E-03
             0.122E+01            -0.987E-04
             0.124E+01            -0.784E-04
             0.125E+01            -0.621E-04
             0.126E+01            -0.491E-04
             0.127E+01            -0.387E-04
             0.128E+01            -0.304E-04
             0.129E+01            -0.239E-04
             0.130E+01            -0.187E-04
             0.131E+01            -0.146E-04
             0.132E+01            -0.114E-04
             0.133E+01            -0.883E-05
             0.134E+01            -0.685E-05
             0.135E+01            -0.530E-05
             0.136E+01            -0.409E-05
             0.137E+01            -0.314E-05
             0.138E+01            -0.241E-05
             0.139E+01            -0.185E-05
             0.140E+01            -0.141E-05
             0.141E+01            -0.108E-05
             0.142E+01            -0.820E-06
             0.143E+01            -0.622E-06
             0.145E+01            -0.471E-06
             0.146E+01            -0.356E-06
             0.147E+01            -0.268E-06
             0.148E+01            -0.201E-06
             0.149E+01            -0.151E-06
             0.150E+01            -0.113E-06
             0.151E+01            -0.843E-07
             0.152E+01            -0.628E-07
             0.153E+01            -0.466E-07
             0.154E+01            -0.346E-07
             0.155E+01            -0.256E-07
             0.156E+01            -0.189E-07
             0.157E+01            -0.139E-07
             0.158E+01            -0.102E-07
             0.159E+01            -0.747E-08
             0.160E+01            -0.546E-08
             0.161E+01            -0.398E-08
             0.162E+01            -0.289E-08
             0.163E+01            -0.210E-08
             0.165E+01            -0.152E-08
             0.166E+01            -0.110E-08
             0.167E+01            -0.792E-09
             0.168E+01            -0.570E-09
             0.169E+01            -0.409E-09
             0.170E+01            -0.293E-09
             0.171E+01            -0.209E-09
             0.172E+01            -0.149E-09
             0.173E+01            -0.106E-09
             0.174E+01            -0.751E-10
             0.175E+01            -0.531E-10
             0.176E+01            -0.375E-10
             0.177E+01            -0.264E-10
             0.178E+01            -0.186E-10
             0.179E+01            -0.130E-10
             0.180E+01            -0.911E-11
             0.181E+01            -0.636E-11
             0.182E+01            -0.443E-11
             0.183E+01            -0.308E-11
             0.184E+01            -0.213E-11
             0.186E+01            -0.148E-11
             0.187E+01            -0.102E-11
             0.188E+01            -0.701E-12
             0.189E+01            -0.481E-12
             0.190E+01            -0.328E-12
             0.191E+01            -0.224E-12
             0.192E+01            -0.151E-12
             0.193E+01            -0.104E-12
             0.194E+01            -0.706E-13
             0.195E+01            -0.468E-13
             0.196E+01            -0.358E-13
             0.197E+01            -0.249E-13
             0.198E+01            -0.187E-13
             0.199E+01            -0.977E-14
             0.200E+01            -0.106E-13
             0.201E+01            -0.326E-14
             0.202E+01            -0.266E-14
             0.203E+01            -0.824E-15
             0.204E+01            -0.645E-16
             0.206E+01             0.251E-15
             0.207E+01             0.825E-15
             0.208E+01             0.281E-14
             0.209E+01            -0.254E-14
             0.210E+01            -0.207E-14
             0.211E+01            -0.220E-14
             0.212E+01            -0.183E-14
             0.213E+01             0.807E-16
             0.214E+01            -0.569E-15
             0.215E+01             0.133E-14
             0.216E+01            -0.250E-14
             0.217E+01             0.938E-16
             0.218E+01             0.202E-14
             0.219E+01            -0.141E-14
             0.220E+01             0.771E-15
             0.221E+01             0.121E-14
             0.222E+01             0.339E-15
             0.223E+01             0.102E-14
             0.224E+01             0.248E-14
             0.225E+01            -0.232E-14
             0.227E+01            -0.339E-15
             0.228E+01            -0.307E-14
             0.229E+01             0.780E-15
             0.230E+01             0.174E-14
             0.231E+01             0.152E-14
             0.232E+01             0.340E-14
             0.233E+01             0.316E-14
             0.234E+01             0.128E-14
             0.235E+01            -0.117E-14
             0.236E+01            -0.140E-14
             0.237E+01             0.108E-15
             0.238E+01            -0.598E-15
             0.239E+01             0.355E-15
             0.240E+01             0.245E-15
             0.241E+01            -0.925E-17
             0.242E+01            -0.468E-15
             0.243E+01            -0.276E-14
             0.244E+01            -0.346E-14
             0.245E+01            -0.136E-14
             0.247E+01            -0.489E-15
             0.248E+01             0.114E-14
             0.249E+01             0.549E-15
             0.250E+01             0.314E-14
             0.251E+01             0.940E-15
             0.252E+01             0.422E-15
             0.253E+01            -0.133E-14
             0.254E+01            -0.494E-15
             0.255E+01            -0.216E-14
             0.256E+01             0.780E-15
             0.257E+01             0.314E-14
             0.258E+01             0.159E-14
             0.259E+01            -0.738E-16
             0.260E+01            -0.680E-15
             0.261E+01            -0.698E-15
             0.262E+01             0.826E-16
             0.263E+01             0.123E-14
             0.264E+01             0.241E-14
             0.265E+01            -0.945E-15
             0.266E+01            -0.101E-14
             0.268E+01            -0.228E-14
             0.269E+01            -0.297E-15
             0.270E+01            -0.183E-14
             0.271E+01             0.146E-15
             0.272E+01             0.293E-14
             0.273E+01             0.308E-14
             0.274E+01            -0.557E-15
             0.275E+01            -0.465E-15
             0.276E+01             0.508E-15
             0.277E+01            -0.251E-14
             0.278E+01            -0.144E-14
             0.279E+01             0.117E-16
             0.280E+01             0.962E-16
             0.281E+01             0.598E-15
             0.282E+01             0.123E-14
             0.283E+01             0.840E-15
             0.284E+01             0.170E-14
             0.285E+01             0.132E-14
             0.286E+01             0.286E-15
             0.288E+01             0.108E-14
             0.289E+01            -0.324E-14
             0.290E+01             0.280E-15
             0.291E+01            -0.303E-14
             0.292E+01            -0.249E-14
             0.293E+01             0.747E-15
             0.294E+01             0.388E-15
             0.295E+01            -0.322E-14
             0.296E+01            -0.386E-14
             0.297E+01             0.312E-15
             0.298E+01             0.953E-15
             0.299E+01             0.334E-15
             0.300E+01             0.202E-14
             0.301E+01            -0.128E-14
             0.302E+01             0.285E-14
             0.303E+01             0.255E-14
             0.304E+01             0.100E-14
             0.305E+01             0.189E-14
             0.306E+01             0.116E-14
             0.307E+01            -0.389E-15
             0.309E+01            -0.244E-15
             0.310E+01            -0.114E-14
             0.311E+01            -0.885E-15
             0.312E+01            -0.197E-14
             0.313E+01             0.452E-16
             0.314E+01            -0.754E-16
             0.315E+01            -0.173E-15
             0.316E+01             0.117E-14
             0.317E+01            -0.624E-15
             0.318E+01            -0.135E-14
             0.319E+01            -0.140E-15
             0.320E+01            -0.219E-14
             0.321E+01            -0.103E-14
             0.322E+01             0.124E-14
             0.323E+01             0.110E-14
             0.324E+01             0.200E-14
             0.325E+01             0.227E-14
             0.326E+01             0.123E-14
             0.327E+01            -0.220E-14
             0.329E+01            -0.117E-14
             0.330E+01            -0.222E-14
             0.331E+01            -0.497E-15
             0.332E+01            -0.304E-14
             0.333E+01             0.366E-15
             0.334E+01            -0.325E-14
             0.335E+01             0.131E-14
             0.336E+01            -0.826E-15
             0.337E+01             0.704E-15
             0.338E+01            -0.392E-16
             0.339E+01             0.105E-14
             0.340E+01             0.144E-14
             0.341E+01             0.201E-14
             0.342E+01             0.155E-14
             0.343E+01            -0.534E-16
             0.344E+01             0.744E-15
             0.345E+01            -0.110E-14
             0.346E+01             0.141E-14
             0.347E+01            -0.245E-15
             0.348E+01             0.574E-15
             0.350E+01             0.780E-15
             0.351E+01             0.203E-15
             0.352E+01            -0.855E-15
             0.353E+01             0.797E-15
             0.354E+01            -0.169E-14
             0.355E+01             0.613E-15
             0.356E+01             0.182E-14
             0.357E+01             0.127E-14
             0.358E+01            -0.894E-15
             0.359E+01             0.326E-14
             0.360E+01            -0.107E-14
             0.361E+01            -0.146E-15
             0.362E+01            -0.203E-14
             0.363E+01             0.316E-15
             0.364E+01            -0.212E-14
             0.365E+01             0.144E-14
             0.366E+01             0.119E-14
             0.367E+01            -0.353E-14
             0.368E+01            -0.862E-19
             0.370E+01             0.101E-14
             0.371E+01             0.125E-15
             0.372E+01            -0.248E-15
             0.373E+01            -0.186E-14
             0.374E+01             0.785E-15
             0.375E+01             0.663E-16
             0.376E+01             0.124E-14
             0.377E+01            -0.352E-15
             0.378E+01            -0.172E-14
             0.379E+01             0.323E-15
             0.380E+01            -0.611E-15
             0.381E+01            -0.184E-14
             0.382E+01            -0.245E-14
             0.383E+01             0.253E-14
             0.384E+01            -0.377E-14
             0.385E+01            -0.582E-15
             0.386E+01            -0.269E-14
             0.387E+01             0.222E-14
             0.388E+01            -0.203E-15
             0.389E+01            -0.865E-15
             0.391E+01            -0.115E-14
             0.392E+01             0.476E-15
             0.393E+01            -0.225E-14
             0.394E+01             0.587E-15
             0.395E+01             0.677E-15
             0.396E+01            -0.188E-15
             0.397E+01             0.550E-15
             0.398E+01            -0.100E-14
             0.399E+01             0.966E-15
             0.400E+01             0.108E-14
