            -0.399E+01             0.266E-30
            -0.397E+01             0.196E-30
            -0.396E+01            -0.907E-32
            -0.395E+01             0.118E-30
            -0.394E+01             0.389E-31
            -0.392E+01            -0.445E-30
            -0.391E+01            -0.220E-30
            -0.390E+01            -0.671E-30
            -0.388E+01            -0.653E-30
            -0.387E+01            -0.814E-30
            -0.386E+01            -0.342E-30
            -0.385E+01            -0.400E-30
            -0.383E+01            -0.303E-30
            -0.382E+01             0.882E-31
            -0.381E+01            -0.690E-31
            -0.379E+01             0.109E-30
            -0.378E+01             0.220E-30
            -0.377E+01            -0.420E-31
            -0.376E+01             0.107E-30
            -0.374E+01             0.109E-30
            -0.373E+01             0.380E-30
            -0.372E+01            -0.118E-30
            -0.370E+01             0.150E-30
            -0.369E+01            -0.379E-31
            -0.368E+01            -0.933E-32
            -0.367E+01            -0.130E-31
            -0.365E+01             0.167E-30
            -0.364E+01            -0.283E-30
            -0.363E+01            -0.221E-30
            -0.361E+01            -0.150E-30
            -0.360E+01             0.138E-31
            -0.359E+01            -0.180E-30
            -0.357E+01             0.303E-31
            -0.356E+01            -0.722E-30
            -0.355E+01            -0.281E-30
            -0.354E+01             0.791E-31
            -0.352E+01             0.214E-30
            -0.351E+01             0.790E-30
            -0.350E+01             0.453E-30
            -0.348E+01             0.389E-30
            -0.347E+01             0.353E-31
            -0.346E+01             0.432E-32
            -0.345E+01             0.410E-30
            -0.343E+01             0.416E-30
            -0.342E+01             0.689E-30
            -0.341E+01             0.216E-30
            -0.339E+01             0.604E-31
            -0.338E+01            -0.378E-30
            -0.337E+01             0.605E-31
            -0.336E+01            -0.282E-30
            -0.334E+01             0.661E-30
            -0.333E+01             0.698E-30
            -0.332E+01             0.454E-30
            -0.330E+01             0.298E-30
            -0.329E+01            -0.793E-31
            -0.328E+01            -0.799E-30
            -0.327E+01            -0.744E-30
            -0.325E+01            -0.292E-30
            -0.324E+01             0.140E-31
            -0.323E+01             0.368E-30
            -0.321E+01             0.209E-30
            -0.320E+01            -0.172E-30
            -0.319E+01             0.309E-30
            -0.318E+01            -0.417E-30
            -0.316E+01             0.843E-31
            -0.315E+01            -0.232E-30
            -0.314E+01             0.604E-31
            -0.312E+01            -0.138E-31
            -0.311E+01            -0.117E-31
            -0.310E+01             0.735E-30
            -0.309E+01             0.328E-30
            -0.307E+01             0.107E-30
            -0.306E+01             0.587E-30
            -0.305E+01             0.580E-30
            -0.303E+01            -0.351E-30
            -0.302E+01             0.885E-31
            -0.301E+01            -0.767E-30
            -0.300E+01            -0.241E-31
            -0.298E+01             0.180E-30
            -0.297E+01             0.132E-30
            -0.296E+01            -0.846E-31
            -0.294E+01             0.242E-30
            -0.293E+01            -0.394E-30
            -0.292E+01            -0.553E-30
            -0.290E+01             0.919E-31
            -0.289E+01             0.297E-30
            -0.288E+01             0.529E-30
            -0.287E+01             0.663E-30
            -0.285E+01            -0.195E-31
            -0.284E+01            -0.573E-30
            -0.283E+01            -0.558E-30
            -0.281E+01             0.169E-30
            -0.280E+01            -0.250E-30
            -0.279E+01             0.133E-29
            -0.278E+01             0.888E-31
            -0.276E+01            -0.865E-31
            -0.275E+01            -0.725E-30
            -0.274E+01            -0.413E-30
            -0.272E+01            -0.169E-30
            -0.271E+01            -0.265E-30
            -0.270E+01            -0.186E-30
            -0.269E+01             0.231E-30
            -0.267E+01             0.197E-30
            -0.266E+01             0.521E-30
            -0.265E+01             0.819E-30
            -0.263E+01             0.185E-29
            -0.262E+01             0.250E-29
            -0.261E+01             0.543E-29
            -0.260E+01             0.105E-28
            -0.258E+01             0.209E-28
            -0.257E+01             0.411E-28
            -0.256E+01             0.780E-28
            -0.254E+01             0.150E-27
            -0.253E+01             0.285E-27
            -0.252E+01             0.540E-27
            -0.251E+01             0.102E-26
            -0.249E+01             0.193E-26
            -0.248E+01             0.364E-26
            -0.247E+01             0.682E-26
            -0.245E+01             0.128E-25
            -0.244E+01             0.238E-25
            -0.243E+01             0.442E-25
            -0.242E+01             0.818E-25
            -0.240E+01             0.151E-24
            -0.239E+01             0.278E-24
            -0.238E+01             0.510E-24
            -0.236E+01             0.932E-24
            -0.235E+01             0.170E-23
            -0.234E+01             0.309E-23
            -0.233E+01             0.559E-23
            -0.231E+01             0.101E-22
            -0.230E+01             0.182E-22
            -0.229E+01             0.326E-22
            -0.227E+01             0.583E-22
            -0.226E+01             0.104E-21
            -0.225E+01             0.185E-21
            -0.224E+01             0.327E-21
            -0.222E+01             0.578E-21
            -0.221E+01             0.102E-20
            -0.220E+01             0.178E-20
            -0.218E+01             0.312E-20
            -0.217E+01             0.544E-20
            -0.216E+01             0.945E-20
            -0.214E+01             0.164E-19
            -0.213E+01             0.283E-19
            -0.212E+01             0.486E-19
            -0.211E+01             0.834E-19
            -0.209E+01             0.143E-18
            -0.208E+01             0.243E-18
            -0.207E+01             0.413E-18
            -0.205E+01             0.700E-18
            -0.204E+01             0.118E-17
            -0.203E+01             0.199E-17
            -0.202E+01             0.334E-17
            -0.200E+01             0.558E-17
            -0.199E+01             0.930E-17
            -0.198E+01             0.154E-16
            -0.196E+01             0.256E-16
            -0.195E+01             0.422E-16
            -0.194E+01             0.695E-16
            -0.193E+01             0.114E-15
            -0.191E+01             0.186E-15
            -0.190E+01             0.304E-15
            -0.189E+01             0.493E-15
            -0.187E+01             0.798E-15
            -0.186E+01             0.129E-14
            -0.185E+01             0.207E-14
            -0.184E+01             0.332E-14
            -0.182E+01             0.531E-14
            -0.181E+01             0.846E-14
            -0.180E+01             0.134E-13
            -0.178E+01             0.213E-13
            -0.177E+01             0.336E-13
            -0.176E+01             0.528E-13
            -0.175E+01             0.828E-13
            -0.173E+01             0.129E-12
            -0.172E+01             0.201E-12
            -0.171E+01             0.313E-12
            -0.169E+01             0.484E-12
            -0.168E+01             0.746E-12
            -0.167E+01             0.115E-11
            -0.166E+01             0.176E-11
            -0.164E+01             0.269E-11
            -0.163E+01             0.409E-11
            -0.162E+01             0.620E-11
            -0.160E+01             0.938E-11
            -0.159E+01             0.141E-10
            -0.158E+01             0.213E-10
            -0.157E+01             0.319E-10
            -0.155E+01             0.476E-10
            -0.154E+01             0.708E-10
            -0.153E+01             0.105E-09
            -0.151E+01             0.155E-09
            -0.150E+01             0.229E-09
            -0.149E+01             0.336E-09
            -0.148E+01             0.492E-09
            -0.146E+01             0.718E-09
            -0.145E+01             0.104E-08
            -0.144E+01             0.151E-08
            -0.142E+01             0.219E-08
            -0.141E+01             0.315E-08
            -0.140E+01             0.453E-08
            -0.138E+01             0.648E-08
            -0.137E+01             0.924E-08
            -0.136E+01             0.131E-07
            -0.135E+01             0.186E-07
            -0.133E+01             0.263E-07
            -0.132E+01             0.370E-07
            -0.131E+01             0.519E-07
            -0.129E+01             0.727E-07
            -0.128E+01             0.101E-06
            -0.127E+01             0.141E-06
            -0.126E+01             0.195E-06
            -0.124E+01             0.269E-06
            -0.123E+01             0.370E-06
            -0.122E+01             0.508E-06
            -0.120E+01             0.694E-06
            -0.119E+01             0.946E-06
            -0.118E+01             0.128E-05
            -0.117E+01             0.174E-05
            -0.115E+01             0.235E-05
            -0.114E+01             0.315E-05
            -0.113E+01             0.423E-05
            -0.111E+01             0.565E-05
            -0.110E+01             0.752E-05
            -0.109E+01             0.998E-05
            -0.108E+01             0.132E-04
            -0.106E+01             0.174E-04
            -0.105E+01             0.229E-04
            -0.104E+01             0.299E-04
            -0.102E+01             0.391E-04
            -0.101E+01             0.509E-04
            -0.998E+00             0.660E-04
            -0.986E+00             0.853E-04
            -0.973E+00             0.110E-03
            -0.960E+00             0.141E-03
            -0.947E+00             0.181E-03
            -0.934E+00             0.230E-03
            -0.921E+00             0.293E-03
            -0.908E+00             0.371E-03
            -0.895E+00             0.469E-03
            -0.882E+00             0.590E-03
            -0.870E+00             0.741E-03
            -0.857E+00             0.927E-03
            -0.844E+00             0.116E-02
            -0.831E+00             0.144E-02
            -0.818E+00             0.178E-02
            -0.805E+00             0.219E-02
            -0.792E+00             0.270E-02
            -0.779E+00             0.331E-02
            -0.767E+00             0.404E-02
            -0.754E+00             0.493E-02
            -0.741E+00             0.598E-02
            -0.728E+00             0.724E-02
            -0.715E+00             0.873E-02
            -0.702E+00             0.105E-01
            -0.689E+00             0.126E-01
            -0.676E+00             0.150E-01
            -0.663E+00             0.179E-01
            -0.651E+00             0.212E-01
            -0.638E+00             0.251E-01
            -0.625E+00             0.295E-01
            -0.612E+00             0.347E-01
            -0.599E+00             0.406E-01
            -0.586E+00             0.474E-01
            -0.573E+00             0.551E-01
            -0.560E+00             0.639E-01
            -0.548E+00             0.738E-01
            -0.535E+00             0.850E-01
            -0.522E+00             0.975E-01
            -0.509E+00             0.112E+00
            -0.496E+00             0.127E+00
            -0.483E+00             0.145E+00
            -0.470E+00             0.164E+00
            -0.457E+00             0.185E+00
            -0.444E+00             0.208E+00
            -0.432E+00             0.233E+00
            -0.419E+00             0.261E+00
            -0.406E+00             0.290E+00
            -0.393E+00             0.322E+00
            -0.380E+00             0.357E+00
            -0.367E+00             0.393E+00
            -0.354E+00             0.432E+00
            -0.341E+00             0.474E+00
            -0.329E+00             0.517E+00
            -0.316E+00             0.563E+00
            -0.303E+00             0.610E+00
            -0.290E+00             0.660E+00
            -0.277E+00             0.711E+00
            -0.264E+00             0.764E+00
            -0.251E+00             0.818E+00
            -0.238E+00             0.872E+00
            -0.225E+00             0.928E+00
            -0.213E+00             0.983E+00
            -0.200E+00             0.104E+01
            -0.187E+00             0.109E+01
            -0.174E+00             0.115E+01
            -0.161E+00             0.120E+01
            -0.148E+00             0.125E+01
            -0.135E+00             0.130E+01
            -0.122E+00             0.135E+01
            -0.110E+00             0.139E+01
            -0.966E-01             0.143E+01
            -0.837E-01             0.146E+01
            -0.709E-01             0.150E+01
            -0.580E-01             0.152E+01
            -0.451E-01             0.155E+01
            -0.322E-01             0.157E+01
            -0.193E-01             0.158E+01
            -0.644E-02             0.159E+01
             0.644E-02             0.159E+01
             0.193E-01             0.159E+01
             0.322E-01             0.158E+01
             0.451E-01             0.157E+01
             0.580E-01             0.155E+01
             0.709E-01             0.152E+01
             0.837E-01             0.150E+01
             0.966E-01             0.146E+01
             0.110E+00             0.143E+01
             0.122E+00             0.139E+01
             0.135E+00             0.135E+01
             0.148E+00             0.130E+01
             0.161E+00             0.125E+01
             0.174E+00             0.120E+01
             0.187E+00             0.115E+01
             0.200E+00             0.109E+01
             0.213E+00             0.104E+01
             0.225E+00             0.983E+00
             0.238E+00             0.928E+00
             0.251E+00             0.872E+00
             0.264E+00             0.818E+00
             0.277E+00             0.764E+00
             0.290E+00             0.711E+00
             0.303E+00             0.660E+00
             0.316E+00             0.610E+00
             0.329E+00             0.563E+00
             0.341E+00             0.517E+00
             0.354E+00             0.474E+00
             0.367E+00             0.432E+00
             0.380E+00             0.393E+00
             0.393E+00             0.357E+00
             0.406E+00             0.322E+00
             0.419E+00             0.290E+00
             0.432E+00             0.261E+00
             0.444E+00             0.233E+00
             0.457E+00             0.208E+00
             0.470E+00             0.185E+00
             0.483E+00             0.164E+00
             0.496E+00             0.145E+00
             0.509E+00             0.127E+00
             0.522E+00             0.112E+00
             0.535E+00             0.975E-01
             0.548E+00             0.850E-01
             0.560E+00             0.738E-01
             0.573E+00             0.639E-01
             0.586E+00             0.551E-01
             0.599E+00             0.474E-01
             0.612E+00             0.406E-01
             0.625E+00             0.347E-01
             0.638E+00             0.295E-01
             0.651E+00             0.251E-01
             0.663E+00             0.212E-01
             0.676E+00             0.179E-01
             0.689E+00             0.150E-01
             0.702E+00             0.126E-01
             0.715E+00             0.105E-01
             0.728E+00             0.873E-02
             0.741E+00             0.724E-02
             0.754E+00             0.598E-02
             0.767E+00             0.493E-02
             0.779E+00             0.404E-02
             0.792E+00             0.331E-02
             0.805E+00             0.270E-02
             0.818E+00             0.219E-02
             0.831E+00             0.178E-02
             0.844E+00             0.144E-02
             0.857E+00             0.116E-02
             0.870E+00             0.927E-03
             0.882E+00             0.741E-03
             0.895E+00             0.590E-03
             0.908E+00             0.469E-03
             0.921E+00             0.371E-03
             0.934E+00             0.293E-03
             0.947E+00             0.230E-03
             0.960E+00             0.181E-03
             0.973E+00             0.141E-03
             0.986E+00             0.110E-03
             0.998E+00             0.853E-04
             0.101E+01             0.660E-04
             0.102E+01             0.509E-04
             0.104E+01             0.391E-04
             0.105E+01             0.299E-04
             0.106E+01             0.229E-04
             0.108E+01             0.174E-04
             0.109E+01             0.132E-04
             0.110E+01             0.998E-05
             0.111E+01             0.752E-05
             0.113E+01             0.565E-05
             0.114E+01             0.423E-05
             0.115E+01             0.315E-05
             0.117E+01             0.235E-05
             0.118E+01             0.174E-05
             0.119E+01             0.128E-05
             0.120E+01             0.946E-06
             0.122E+01             0.694E-06
             0.123E+01             0.508E-06
             0.124E+01             0.370E-06
             0.126E+01             0.269E-06
             0.127E+01             0.195E-06
             0.128E+01             0.141E-06
             0.129E+01             0.101E-06
             0.131E+01             0.727E-07
             0.132E+01             0.519E-07
             0.133E+01             0.370E-07
             0.135E+01             0.263E-07
             0.136E+01             0.186E-07
             0.137E+01             0.131E-07
             0.138E+01             0.924E-08
             0.140E+01             0.648E-08
             0.141E+01             0.453E-08
             0.142E+01             0.315E-08
             0.144E+01             0.219E-08
             0.145E+01             0.151E-08
             0.146E+01             0.104E-08
             0.148E+01             0.718E-09
             0.149E+01             0.492E-09
             0.150E+01             0.336E-09
             0.151E+01             0.229E-09
             0.153E+01             0.155E-09
             0.154E+01             0.105E-09
             0.155E+01             0.708E-10
             0.157E+01             0.476E-10
             0.158E+01             0.319E-10
             0.159E+01             0.213E-10
             0.160E+01             0.141E-10
             0.162E+01             0.939E-11
             0.163E+01             0.621E-11
             0.164E+01             0.409E-11
             0.166E+01             0.269E-11
             0.167E+01             0.176E-11
             0.168E+01             0.115E-11
             0.169E+01             0.739E-12
             0.171E+01             0.477E-12
             0.172E+01             0.312E-12
             0.173E+01             0.207E-12
             0.175E+01             0.130E-12
             0.176E+01             0.874E-13
             0.177E+01             0.544E-13
             0.178E+01             0.312E-13
             0.180E+01             0.203E-13
             0.181E+01             0.142E-13
             0.182E+01             0.102E-13
             0.184E+01             0.548E-14
             0.185E+01             0.497E-14
             0.186E+01             0.640E-15
             0.187E+01             0.232E-14
             0.189E+01             0.337E-14
             0.190E+01             0.484E-15
             0.191E+01            -0.139E-14
             0.193E+01             0.152E-14
             0.194E+01            -0.190E-15
             0.195E+01            -0.395E-14
             0.196E+01            -0.339E-15
             0.198E+01             0.516E-14
             0.199E+01             0.233E-14
             0.200E+01             0.838E-15
             0.202E+01             0.191E-14
             0.203E+01             0.160E-14
             0.204E+01             0.113E-15
             0.205E+01             0.200E-14
             0.207E+01             0.331E-14
             0.208E+01            -0.120E-14
             0.209E+01            -0.110E-14
             0.211E+01            -0.412E-14
             0.212E+01            -0.228E-14
             0.213E+01            -0.394E-14
             0.214E+01            -0.353E-14
             0.216E+01            -0.412E-15
             0.217E+01             0.375E-14
             0.218E+01             0.156E-14
             0.220E+01            -0.619E-16
             0.221E+01             0.916E-15
             0.222E+01             0.268E-14
             0.224E+01             0.200E-14
             0.225E+01             0.237E-14
             0.226E+01            -0.143E-14
             0.227E+01             0.129E-16
             0.229E+01            -0.210E-14
             0.230E+01            -0.160E-14
             0.231E+01            -0.132E-14
             0.233E+01             0.729E-15
             0.234E+01             0.279E-14
             0.235E+01             0.261E-14
             0.236E+01            -0.635E-15
             0.238E+01            -0.129E-14
             0.239E+01            -0.923E-15
             0.240E+01             0.704E-15
             0.242E+01            -0.151E-14
             0.243E+01             0.153E-14
             0.244E+01            -0.346E-15
             0.245E+01             0.160E-16
             0.247E+01            -0.230E-15
             0.248E+01            -0.810E-15
             0.249E+01            -0.711E-15
             0.251E+01            -0.629E-15
             0.252E+01             0.127E-14
             0.253E+01            -0.309E-15
             0.254E+01             0.822E-15
             0.256E+01            -0.341E-15
             0.257E+01            -0.355E-16
             0.258E+01            -0.335E-14
             0.260E+01             0.137E-14
             0.261E+01            -0.127E-14
             0.262E+01             0.141E-14
             0.263E+01            -0.109E-15
             0.265E+01             0.218E-14
             0.266E+01            -0.167E-14
             0.267E+01            -0.138E-14
             0.269E+01             0.245E-17
             0.270E+01             0.178E-14
             0.271E+01            -0.818E-15
             0.272E+01            -0.495E-15
             0.274E+01             0.316E-15
             0.275E+01             0.421E-15
             0.276E+01             0.844E-15
             0.278E+01             0.128E-14
             0.279E+01             0.354E-15
             0.280E+01             0.402E-15
             0.281E+01            -0.251E-15
             0.283E+01             0.327E-15
             0.284E+01             0.140E-14
             0.285E+01            -0.108E-14
             0.287E+01            -0.820E-15
             0.288E+01            -0.163E-14
             0.289E+01            -0.153E-14
             0.290E+01            -0.363E-15
             0.292E+01            -0.592E-16
             0.293E+01            -0.127E-14
             0.294E+01            -0.790E-15
             0.296E+01             0.215E-14
             0.297E+01            -0.145E-14
             0.298E+01            -0.696E-15
             0.300E+01            -0.354E-14
             0.301E+01             0.129E-14
             0.302E+01            -0.232E-15
             0.303E+01            -0.131E-14
             0.305E+01            -0.713E-17
             0.306E+01            -0.969E-15
             0.307E+01             0.923E-16
             0.309E+01            -0.741E-15
             0.310E+01             0.148E-14
             0.311E+01            -0.146E-14
             0.312E+01            -0.115E-14
             0.314E+01             0.290E-14
             0.315E+01             0.969E-17
             0.316E+01             0.996E-16
             0.318E+01            -0.220E-14
             0.319E+01             0.241E-15
             0.320E+01             0.140E-14
             0.321E+01            -0.414E-15
             0.323E+01            -0.672E-15
             0.324E+01            -0.230E-15
             0.325E+01            -0.166E-14
             0.327E+01             0.204E-15
             0.328E+01            -0.118E-14
             0.329E+01            -0.106E-14
             0.330E+01            -0.598E-16
             0.332E+01             0.116E-15
             0.333E+01            -0.280E-15
             0.334E+01             0.122E-14
             0.336E+01             0.609E-15
             0.337E+01             0.137E-14
             0.338E+01            -0.268E-15
             0.339E+01             0.320E-14
             0.341E+01             0.128E-14
             0.342E+01            -0.308E-15
             0.343E+01             0.382E-15
             0.345E+01             0.103E-14
             0.346E+01            -0.668E-16
             0.347E+01            -0.511E-15
             0.348E+01            -0.469E-15
             0.350E+01             0.118E-14
             0.351E+01            -0.341E-15
             0.352E+01            -0.467E-15
             0.354E+01             0.134E-14
             0.355E+01            -0.149E-14
             0.356E+01            -0.137E-14
             0.357E+01            -0.109E-14
             0.359E+01             0.815E-15
             0.360E+01            -0.418E-15
             0.361E+01             0.978E-15
             0.363E+01            -0.370E-15
             0.364E+01            -0.937E-15
             0.365E+01            -0.720E-15
             0.367E+01             0.140E-14
             0.368E+01             0.914E-15
             0.369E+01             0.671E-15
             0.370E+01            -0.149E-15
             0.372E+01            -0.122E-14
             0.373E+01            -0.345E-15
             0.374E+01             0.782E-15
             0.376E+01             0.214E-14
             0.377E+01            -0.268E-15
             0.378E+01             0.148E-14
             0.379E+01             0.353E-15
             0.381E+01            -0.191E-14
             0.382E+01             0.128E-14
             0.383E+01            -0.191E-14
             0.385E+01            -0.983E-15
             0.386E+01             0.956E-15
             0.387E+01            -0.199E-15
             0.388E+01             0.178E-15
             0.390E+01            -0.313E-14
             0.391E+01             0.248E-15
             0.392E+01            -0.891E-15
             0.394E+01             0.281E-15
             0.395E+01            -0.113E-14
             0.396E+01             0.655E-15
             0.397E+01            -0.184E-14
             0.399E+01             0.825E-16
             0.400E+01            -0.201E-15
