            -0.499E+01             0.730E-30
            -0.499E+01             0.481E-30
            -0.498E+01            -0.950E-31
            -0.498E+01             0.275E-31
            -0.497E+01             0.228E-30
            -0.496E+01             0.794E-31
            -0.496E+01            -0.653E-31
            -0.495E+01            -0.978E-30
            -0.494E+01            -0.250E-31
            -0.494E+01             0.160E-30
            -0.493E+01             0.633E-30
            -0.493E+01            -0.631E-30
            -0.492E+01            -0.146E-29
            -0.491E+01            -0.329E-30
            -0.491E+01            -0.155E-29
            -0.490E+01            -0.896E-30
            -0.489E+01            -0.761E-30
            -0.489E+01            -0.569E-30
            -0.488E+01             0.329E-30
            -0.488E+01            -0.296E-30
            -0.487E+01             0.844E-30
            -0.486E+01             0.229E-30
            -0.486E+01            -0.152E-30
            -0.485E+01            -0.124E-30
            -0.484E+01            -0.100E-29
            -0.484E+01            -0.853E-31
            -0.483E+01             0.995E-30
            -0.483E+01             0.403E-30
            -0.482E+01             0.343E-30
            -0.481E+01             0.139E-29
            -0.481E+01             0.452E-30
            -0.480E+01            -0.721E-30
            -0.479E+01             0.426E-31
            -0.479E+01            -0.952E-31
            -0.478E+01            -0.105E-29
            -0.478E+01            -0.109E-29
            -0.477E+01            -0.845E-31
            -0.476E+01             0.147E-29
            -0.476E+01            -0.182E-30
            -0.475E+01            -0.104E-29
            -0.474E+01            -0.114E-29
            -0.474E+01             0.649E-30
            -0.473E+01             0.626E-30
            -0.473E+01            -0.915E-30
            -0.472E+01            -0.106E-29
            -0.471E+01            -0.907E-31
            -0.471E+01             0.116E-29
            -0.470E+01            -0.307E-30
            -0.469E+01            -0.306E-30
            -0.469E+01             0.842E-30
            -0.468E+01             0.750E-30
            -0.468E+01            -0.482E-30
            -0.467E+01            -0.377E-30
            -0.466E+01            -0.985E-30
            -0.466E+01             0.245E-30
            -0.465E+01             0.275E-31
            -0.464E+01            -0.245E-30
            -0.464E+01            -0.105E-29
            -0.463E+01            -0.990E-30
            -0.463E+01             0.190E-30
            -0.462E+01            -0.329E-30
            -0.461E+01             0.523E-30
            -0.461E+01            -0.556E-30
            -0.460E+01             0.725E-31
            -0.459E+01             0.158E-30
            -0.459E+01            -0.679E-30
            -0.458E+01             0.290E-30
            -0.458E+01             0.976E-30
            -0.457E+01             0.570E-30
            -0.456E+01            -0.893E-30
            -0.456E+01            -0.322E-30
            -0.455E+01            -0.240E-30
            -0.454E+01             0.685E-30
            -0.454E+01             0.522E-30
            -0.453E+01            -0.569E-30
            -0.453E+01            -0.627E-30
            -0.452E+01             0.203E-30
            -0.451E+01             0.343E-30
            -0.451E+01            -0.433E-30
            -0.450E+01            -0.231E-30
            -0.449E+01             0.521E-30
            -0.449E+01             0.226E-30
            -0.448E+01             0.699E-31
            -0.448E+01             0.932E-32
            -0.447E+01             0.121E-29
            -0.446E+01             0.155E-29
            -0.446E+01             0.986E-30
            -0.445E+01            -0.426E-30
            -0.444E+01             0.481E-30
            -0.444E+01            -0.252E-30
            -0.443E+01            -0.434E-30
            -0.443E+01            -0.858E-30
            -0.442E+01            -0.391E-31
            -0.441E+01             0.663E-30
            -0.441E+01             0.307E-30
            -0.440E+01            -0.449E-30
            -0.439E+01            -0.463E-30
            -0.439E+01            -0.148E-30
            -0.438E+01             0.509E-30
            -0.438E+01            -0.331E-30
            -0.437E+01            -0.108E-29
            -0.436E+01            -0.360E-30
            -0.436E+01             0.696E-30
            -0.435E+01            -0.462E-30
            -0.434E+01            -0.124E-29
            -0.434E+01            -0.563E-30
            -0.433E+01             0.383E-30
            -0.433E+01            -0.921E-31
            -0.432E+01             0.264E-30
            -0.431E+01             0.836E-30
            -0.431E+01            -0.574E-31
            -0.430E+01            -0.105E-29
            -0.429E+01            -0.794E-30
            -0.429E+01            -0.131E-30
            -0.428E+01             0.257E-30
            -0.428E+01            -0.240E-31
            -0.427E+01             0.223E-30
            -0.426E+01             0.103E-29
            -0.426E+01            -0.100E-31
            -0.425E+01            -0.833E-30
            -0.424E+01            -0.312E-30
            -0.424E+01             0.846E-30
            -0.423E+01             0.759E-30
            -0.423E+01            -0.765E-30
            -0.422E+01             0.262E-31
            -0.421E+01            -0.907E-30
            -0.421E+01            -0.658E-30
            -0.420E+01             0.189E-30
            -0.419E+01            -0.125E-30
            -0.419E+01             0.335E-30
            -0.418E+01             0.746E-31
            -0.418E+01            -0.256E-30
            -0.417E+01            -0.102E-30
            -0.416E+01             0.100E-29
            -0.416E+01            -0.226E-30
            -0.415E+01            -0.176E-30
            -0.414E+01            -0.821E-31
            -0.414E+01             0.589E-30
            -0.413E+01             0.669E-30
            -0.413E+01            -0.335E-30
            -0.412E+01            -0.336E-32
            -0.411E+01            -0.771E-30
            -0.411E+01             0.455E-30
            -0.410E+01             0.113E-29
            -0.409E+01            -0.937E-31
            -0.409E+01            -0.107E-29
            -0.408E+01             0.551E-30
            -0.408E+01             0.903E-30
            -0.407E+01            -0.346E-31
            -0.406E+01             0.106E-29
            -0.406E+01             0.740E-30
            -0.405E+01            -0.922E-30
            -0.404E+01            -0.123E-29
            -0.404E+01            -0.529E-30
            -0.403E+01            -0.966E-31
            -0.403E+01            -0.119E-29
            -0.402E+01            -0.146E-29
            -0.401E+01            -0.486E-30
            -0.401E+01             0.309E-30
            -0.400E+01            -0.384E-30
            -0.399E+01            -0.126E-29
            -0.399E+01            -0.225E-30
            -0.398E+01             0.779E-30
            -0.398E+01             0.706E-30
            -0.397E+01            -0.938E-30
            -0.396E+01            -0.272E-30
            -0.396E+01             0.910E-30
            -0.395E+01            -0.120E-30
            -0.394E+01            -0.745E-30
            -0.394E+01            -0.451E-30
            -0.393E+01             0.109E-29
            -0.393E+01             0.519E-30
            -0.392E+01            -0.779E-30
            -0.391E+01            -0.932E-30
            -0.391E+01             0.100E-30
            -0.390E+01            -0.692E-30
            -0.389E+01            -0.522E-30
            -0.389E+01            -0.473E-30
            -0.388E+01             0.240E-30
            -0.388E+01            -0.939E-31
            -0.387E+01             0.260E-30
            -0.386E+01             0.153E-29
            -0.386E+01            -0.332E-30
            -0.385E+01            -0.208E-29
            -0.384E+01            -0.587E-30
            -0.384E+01            -0.781E-31
            -0.383E+01             0.744E-30
            -0.383E+01             0.178E-29
            -0.382E+01             0.204E-29
            -0.381E+01            -0.457E-30
            -0.381E+01            -0.615E-30
            -0.380E+01             0.581E-30
            -0.379E+01            -0.685E-30
            -0.379E+01            -0.239E-30
            -0.378E+01             0.446E-30
            -0.378E+01             0.111E-29
            -0.377E+01             0.163E-30
            -0.376E+01            -0.175E-29
            -0.376E+01            -0.233E-30
            -0.375E+01             0.141E-29
            -0.374E+01             0.846E-30
            -0.374E+01            -0.128E-29
            -0.373E+01            -0.261E-30
            -0.373E+01             0.919E-30
            -0.372E+01             0.877E-30
            -0.371E+01            -0.223E-31
            -0.371E+01             0.114E-30
            -0.370E+01            -0.184E-30
            -0.369E+01            -0.821E-30
            -0.369E+01             0.137E-31
            -0.368E+01            -0.953E-31
            -0.368E+01             0.201E-30
            -0.367E+01             0.594E-30
            -0.366E+01            -0.240E-30
            -0.366E+01            -0.157E-29
            -0.365E+01            -0.397E-30
            -0.364E+01             0.391E-30
            -0.364E+01             0.742E-30
            -0.363E+01             0.419E-30
            -0.363E+01             0.627E-30
            -0.362E+01             0.212E-30
            -0.361E+01             0.859E-30
            -0.361E+01             0.238E-30
            -0.360E+01            -0.564E-30
            -0.359E+01            -0.944E-31
            -0.359E+01             0.280E-30
            -0.358E+01             0.706E-30
            -0.358E+01             0.137E-29
            -0.357E+01             0.918E-30
            -0.356E+01             0.567E-30
            -0.356E+01             0.775E-30
            -0.355E+01             0.233E-30
            -0.354E+01            -0.214E-30
            -0.354E+01             0.758E-30
            -0.353E+01             0.218E-29
            -0.353E+01             0.718E-30
            -0.352E+01            -0.404E-30
            -0.351E+01            -0.526E-30
            -0.351E+01            -0.235E-30
            -0.350E+01             0.331E-30
            -0.349E+01             0.553E-30
            -0.349E+01            -0.491E-30
            -0.348E+01            -0.325E-30
            -0.348E+01             0.250E-30
            -0.347E+01            -0.218E-31
            -0.346E+01            -0.330E-30
            -0.346E+01            -0.730E-30
            -0.345E+01             0.779E-30
            -0.344E+01             0.787E-30
            -0.344E+01            -0.134E-29
            -0.343E+01            -0.148E-29
            -0.343E+01             0.862E-30
            -0.342E+01             0.126E-29
            -0.341E+01             0.226E-31
            -0.341E+01            -0.111E-30
            -0.340E+01             0.239E-30
            -0.339E+01             0.412E-30
            -0.339E+01            -0.696E-30
            -0.338E+01            -0.547E-30
            -0.338E+01            -0.158E-30
            -0.337E+01             0.236E-30
            -0.336E+01             0.521E-30
            -0.336E+01            -0.568E-30
            -0.335E+01            -0.910E-30
            -0.334E+01            -0.726E-31
            -0.334E+01             0.147E-29
            -0.333E+01             0.587E-30
            -0.333E+01            -0.334E-30
            -0.332E+01            -0.978E-30
            -0.331E+01            -0.658E-30
            -0.331E+01             0.968E-30
            -0.330E+01            -0.549E-30
            -0.329E+01             0.162E-30
            -0.329E+01             0.918E-31
            -0.328E+01            -0.546E-30
            -0.328E+01            -0.106E-29
            -0.327E+01            -0.544E-30
            -0.326E+01             0.131E-29
            -0.326E+01            -0.818E-30
            -0.325E+01             0.616E-30
            -0.324E+01             0.107E-30
            -0.324E+01            -0.595E-30
            -0.323E+01            -0.904E-30
            -0.323E+01             0.112E-29
            -0.322E+01            -0.232E-30
            -0.321E+01            -0.743E-30
            -0.321E+01             0.704E-30
            -0.320E+01            -0.824E-31
            -0.319E+01             0.120E-30
            -0.319E+01            -0.467E-30
            -0.318E+01            -0.393E-30
            -0.318E+01            -0.422E-30
            -0.317E+01             0.455E-32
            -0.316E+01             0.821E-30
            -0.316E+01             0.494E-30
            -0.315E+01            -0.719E-30
            -0.314E+01            -0.824E-30
            -0.314E+01             0.395E-30
            -0.313E+01             0.646E-30
            -0.313E+01            -0.598E-30
            -0.312E+01            -0.209E-30
            -0.311E+01             0.512E-30
            -0.311E+01             0.209E-30
            -0.310E+01            -0.356E-30
            -0.309E+01             0.270E-30
            -0.309E+01            -0.269E-30
            -0.308E+01             0.243E-30
            -0.308E+01             0.648E-30
            -0.307E+01             0.746E-30
            -0.306E+01             0.779E-30
            -0.306E+01            -0.724E-30
            -0.305E+01            -0.462E-31
            -0.304E+01             0.506E-30
            -0.304E+01             0.152E-30
            -0.303E+01             0.846E-30
            -0.303E+01             0.384E-31
            -0.302E+01            -0.102E-30
            -0.301E+01             0.116E-30
            -0.301E+01             0.761E-30
            -0.300E+01             0.947E-30
            -0.300E+01             0.180E-30
            -0.299E+01             0.434E-30
            -0.298E+01             0.222E-30
            -0.298E+01             0.904E-30
            -0.297E+01             0.436E-31
            -0.296E+01             0.641E-31
            -0.296E+01             0.227E-29
            -0.295E+01             0.190E-29
            -0.295E+01            -0.212E-30
            -0.294E+01            -0.200E-30
            -0.293E+01             0.141E-29
            -0.293E+01             0.683E-30
            -0.292E+01            -0.132E-29
            -0.291E+01            -0.578E-30
            -0.291E+01            -0.293E-31
            -0.290E+01            -0.386E-30
            -0.290E+01             0.104E-30
            -0.289E+01             0.888E-31
            -0.288E+01             0.485E-30
            -0.288E+01            -0.440E-30
            -0.287E+01             0.149E-29
            -0.286E+01             0.759E-30
            -0.286E+01             0.119E-29
            -0.285E+01             0.833E-31
            -0.285E+01             0.349E-30
            -0.284E+01            -0.894E-31
            -0.283E+01             0.916E-30
            -0.283E+01            -0.429E-30
            -0.282E+01            -0.743E-30
            -0.281E+01            -0.723E-31
            -0.281E+01             0.439E-30
            -0.280E+01             0.219E-30
            -0.280E+01            -0.206E-30
            -0.279E+01             0.163E-30
            -0.278E+01             0.274E-30
            -0.278E+01            -0.280E-30
            -0.277E+01             0.306E-30
            -0.276E+01             0.585E-31
            -0.276E+01            -0.176E-32
            -0.275E+01            -0.177E-29
            -0.275E+01            -0.929E-30
            -0.274E+01            -0.177E-30
            -0.273E+01             0.346E-30
            -0.273E+01             0.212E-30
            -0.272E+01             0.184E-30
            -0.271E+01             0.107E-29
            -0.271E+01            -0.444E-30
            -0.270E+01            -0.166E-29
            -0.270E+01            -0.241E-29
            -0.269E+01            -0.738E-30
            -0.268E+01            -0.999E-30
            -0.268E+01            -0.290E-29
            -0.267E+01            -0.326E-29
            -0.266E+01            -0.422E-29
            -0.266E+01            -0.596E-29
            -0.265E+01            -0.743E-29
            -0.265E+01            -0.991E-29
            -0.264E+01            -0.151E-28
            -0.263E+01            -0.206E-28
            -0.263E+01            -0.283E-28
            -0.262E+01            -0.381E-28
            -0.261E+01            -0.536E-28
            -0.261E+01            -0.734E-28
            -0.260E+01            -0.102E-27
            -0.260E+01            -0.141E-27
            -0.259E+01            -0.196E-27
            -0.258E+01            -0.268E-27
            -0.258E+01            -0.369E-27
            -0.257E+01            -0.508E-27
            -0.256E+01            -0.700E-27
            -0.256E+01            -0.959E-27
            -0.255E+01            -0.131E-26
            -0.255E+01            -0.180E-26
            -0.254E+01            -0.247E-26
            -0.253E+01            -0.338E-26
            -0.253E+01            -0.462E-26
            -0.252E+01            -0.631E-26
            -0.251E+01            -0.861E-26
            -0.251E+01            -0.117E-25
            -0.250E+01            -0.160E-25
            -0.250E+01            -0.218E-25
            -0.249E+01            -0.297E-25
            -0.248E+01            -0.403E-25
            -0.248E+01            -0.548E-25
            -0.247E+01            -0.744E-25
            -0.246E+01            -0.101E-24
            -0.246E+01            -0.137E-24
            -0.245E+01            -0.185E-24
            -0.245E+01            -0.251E-24
            -0.244E+01            -0.339E-24
            -0.243E+01            -0.458E-24
            -0.243E+01            -0.618E-24
            -0.242E+01            -0.834E-24
            -0.241E+01            -0.112E-23
            -0.241E+01            -0.152E-23
            -0.240E+01            -0.204E-23
            -0.240E+01            -0.274E-23
            -0.239E+01            -0.369E-23
            -0.238E+01            -0.495E-23
            -0.238E+01            -0.664E-23
            -0.237E+01            -0.891E-23
            -0.236E+01            -0.119E-22
            -0.236E+01            -0.160E-22
            -0.235E+01            -0.214E-22
            -0.235E+01            -0.286E-22
            -0.234E+01            -0.381E-22
            -0.233E+01            -0.509E-22
            -0.233E+01            -0.679E-22
            -0.232E+01            -0.905E-22
            -0.231E+01            -0.120E-21
            -0.231E+01            -0.160E-21
            -0.230E+01            -0.213E-21
            -0.230E+01            -0.283E-21
            -0.229E+01            -0.376E-21
            -0.228E+01            -0.498E-21
            -0.228E+01            -0.660E-21
            -0.227E+01            -0.874E-21
            -0.226E+01            -0.116E-20
            -0.226E+01            -0.153E-20
            -0.225E+01            -0.202E-20
            -0.225E+01            -0.267E-20
            -0.224E+01            -0.352E-20
            -0.223E+01            -0.463E-20
            -0.223E+01            -0.610E-20
            -0.222E+01            -0.803E-20
            -0.221E+01            -0.106E-19
            -0.221E+01            -0.139E-19
            -0.220E+01            -0.182E-19
            -0.220E+01            -0.239E-19
            -0.219E+01            -0.313E-19
            -0.218E+01            -0.410E-19
            -0.218E+01            -0.537E-19
            -0.217E+01            -0.702E-19
            -0.216E+01            -0.918E-19
            -0.216E+01            -0.120E-18
            -0.215E+01            -0.156E-18
            -0.215E+01            -0.204E-18
            -0.214E+01            -0.265E-18
            -0.213E+01            -0.345E-18
            -0.213E+01            -0.449E-18
            -0.212E+01            -0.584E-18
            -0.211E+01            -0.758E-18
            -0.211E+01            -0.984E-18
            -0.210E+01            -0.128E-17
            -0.210E+01            -0.165E-17
            -0.209E+01            -0.214E-17
            -0.208E+01            -0.277E-17
            -0.208E+01            -0.358E-17
            -0.207E+01            -0.462E-17
            -0.206E+01            -0.596E-17
            -0.206E+01            -0.769E-17
            -0.205E+01            -0.990E-17
            -0.205E+01            -0.127E-16
            -0.204E+01            -0.164E-16
            -0.203E+01            -0.211E-16
            -0.203E+01            -0.271E-16
            -0.202E+01            -0.347E-16
            -0.201E+01            -0.446E-16
            -0.201E+01            -0.571E-16
            -0.200E+01            -0.731E-16
            -0.200E+01            -0.935E-16
            -0.199E+01            -0.120E-15
            -0.198E+01            -0.153E-15
            -0.198E+01            -0.195E-15
            -0.197E+01            -0.249E-15
            -0.196E+01            -0.317E-15
            -0.196E+01            -0.403E-15
            -0.195E+01            -0.513E-15
            -0.195E+01            -0.653E-15
            -0.194E+01            -0.829E-15
            -0.193E+01            -0.105E-14
            -0.193E+01            -0.133E-14
            -0.192E+01            -0.169E-14
            -0.191E+01            -0.214E-14
            -0.191E+01            -0.271E-14
            -0.190E+01            -0.343E-14
            -0.190E+01            -0.433E-14
            -0.189E+01            -0.547E-14
            -0.188E+01            -0.690E-14
            -0.188E+01            -0.869E-14
            -0.187E+01            -0.109E-13
            -0.186E+01            -0.138E-13
            -0.186E+01            -0.173E-13
            -0.185E+01            -0.218E-13
            -0.185E+01            -0.273E-13
            -0.184E+01            -0.343E-13
            -0.183E+01            -0.430E-13
            -0.183E+01            -0.538E-13
            -0.182E+01            -0.674E-13
            -0.181E+01            -0.842E-13
            -0.181E+01            -0.105E-12
            -0.180E+01            -0.131E-12
            -0.180E+01            -0.164E-12
            -0.179E+01            -0.204E-12
            -0.178E+01            -0.255E-12
            -0.178E+01            -0.317E-12
            -0.177E+01            -0.394E-12
            -0.176E+01            -0.490E-12
            -0.176E+01            -0.608E-12
            -0.175E+01            -0.755E-12
            -0.175E+01            -0.936E-12
            -0.174E+01            -0.116E-11
            -0.173E+01            -0.143E-11
            -0.173E+01            -0.177E-11
            -0.172E+01            -0.219E-11
            -0.171E+01            -0.271E-11
            -0.171E+01            -0.334E-11
            -0.170E+01            -0.412E-11
            -0.170E+01            -0.508E-11
            -0.169E+01            -0.625E-11
            -0.168E+01            -0.769E-11
            -0.168E+01            -0.945E-11
            -0.167E+01            -0.116E-10
            -0.166E+01            -0.142E-10
            -0.166E+01            -0.175E-10
            -0.165E+01            -0.214E-10
            -0.165E+01            -0.262E-10
            -0.164E+01            -0.320E-10
            -0.163E+01            -0.391E-10
            -0.163E+01            -0.478E-10
            -0.162E+01            -0.583E-10
            -0.161E+01            -0.711E-10
            -0.161E+01            -0.867E-10
            -0.160E+01            -0.106E-09
            -0.160E+01            -0.128E-09
            -0.159E+01            -0.156E-09
            -0.158E+01            -0.189E-09
            -0.158E+01            -0.230E-09
            -0.157E+01            -0.279E-09
            -0.156E+01            -0.338E-09
            -0.156E+01            -0.409E-09
            -0.155E+01            -0.495E-09
            -0.155E+01            -0.598E-09
            -0.154E+01            -0.722E-09
            -0.153E+01            -0.872E-09
            -0.153E+01            -0.105E-08
            -0.152E+01            -0.127E-08
            -0.151E+01            -0.153E-08
            -0.151E+01            -0.184E-08
            -0.150E+01            -0.221E-08
            -0.150E+01            -0.265E-08
            -0.149E+01            -0.318E-08
            -0.148E+01            -0.381E-08
            -0.148E+01            -0.457E-08
            -0.147E+01            -0.547E-08
            -0.146E+01            -0.655E-08
            -0.146E+01            -0.783E-08
            -0.145E+01            -0.935E-08
            -0.145E+01            -0.112E-07
            -0.144E+01            -0.133E-07
            -0.143E+01            -0.159E-07
            -0.143E+01            -0.189E-07
            -0.142E+01            -0.225E-07
            -0.141E+01            -0.267E-07
            -0.141E+01            -0.317E-07
            -0.140E+01            -0.376E-07
            -0.140E+01            -0.446E-07
            -0.139E+01            -0.529E-07
            -0.138E+01            -0.626E-07
            -0.138E+01            -0.741E-07
            -0.137E+01            -0.876E-07
            -0.136E+01            -0.103E-06
            -0.136E+01            -0.122E-06
            -0.135E+01            -0.144E-06
            -0.135E+01            -0.170E-06
            -0.134E+01            -0.200E-06
            -0.133E+01            -0.235E-06
            -0.133E+01            -0.276E-06
            -0.132E+01            -0.325E-06
            -0.131E+01            -0.381E-06
            -0.131E+01            -0.447E-06
            -0.130E+01            -0.524E-06
            -0.130E+01            -0.613E-06
            -0.129E+01            -0.717E-06
            -0.128E+01            -0.839E-06
            -0.128E+01            -0.979E-06
            -0.127E+01            -0.114E-05
            -0.126E+01            -0.133E-05
            -0.126E+01            -0.155E-05
            -0.125E+01            -0.181E-05
            -0.125E+01            -0.210E-05
            -0.124E+01            -0.245E-05
            -0.123E+01            -0.284E-05
            -0.123E+01            -0.330E-05
            -0.122E+01            -0.382E-05
            -0.121E+01            -0.443E-05
            -0.121E+01            -0.513E-05
            -0.120E+01            -0.593E-05
            -0.120E+01            -0.686E-05
            -0.119E+01            -0.792E-05
            -0.118E+01            -0.914E-05
            -0.118E+01            -0.105E-04
            -0.117E+01            -0.121E-04
            -0.116E+01            -0.140E-04
            -0.116E+01            -0.161E-04
            -0.115E+01            -0.185E-04
            -0.115E+01            -0.212E-04
            -0.114E+01            -0.244E-04
            -0.113E+01            -0.280E-04
            -0.113E+01            -0.320E-04
            -0.112E+01            -0.367E-04
            -0.111E+01            -0.419E-04
            -0.111E+01            -0.479E-04
            -0.110E+01            -0.547E-04
            -0.110E+01            -0.625E-04
            -0.109E+01            -0.712E-04
            -0.108E+01            -0.811E-04
            -0.108E+01            -0.923E-04
            -0.107E+01            -0.105E-03
            -0.106E+01            -0.119E-03
            -0.106E+01            -0.136E-03
            -0.105E+01            -0.154E-03
            -0.105E+01            -0.174E-03
            -0.104E+01            -0.197E-03
            -0.103E+01            -0.224E-03
            -0.103E+01            -0.253E-03
            -0.102E+01            -0.286E-03
            -0.101E+01            -0.323E-03
            -0.101E+01            -0.364E-03
            -0.100E+01            -0.410E-03
            -0.996E+00            -0.462E-03
            -0.990E+00            -0.520E-03
            -0.984E+00            -0.585E-03
            -0.978E+00            -0.657E-03
            -0.971E+00            -0.737E-03
            -0.965E+00            -0.827E-03
            -0.959E+00            -0.927E-03
            -0.953E+00            -0.104E-02
            -0.946E+00            -0.116E-02
            -0.940E+00            -0.130E-02
            -0.934E+00            -0.145E-02
            -0.928E+00            -0.162E-02
            -0.921E+00            -0.181E-02
            -0.915E+00            -0.201E-02
            -0.909E+00            -0.224E-02
            -0.903E+00            -0.249E-02
            -0.896E+00            -0.277E-02
            -0.890E+00            -0.308E-02
            -0.884E+00            -0.342E-02
            -0.878E+00            -0.379E-02
            -0.871E+00            -0.420E-02
            -0.865E+00            -0.465E-02
            -0.859E+00            -0.514E-02
            -0.853E+00            -0.568E-02
            -0.846E+00            -0.627E-02
            -0.840E+00            -0.692E-02
            -0.834E+00            -0.763E-02
            -0.828E+00            -0.840E-02
            -0.821E+00            -0.925E-02
            -0.815E+00            -0.102E-01
            -0.809E+00            -0.112E-01
            -0.803E+00            -0.123E-01
            -0.796E+00            -0.135E-01
            -0.790E+00            -0.147E-01
            -0.784E+00            -0.161E-01
            -0.778E+00            -0.177E-01
            -0.771E+00            -0.193E-01
            -0.765E+00            -0.211E-01
            -0.759E+00            -0.230E-01
            -0.753E+00            -0.251E-01
            -0.746E+00            -0.273E-01
            -0.740E+00            -0.298E-01
            -0.734E+00            -0.324E-01
            -0.728E+00            -0.352E-01
            -0.721E+00            -0.382E-01
            -0.715E+00            -0.414E-01
            -0.709E+00            -0.449E-01
            -0.703E+00            -0.486E-01
            -0.696E+00            -0.526E-01
            -0.690E+00            -0.569E-01
            -0.684E+00            -0.615E-01
            -0.678E+00            -0.664E-01
            -0.671E+00            -0.716E-01
            -0.665E+00            -0.771E-01
            -0.659E+00            -0.830E-01
            -0.653E+00            -0.893E-01
            -0.646E+00            -0.959E-01
            -0.640E+00            -0.103E+00
            -0.634E+00            -0.110E+00
            -0.628E+00            -0.118E+00
            -0.621E+00            -0.127E+00
            -0.615E+00            -0.136E+00
            -0.609E+00            -0.145E+00
            -0.603E+00            -0.155E+00
            -0.597E+00            -0.165E+00
            -0.590E+00            -0.176E+00
            -0.584E+00            -0.188E+00
            -0.578E+00            -0.200E+00
            -0.572E+00            -0.212E+00
            -0.565E+00            -0.226E+00
            -0.559E+00            -0.239E+00
            -0.553E+00            -0.254E+00
            -0.547E+00            -0.269E+00
            -0.540E+00            -0.285E+00
            -0.534E+00            -0.301E+00
            -0.528E+00            -0.318E+00
            -0.522E+00            -0.336E+00
            -0.515E+00            -0.354E+00
            -0.509E+00            -0.373E+00
            -0.503E+00            -0.393E+00
            -0.497E+00            -0.413E+00
            -0.490E+00            -0.434E+00
            -0.484E+00            -0.456E+00
            -0.478E+00            -0.478E+00
            -0.472E+00            -0.501E+00
            -0.465E+00            -0.524E+00
            -0.459E+00            -0.548E+00
            -0.453E+00            -0.573E+00
            -0.447E+00            -0.598E+00
            -0.440E+00            -0.623E+00
            -0.434E+00            -0.649E+00
            -0.428E+00            -0.676E+00
            -0.422E+00            -0.702E+00
            -0.415E+00            -0.729E+00
            -0.409E+00            -0.757E+00
            -0.403E+00            -0.784E+00
            -0.397E+00            -0.812E+00
            -0.390E+00            -0.840E+00
            -0.384E+00            -0.868E+00
            -0.378E+00            -0.896E+00
            -0.372E+00            -0.924E+00
            -0.365E+00            -0.952E+00
            -0.359E+00            -0.980E+00
            -0.353E+00            -0.101E+01
            -0.347E+00            -0.103E+01
            -0.340E+00            -0.106E+01
            -0.334E+00            -0.109E+01
            -0.328E+00            -0.111E+01
            -0.322E+00            -0.114E+01
            -0.315E+00            -0.116E+01
            -0.309E+00            -0.118E+01
            -0.303E+00            -0.120E+01
            -0.297E+00            -0.123E+01
            -0.290E+00            -0.125E+01
            -0.284E+00            -0.126E+01
            -0.278E+00            -0.128E+01
            -0.272E+00            -0.130E+01
            -0.265E+00            -0.131E+01
            -0.259E+00            -0.132E+01
            -0.253E+00            -0.134E+01
            -0.247E+00            -0.134E+01
            -0.240E+00            -0.135E+01
            -0.234E+00            -0.136E+01
            -0.228E+00            -0.136E+01
            -0.222E+00            -0.136E+01
            -0.215E+00            -0.136E+01
            -0.209E+00            -0.136E+01
            -0.203E+00            -0.135E+01
            -0.197E+00            -0.135E+01
            -0.191E+00            -0.134E+01
            -0.184E+00            -0.133E+01
            -0.178E+00            -0.131E+01
            -0.172E+00            -0.129E+01
            -0.166E+00            -0.127E+01
            -0.159E+00            -0.125E+01
            -0.153E+00            -0.123E+01
            -0.147E+00            -0.120E+01
            -0.141E+00            -0.117E+01
            -0.134E+00            -0.114E+01
            -0.128E+00            -0.111E+01
            -0.122E+00            -0.107E+01
            -0.116E+00            -0.104E+01
            -0.109E+00            -0.995E+00
            -0.103E+00            -0.953E+00
            -0.968E-01            -0.909E+00
            -0.906E-01            -0.862E+00
            -0.843E-01            -0.814E+00
            -0.781E-01            -0.764E+00
            -0.718E-01            -0.712E+00
            -0.656E-01            -0.659E+00
            -0.593E-01            -0.604E+00
            -0.531E-01            -0.547E+00
            -0.468E-01            -0.490E+00
            -0.406E-01            -0.431E+00
            -0.344E-01            -0.371E+00
            -0.281E-01            -0.311E+00
            -0.219E-01            -0.249E+00
            -0.156E-01            -0.188E+00
            -0.937E-02            -0.125E+00
            -0.312E-02            -0.627E-01
             0.312E-02            -0.165E-11
             0.937E-02             0.627E-01
             0.156E-01             0.125E+00
             0.219E-01             0.188E+00
             0.281E-01             0.249E+00
             0.344E-01             0.311E+00
             0.406E-01             0.371E+00
             0.468E-01             0.431E+00
             0.531E-01             0.490E+00
             0.593E-01             0.547E+00
             0.656E-01             0.604E+00
             0.718E-01             0.659E+00
             0.781E-01             0.712E+00
             0.843E-01             0.764E+00
             0.906E-01             0.814E+00
             0.968E-01             0.862E+00
             0.103E+00             0.909E+00
             0.109E+00             0.953E+00
             0.116E+00             0.995E+00
             0.122E+00             0.104E+01
             0.128E+00             0.107E+01
             0.134E+00             0.111E+01
             0.141E+00             0.114E+01
             0.147E+00             0.117E+01
             0.153E+00             0.120E+01
             0.159E+00             0.123E+01
             0.166E+00             0.125E+01
             0.172E+00             0.127E+01
             0.178E+00             0.129E+01
             0.184E+00             0.131E+01
             0.191E+00             0.133E+01
             0.197E+00             0.134E+01
             0.203E+00             0.135E+01
             0.209E+00             0.135E+01
             0.215E+00             0.136E+01
             0.222E+00             0.136E+01
             0.228E+00             0.136E+01
             0.234E+00             0.136E+01
             0.240E+00             0.136E+01
             0.247E+00             0.135E+01
             0.253E+00             0.134E+01
             0.259E+00             0.134E+01
             0.265E+00             0.132E+01
             0.272E+00             0.131E+01
             0.278E+00             0.130E+01
             0.284E+00             0.128E+01
             0.290E+00             0.126E+01
             0.297E+00             0.125E+01
             0.303E+00             0.123E+01
             0.309E+00             0.120E+01
             0.315E+00             0.118E+01
             0.322E+00             0.116E+01
             0.328E+00             0.114E+01
             0.334E+00             0.111E+01
             0.340E+00             0.109E+01
             0.347E+00             0.106E+01
             0.353E+00             0.103E+01
             0.359E+00             0.101E+01
             0.365E+00             0.980E+00
             0.372E+00             0.952E+00
             0.378E+00             0.924E+00
             0.384E+00             0.896E+00
             0.390E+00             0.868E+00
             0.397E+00             0.840E+00
             0.403E+00             0.812E+00
             0.409E+00             0.784E+00
             0.415E+00             0.757E+00
             0.422E+00             0.729E+00
             0.428E+00             0.702E+00
             0.434E+00             0.676E+00
             0.440E+00             0.649E+00
             0.447E+00             0.623E+00
             0.453E+00             0.598E+00
             0.459E+00             0.573E+00
             0.465E+00             0.548E+00
             0.472E+00             0.524E+00
             0.478E+00             0.501E+00
             0.484E+00             0.478E+00
             0.490E+00             0.456E+00
             0.497E+00             0.434E+00
             0.503E+00             0.413E+00
             0.509E+00             0.393E+00
             0.515E+00             0.373E+00
             0.522E+00             0.354E+00
             0.528E+00             0.336E+00
             0.534E+00             0.318E+00
             0.540E+00             0.301E+00
             0.547E+00             0.285E+00
             0.553E+00             0.269E+00
             0.559E+00             0.254E+00
             0.565E+00             0.239E+00
             0.572E+00             0.226E+00
             0.578E+00             0.212E+00
             0.584E+00             0.200E+00
             0.590E+00             0.188E+00
             0.597E+00             0.176E+00
             0.603E+00             0.165E+00
             0.609E+00             0.155E+00
             0.615E+00             0.145E+00
             0.621E+00             0.136E+00
             0.628E+00             0.127E+00
             0.634E+00             0.118E+00
             0.640E+00             0.110E+00
             0.646E+00             0.103E+00
             0.653E+00             0.959E-01
             0.659E+00             0.893E-01
             0.665E+00             0.830E-01
             0.671E+00             0.771E-01
             0.678E+00             0.716E-01
             0.684E+00             0.664E-01
             0.690E+00             0.615E-01
             0.696E+00             0.569E-01
             0.703E+00             0.526E-01
             0.709E+00             0.486E-01
             0.715E+00             0.449E-01
             0.721E+00             0.414E-01
             0.728E+00             0.382E-01
             0.734E+00             0.352E-01
             0.740E+00             0.324E-01
             0.746E+00             0.298E-01
             0.753E+00             0.273E-01
             0.759E+00             0.251E-01
             0.765E+00             0.230E-01
             0.771E+00             0.211E-01
             0.778E+00             0.193E-01
             0.784E+00             0.177E-01
             0.790E+00             0.161E-01
             0.796E+00             0.147E-01
             0.803E+00             0.135E-01
             0.809E+00             0.123E-01
             0.815E+00             0.112E-01
             0.821E+00             0.102E-01
             0.828E+00             0.925E-02
             0.834E+00             0.840E-02
             0.840E+00             0.763E-02
             0.846E+00             0.692E-02
             0.853E+00             0.627E-02
             0.859E+00             0.568E-02
             0.865E+00             0.514E-02
             0.871E+00             0.465E-02
             0.878E+00             0.420E-02
             0.884E+00             0.379E-02
             0.890E+00             0.342E-02
             0.896E+00             0.308E-02
             0.903E+00             0.277E-02
             0.909E+00             0.249E-02
             0.915E+00             0.224E-02
             0.921E+00             0.201E-02
             0.928E+00             0.181E-02
             0.934E+00             0.162E-02
             0.940E+00             0.145E-02
             0.946E+00             0.130E-02
             0.953E+00             0.116E-02
             0.959E+00             0.104E-02
             0.965E+00             0.927E-03
             0.971E+00             0.827E-03
             0.978E+00             0.737E-03
             0.984E+00             0.657E-03
             0.990E+00             0.585E-03
             0.996E+00             0.520E-03
             0.100E+01             0.462E-03
             0.101E+01             0.410E-03
             0.101E+01             0.364E-03
             0.102E+01             0.323E-03
             0.103E+01             0.286E-03
             0.103E+01             0.253E-03
             0.104E+01             0.224E-03
             0.105E+01             0.197E-03
             0.105E+01             0.174E-03
             0.106E+01             0.154E-03
             0.106E+01             0.136E-03
             0.107E+01             0.119E-03
             0.108E+01             0.105E-03
             0.108E+01             0.923E-04
             0.109E+01             0.811E-04
             0.110E+01             0.712E-04
             0.110E+01             0.625E-04
             0.111E+01             0.547E-04
             0.111E+01             0.479E-04
             0.112E+01             0.419E-04
             0.113E+01             0.367E-04
             0.113E+01             0.320E-04
             0.114E+01             0.280E-04
             0.115E+01             0.244E-04
             0.115E+01             0.212E-04
             0.116E+01             0.185E-04
             0.116E+01             0.161E-04
             0.117E+01             0.140E-04
             0.118E+01             0.121E-04
             0.118E+01             0.105E-04
             0.119E+01             0.914E-05
             0.120E+01             0.792E-05
             0.120E+01             0.686E-05
             0.121E+01             0.593E-05
             0.121E+01             0.513E-05
             0.122E+01             0.443E-05
             0.123E+01             0.382E-05
             0.123E+01             0.330E-05
             0.124E+01             0.284E-05
             0.125E+01             0.245E-05
             0.125E+01             0.210E-05
             0.126E+01             0.181E-05
             0.126E+01             0.155E-05
             0.127E+01             0.133E-05
             0.128E+01             0.114E-05
             0.128E+01             0.979E-06
             0.129E+01             0.839E-06
             0.130E+01             0.717E-06
             0.130E+01             0.613E-06
             0.131E+01             0.524E-06
             0.131E+01             0.447E-06
             0.132E+01             0.381E-06
             0.133E+01             0.325E-06
             0.133E+01             0.276E-06
             0.134E+01             0.235E-06
             0.135E+01             0.200E-06
             0.135E+01             0.170E-06
             0.136E+01             0.144E-06
             0.136E+01             0.122E-06
             0.137E+01             0.103E-06
             0.138E+01             0.876E-07
             0.138E+01             0.741E-07
             0.139E+01             0.626E-07
             0.140E+01             0.529E-07
             0.140E+01             0.446E-07
             0.141E+01             0.376E-07
             0.141E+01             0.317E-07
             0.142E+01             0.267E-07
             0.143E+01             0.225E-07
             0.143E+01             0.189E-07
             0.144E+01             0.159E-07
             0.145E+01             0.133E-07
             0.145E+01             0.112E-07
             0.146E+01             0.935E-08
             0.146E+01             0.783E-08
             0.147E+01             0.655E-08
             0.148E+01             0.547E-08
             0.148E+01             0.457E-08
             0.149E+01             0.381E-08
             0.150E+01             0.318E-08
             0.150E+01             0.265E-08
             0.151E+01             0.221E-08
             0.151E+01             0.184E-08
             0.152E+01             0.153E-08
             0.153E+01             0.127E-08
             0.153E+01             0.105E-08
             0.154E+01             0.872E-09
             0.155E+01             0.722E-09
             0.155E+01             0.598E-09
             0.156E+01             0.495E-09
             0.156E+01             0.409E-09
             0.157E+01             0.338E-09
             0.158E+01             0.279E-09
             0.158E+01             0.230E-09
             0.159E+01             0.189E-09
             0.160E+01             0.156E-09
             0.160E+01             0.128E-09
             0.161E+01             0.106E-09
             0.161E+01             0.867E-10
             0.162E+01             0.711E-10
             0.163E+01             0.583E-10
             0.163E+01             0.478E-10
             0.164E+01             0.391E-10
             0.165E+01             0.320E-10
             0.165E+01             0.262E-10
             0.166E+01             0.214E-10
             0.166E+01             0.175E-10
             0.167E+01             0.142E-10
             0.168E+01             0.116E-10
             0.168E+01             0.944E-11
             0.169E+01             0.768E-11
             0.170E+01             0.624E-11
             0.170E+01             0.507E-11
             0.171E+01             0.411E-11
             0.171E+01             0.334E-11
             0.172E+01             0.270E-11
             0.173E+01             0.219E-11
             0.173E+01             0.177E-11
             0.174E+01             0.143E-11
             0.175E+01             0.116E-11
             0.175E+01             0.935E-12
             0.176E+01             0.759E-12
             0.176E+01             0.620E-12
             0.177E+01             0.499E-12
             0.178E+01             0.403E-12
             0.178E+01             0.312E-12
             0.179E+01             0.245E-12
             0.180E+01             0.191E-12
             0.180E+01             0.154E-12
             0.181E+01             0.130E-12
             0.181E+01             0.110E-12
             0.182E+01             0.929E-13
             0.183E+01             0.761E-13
             0.183E+01             0.582E-13
             0.184E+01             0.507E-13
             0.185E+01             0.431E-13
             0.185E+01             0.323E-13
             0.186E+01             0.190E-13
             0.186E+01             0.118E-13
             0.187E+01             0.152E-13
             0.188E+01             0.525E-14
             0.188E+01             0.676E-14
             0.189E+01             0.442E-15
             0.190E+01             0.900E-14
             0.190E+01             0.762E-14
             0.191E+01            -0.259E-14
             0.191E+01            -0.490E-14
             0.192E+01            -0.791E-15
             0.193E+01             0.269E-14
             0.193E+01             0.147E-14
             0.194E+01             0.331E-14
             0.195E+01             0.421E-14
             0.195E+01             0.735E-14
             0.196E+01             0.622E-14
             0.196E+01             0.867E-14
             0.197E+01             0.497E-16
             0.198E+01             0.255E-14
             0.198E+01            -0.403E-14
             0.199E+01            -0.438E-14
             0.200E+01            -0.805E-14
             0.200E+01            -0.278E-14
             0.201E+01             0.283E-14
             0.201E+01             0.714E-14
             0.202E+01             0.523E-14
             0.203E+01            -0.100E-14
             0.203E+01            -0.356E-14
             0.204E+01            -0.121E-14
             0.205E+01             0.390E-14
             0.205E+01             0.620E-14
             0.206E+01             0.235E-14
             0.206E+01            -0.139E-14
             0.207E+01            -0.279E-14
             0.208E+01            -0.134E-14
             0.208E+01             0.393E-14
             0.209E+01             0.435E-14
             0.210E+01            -0.181E-14
             0.210E+01            -0.774E-15
             0.211E+01            -0.727E-14
             0.211E+01            -0.253E-14
             0.212E+01             0.183E-14
             0.213E+01             0.777E-15
             0.213E+01            -0.568E-14
             0.214E+01            -0.648E-14
             0.215E+01             0.956E-15
             0.215E+01            -0.398E-15
             0.216E+01            -0.102E-14
             0.216E+01             0.167E-15
             0.217E+01            -0.526E-14
             0.218E+01            -0.186E-14
             0.218E+01             0.863E-15
             0.219E+01             0.450E-14
             0.220E+01             0.144E-14
             0.220E+01             0.235E-14
             0.221E+01            -0.150E-14
             0.221E+01             0.184E-14
             0.222E+01            -0.214E-14
             0.223E+01             0.328E-14
             0.223E+01             0.597E-14
             0.224E+01             0.589E-14
             0.225E+01             0.643E-14
             0.225E+01             0.760E-15
             0.226E+01            -0.322E-14
             0.226E+01            -0.991E-15
             0.227E+01            -0.159E-14
             0.228E+01            -0.676E-14
             0.228E+01            -0.515E-14
             0.229E+01            -0.237E-15
             0.230E+01             0.370E-14
             0.230E+01             0.201E-14
             0.231E+01             0.413E-14
             0.231E+01             0.322E-14
             0.232E+01             0.463E-14
             0.233E+01             0.225E-14
             0.233E+01             0.122E-14
             0.234E+01             0.459E-14
             0.235E+01             0.498E-14
             0.235E+01            -0.310E-15
             0.236E+01            -0.441E-14
             0.236E+01            -0.882E-15
             0.237E+01            -0.166E-14
             0.238E+01            -0.408E-14
             0.238E+01            -0.169E-14
             0.239E+01            -0.992E-15
             0.240E+01            -0.187E-14
             0.240E+01             0.159E-14
             0.241E+01             0.459E-14
             0.241E+01             0.525E-14
             0.242E+01             0.296E-14
             0.243E+01            -0.146E-15
             0.243E+01            -0.582E-14
             0.244E+01            -0.134E-14
             0.245E+01             0.383E-14
             0.245E+01             0.778E-14
             0.246E+01             0.341E-14
             0.246E+01            -0.328E-14
             0.247E+01            -0.324E-14
             0.248E+01            -0.328E-14
             0.248E+01             0.621E-15
             0.249E+01             0.433E-15
             0.250E+01            -0.686E-14
             0.250E+01            -0.399E-14
             0.251E+01             0.386E-15
             0.251E+01             0.153E-14
             0.252E+01            -0.144E-14
             0.253E+01            -0.161E-14
             0.253E+01             0.110E-14
             0.254E+01             0.298E-14
             0.255E+01             0.429E-14
             0.255E+01             0.617E-14
             0.256E+01             0.322E-14
             0.256E+01             0.359E-14
             0.257E+01            -0.518E-16
             0.258E+01            -0.542E-14
             0.258E+01            -0.393E-14
             0.259E+01            -0.544E-14
             0.260E+01             0.348E-14
             0.260E+01             0.555E-14
             0.261E+01             0.251E-14
             0.261E+01            -0.304E-14
             0.262E+01             0.355E-14
             0.263E+01             0.255E-14
             0.263E+01             0.130E-14
             0.264E+01             0.455E-14
             0.265E+01             0.583E-15
             0.265E+01            -0.146E-14
             0.266E+01            -0.234E-14
             0.266E+01             0.178E-14
             0.267E+01            -0.341E-14
             0.268E+01             0.461E-15
             0.268E+01             0.255E-14
             0.269E+01            -0.441E-15
             0.270E+01            -0.268E-14
             0.270E+01             0.109E-14
             0.271E+01             0.424E-14
             0.271E+01             0.247E-14
             0.272E+01             0.196E-14
             0.273E+01             0.127E-14
             0.273E+01            -0.843E-15
             0.274E+01            -0.948E-15
             0.275E+01             0.393E-14
             0.275E+01             0.132E-14
             0.276E+01             0.268E-14
             0.276E+01             0.157E-14
             0.277E+01            -0.188E-15
             0.278E+01             0.226E-16
             0.278E+01            -0.332E-14
             0.279E+01             0.283E-16
             0.280E+01            -0.576E-14
             0.280E+01            -0.619E-15
             0.281E+01            -0.383E-14
             0.281E+01            -0.595E-14
             0.282E+01            -0.211E-14
             0.283E+01             0.155E-14
             0.283E+01             0.223E-15
             0.284E+01             0.351E-14
             0.285E+01             0.373E-14
             0.285E+01             0.609E-15
             0.286E+01            -0.712E-14
             0.286E+01             0.173E-14
             0.287E+01             0.172E-14
             0.288E+01             0.157E-14
             0.288E+01             0.184E-14
             0.289E+01             0.111E-14
             0.290E+01            -0.907E-15
             0.290E+01             0.227E-14
             0.291E+01             0.264E-14
             0.291E+01             0.350E-14
             0.292E+01             0.121E-14
             0.293E+01             0.503E-14
             0.293E+01             0.240E-14
             0.294E+01            -0.185E-14
             0.295E+01            -0.228E-14
             0.295E+01            -0.524E-14
             0.296E+01            -0.106E-14
             0.296E+01             0.156E-14
             0.297E+01             0.197E-14
             0.298E+01             0.293E-14
             0.298E+01             0.176E-14
             0.299E+01            -0.285E-14
             0.300E+01             0.859E-15
             0.300E+01             0.112E-14
             0.301E+01            -0.919E-15
             0.301E+01             0.181E-14
             0.302E+01             0.992E-15
             0.303E+01             0.377E-14
             0.303E+01             0.156E-14
             0.304E+01            -0.257E-14
             0.304E+01            -0.138E-14
             0.305E+01            -0.178E-14
             0.306E+01            -0.187E-14
             0.306E+01            -0.347E-14
             0.307E+01             0.197E-14
             0.308E+01             0.799E-15
             0.308E+01             0.155E-14
             0.309E+01             0.136E-14
             0.309E+01            -0.554E-15
             0.310E+01            -0.375E-14
             0.311E+01            -0.581E-14
             0.311E+01            -0.471E-15
             0.312E+01             0.146E-14
             0.313E+01            -0.103E-15
             0.313E+01            -0.293E-14
             0.314E+01            -0.497E-14
             0.314E+01            -0.449E-14
             0.315E+01            -0.187E-15
             0.316E+01            -0.326E-14
             0.316E+01             0.210E-14
             0.317E+01            -0.503E-15
             0.318E+01            -0.881E-17
             0.318E+01             0.688E-15
             0.319E+01             0.439E-14
             0.319E+01             0.438E-14
             0.320E+01             0.204E-14
             0.321E+01             0.240E-14
             0.321E+01             0.295E-15
             0.322E+01            -0.424E-14
             0.323E+01            -0.116E-14
             0.323E+01             0.807E-15
             0.324E+01            -0.381E-14
             0.324E+01             0.148E-14
             0.325E+01            -0.703E-16
             0.326E+01             0.158E-14
             0.326E+01             0.136E-14
             0.327E+01             0.196E-14
             0.328E+01            -0.417E-15
             0.328E+01            -0.274E-15
             0.329E+01            -0.937E-15
             0.329E+01             0.741E-15
             0.330E+01            -0.661E-15
             0.331E+01            -0.156E-14
             0.331E+01             0.221E-14
             0.332E+01            -0.105E-15
             0.333E+01            -0.759E-15
             0.333E+01             0.307E-14
             0.334E+01             0.420E-15
             0.334E+01            -0.262E-14
             0.335E+01             0.368E-15
             0.336E+01            -0.718E-15
             0.336E+01             0.169E-14
             0.337E+01             0.341E-14
             0.338E+01             0.333E-14
             0.338E+01             0.318E-14
             0.339E+01             0.783E-16
             0.339E+01            -0.241E-14
             0.340E+01             0.661E-14
             0.341E+01             0.223E-14
             0.341E+01             0.362E-15
             0.342E+01            -0.357E-14
             0.343E+01            -0.128E-14
             0.343E+01             0.888E-15
             0.344E+01             0.371E-15
             0.344E+01             0.162E-14
             0.345E+01             0.380E-16
             0.346E+01            -0.989E-15
             0.346E+01            -0.246E-14
             0.347E+01            -0.107E-14
             0.348E+01             0.247E-14
             0.348E+01             0.261E-14
             0.349E+01             0.439E-15
             0.349E+01            -0.140E-14
             0.350E+01            -0.303E-14
             0.351E+01            -0.148E-14
             0.351E+01            -0.250E-14
             0.352E+01             0.759E-15
             0.353E+01            -0.126E-14
             0.353E+01             0.220E-14
             0.354E+01             0.379E-15
             0.354E+01             0.730E-15
             0.355E+01            -0.125E-14
             0.356E+01             0.266E-14
             0.356E+01             0.109E-14
             0.357E+01             0.180E-14
             0.358E+01            -0.107E-14
             0.358E+01            -0.563E-15
             0.359E+01            -0.105E-15
             0.359E+01             0.106E-14
             0.360E+01            -0.211E-14
             0.361E+01            -0.160E-15
             0.361E+01             0.243E-14
             0.362E+01            -0.584E-15
             0.363E+01            -0.450E-15
             0.363E+01             0.243E-14
             0.364E+01             0.137E-14
             0.364E+01             0.101E-14
             0.365E+01             0.402E-14
             0.366E+01             0.189E-14
             0.366E+01            -0.503E-15
             0.367E+01             0.222E-14
             0.368E+01            -0.750E-15
             0.368E+01            -0.120E-14
             0.369E+01             0.248E-14
             0.369E+01             0.623E-15
             0.370E+01            -0.337E-14
             0.371E+01            -0.174E-14
             0.371E+01             0.321E-14
             0.372E+01            -0.145E-14
             0.373E+01            -0.384E-14
             0.373E+01            -0.192E-14
             0.374E+01            -0.104E-14
             0.374E+01            -0.368E-14
             0.375E+01            -0.276E-14
             0.376E+01            -0.171E-14
             0.376E+01             0.981E-15
             0.377E+01             0.194E-15
             0.378E+01             0.832E-15
             0.378E+01            -0.101E-14
             0.379E+01             0.372E-15
             0.379E+01             0.108E-14
             0.380E+01             0.167E-14
             0.381E+01             0.701E-15
             0.381E+01             0.281E-14
             0.382E+01             0.143E-14
             0.383E+01            -0.504E-15
             0.383E+01             0.415E-15
             0.384E+01             0.713E-16
             0.384E+01            -0.298E-16
             0.385E+01            -0.199E-14
             0.386E+01             0.394E-15
             0.386E+01             0.282E-14
             0.387E+01             0.860E-15
             0.388E+01            -0.255E-14
             0.388E+01             0.619E-15
             0.389E+01             0.735E-15
             0.389E+01             0.511E-15
             0.390E+01            -0.454E-14
             0.391E+01             0.156E-15
             0.391E+01            -0.198E-14
             0.392E+01             0.101E-14
             0.393E+01             0.928E-16
             0.393E+01            -0.200E-14
             0.394E+01             0.302E-14
             0.394E+01             0.120E-15
             0.395E+01            -0.111E-15
             0.396E+01            -0.188E-14
             0.396E+01            -0.229E-14
             0.397E+01             0.257E-14
             0.398E+01            -0.257E-15
             0.398E+01            -0.563E-15
             0.399E+01            -0.201E-14
             0.399E+01             0.455E-15
             0.400E+01             0.347E-15
             0.401E+01            -0.267E-14
             0.401E+01            -0.197E-14
             0.402E+01            -0.124E-14
             0.403E+01            -0.216E-14
             0.403E+01            -0.124E-14
             0.404E+01            -0.208E-14
             0.404E+01             0.213E-15
             0.405E+01             0.286E-14
             0.406E+01            -0.211E-14
             0.406E+01            -0.143E-14
             0.407E+01             0.399E-15
             0.408E+01            -0.223E-14
             0.408E+01            -0.157E-14
             0.409E+01            -0.124E-14
             0.409E+01             0.143E-14
             0.410E+01             0.137E-15
             0.411E+01             0.125E-14
             0.411E+01             0.222E-14
             0.412E+01             0.285E-14
             0.413E+01             0.147E-14
             0.413E+01             0.381E-15
             0.414E+01             0.877E-15
             0.414E+01             0.366E-15
             0.415E+01            -0.573E-15
             0.416E+01            -0.345E-14
             0.416E+01             0.738E-15
             0.417E+01             0.172E-14
             0.418E+01             0.551E-15
             0.418E+01            -0.198E-14
             0.419E+01             0.419E-15
             0.419E+01             0.415E-15
             0.420E+01            -0.145E-14
             0.421E+01            -0.324E-14
             0.421E+01            -0.135E-14
             0.422E+01             0.975E-15
             0.423E+01             0.572E-15
             0.423E+01             0.359E-15
             0.424E+01            -0.262E-14
             0.424E+01             0.389E-14
             0.425E+01             0.325E-14
             0.426E+01             0.136E-15
             0.426E+01            -0.228E-14
             0.427E+01             0.418E-14
             0.428E+01             0.229E-15
             0.428E+01             0.738E-15
             0.429E+01            -0.179E-14
             0.429E+01             0.175E-14
             0.430E+01             0.608E-15
             0.431E+01             0.145E-14
             0.431E+01            -0.622E-15
             0.432E+01            -0.127E-14
             0.433E+01             0.284E-15
             0.433E+01            -0.109E-14
             0.434E+01            -0.120E-14
             0.434E+01             0.163E-14
             0.435E+01             0.332E-15
             0.436E+01             0.347E-15
             0.436E+01            -0.874E-15
             0.437E+01             0.343E-14
             0.438E+01            -0.497E-15
             0.438E+01             0.230E-14
             0.439E+01            -0.804E-15
             0.439E+01            -0.160E-15
             0.440E+01            -0.209E-14
             0.441E+01            -0.145E-14
             0.441E+01            -0.297E-15
             0.442E+01            -0.525E-15
             0.443E+01            -0.282E-14
             0.443E+01            -0.725E-15
             0.444E+01            -0.225E-14
             0.444E+01            -0.866E-15
             0.445E+01            -0.460E-15
             0.446E+01             0.184E-14
             0.446E+01             0.761E-15
             0.447E+01             0.791E-16
             0.448E+01            -0.363E-14
             0.448E+01             0.625E-15
             0.449E+01             0.147E-14
             0.449E+01            -0.302E-15
             0.450E+01            -0.656E-15
             0.451E+01             0.229E-14
             0.451E+01            -0.163E-14
             0.452E+01             0.193E-14
             0.453E+01             0.798E-15
             0.453E+01             0.973E-15
             0.454E+01            -0.150E-14
             0.454E+01             0.192E-14
             0.455E+01            -0.103E-14
             0.456E+01            -0.170E-14
             0.456E+01             0.337E-15
             0.457E+01            -0.258E-14
             0.458E+01            -0.736E-15
             0.458E+01            -0.213E-14
             0.459E+01             0.653E-15
             0.459E+01            -0.109E-14
             0.460E+01            -0.136E-14
             0.461E+01            -0.511E-15
             0.461E+01             0.251E-15
             0.462E+01             0.557E-15
             0.463E+01            -0.777E-15
             0.463E+01            -0.226E-14
             0.464E+01            -0.725E-15
             0.464E+01             0.131E-14
             0.465E+01             0.240E-14
             0.466E+01             0.475E-15
             0.466E+01            -0.316E-14
             0.467E+01            -0.878E-15
             0.468E+01             0.162E-15
             0.468E+01            -0.892E-15
             0.469E+01             0.239E-14
             0.469E+01             0.643E-15
             0.470E+01            -0.227E-14
             0.471E+01            -0.270E-14
             0.471E+01            -0.151E-14
             0.472E+01             0.114E-14
             0.473E+01            -0.264E-14
             0.473E+01             0.510E-16
             0.474E+01            -0.162E-15
             0.474E+01             0.476E-15
             0.475E+01            -0.589E-15
             0.476E+01             0.231E-14
             0.476E+01            -0.496E-15
             0.477E+01            -0.956E-15
             0.478E+01             0.257E-15
             0.478E+01            -0.950E-15
             0.479E+01            -0.151E-14
             0.479E+01             0.404E-15
             0.480E+01             0.111E-14
             0.481E+01             0.759E-15
             0.481E+01             0.235E-14
             0.482E+01             0.202E-14
             0.483E+01             0.194E-14
             0.483E+01             0.176E-15
             0.484E+01             0.153E-14
             0.484E+01            -0.103E-14
             0.485E+01             0.273E-14
             0.486E+01            -0.363E-15
             0.486E+01            -0.870E-15
             0.487E+01            -0.415E-15
             0.488E+01            -0.323E-15
             0.488E+01             0.967E-15
             0.489E+01            -0.112E-14
             0.489E+01             0.270E-15
             0.490E+01             0.223E-14
             0.491E+01            -0.813E-15
             0.491E+01            -0.158E-14
             0.492E+01             0.871E-15
             0.493E+01             0.230E-14
             0.493E+01            -0.238E-14
             0.494E+01             0.242E-14
             0.494E+01             0.647E-15
             0.495E+01             0.201E-15
             0.496E+01             0.231E-14
             0.496E+01             0.256E-14
             0.497E+01             0.206E-14
             0.498E+01            -0.145E-14
             0.498E+01            -0.137E-14
             0.499E+01            -0.402E-14
             0.499E+01             0.194E-14
             0.500E+01            -0.865E-15
