            -0.696E+01             0.140-154
            -0.692E+01             0.370-153
            -0.688E+01             0.178-151
            -0.684E+01             0.533-150
            -0.679E+01             0.195-148
            -0.675E+01             0.621-147
            -0.671E+01             0.189-145
            -0.667E+01             0.533-144
            -0.663E+01             0.162-142
            -0.659E+01             0.588-141
            -0.655E+01             0.208-139
            -0.651E+01             0.628-138
            -0.647E+01             0.189-136
            -0.643E+01             0.503-135
            -0.638E+01             0.156-133
            -0.634E+01             0.468-132
            -0.630E+01             0.130-130
            -0.626E+01             0.384-129
            -0.622E+01             0.101-127
            -0.618E+01             0.303-126
            -0.614E+01             0.823-125
            -0.610E+01             0.230-123
            -0.606E+01             0.564-122
            -0.601E+01             0.161-120
            -0.597E+01             0.449-119
            -0.593E+01             0.130-117
            -0.589E+01             0.288-116
            -0.585E+01             0.756-115
            -0.581E+01             0.182-113
            -0.577E+01             0.488-112
            -0.573E+01             0.114-110
            -0.569E+01             0.273-109
            -0.565E+01             0.663-108
            -0.560E+01             0.153-106
            -0.556E+01             0.356-105
            -0.552E+01             0.806-104
            -0.548E+01             0.183-102
            -0.544E+01             0.403-101
            -0.540E+01             0.881-100
            -0.536E+01             0.191E-98
            -0.532E+01             0.403E-97
            -0.528E+01             0.846E-96
            -0.523E+01             0.176E-94
            -0.519E+01             0.356E-93
            -0.515E+01             0.718E-92
            -0.511E+01             0.144E-90
            -0.507E+01             0.281E-89
            -0.503E+01             0.539E-88
            -0.499E+01             0.102E-86
            -0.495E+01             0.191E-85
            -0.491E+01             0.352E-84
            -0.487E+01             0.640E-83
            -0.482E+01             0.114E-81
            -0.478E+01             0.201E-80
            -0.474E+01             0.348E-79
            -0.470E+01             0.595E-78
            -0.466E+01             0.999E-77
            -0.462E+01             0.165E-75
            -0.458E+01             0.269E-74
            -0.454E+01             0.431E-73
            -0.450E+01             0.681E-72
            -0.445E+01             0.106E-70
            -0.441E+01             0.161E-69
            -0.437E+01             0.242E-68
            -0.433E+01             0.358E-67
            -0.429E+01             0.520E-66
            -0.425E+01             0.744E-65
            -0.421E+01             0.105E-63
            -0.417E+01             0.144E-62
            -0.413E+01             0.196E-61
            -0.409E+01             0.262E-60
            -0.404E+01             0.344E-59
            -0.400E+01             0.443E-58
            -0.396E+01             0.562E-57
            -0.392E+01             0.699E-56
            -0.388E+01             0.854E-55
            -0.384E+01             0.103E-53
            -0.380E+01             0.121E-52
            -0.376E+01             0.140E-51
            -0.372E+01             0.159E-50
            -0.367E+01             0.178E-49
            -0.363E+01             0.194E-48
            -0.359E+01             0.209E-47
            -0.355E+01             0.220E-46
            -0.351E+01             0.228E-45
            -0.347E+01             0.231E-44
            -0.343E+01             0.229E-43
            -0.339E+01             0.224E-42
            -0.335E+01             0.214E-41
            -0.330E+01             0.200E-40
            -0.326E+01             0.184E-39
            -0.322E+01             0.166E-38
            -0.318E+01             0.146E-37
            -0.314E+01             0.126E-36
            -0.310E+01             0.107E-35
            -0.306E+01             0.882E-35
            -0.302E+01             0.715E-34
            -0.298E+01             0.567E-33
            -0.294E+01             0.440E-32
            -0.289E+01             0.334E-31
            -0.285E+01             0.248E-30
            -0.281E+01             0.180E-29
            -0.277E+01             0.128E-28
            -0.273E+01             0.890E-28
            -0.269E+01             0.605E-27
            -0.265E+01             0.401E-26
            -0.261E+01             0.260E-25
            -0.257E+01             0.165E-24
            -0.252E+01             0.102E-23
            -0.248E+01             0.615E-23
            -0.244E+01             0.363E-22
            -0.240E+01             0.209E-21
            -0.236E+01             0.117E-20
            -0.232E+01             0.642E-20
            -0.228E+01             0.343E-19
            -0.224E+01             0.179E-18
            -0.220E+01             0.907E-18
            -0.216E+01             0.449E-17
            -0.211E+01             0.217E-16
            -0.207E+01             0.102E-15
            -0.203E+01             0.465E-15
            -0.199E+01             0.207E-14
            -0.195E+01             0.899E-14
            -0.191E+01             0.379E-13
            -0.187E+01             0.156E-12
            -0.183E+01             0.622E-12
            -0.179E+01             0.242E-11
            -0.174E+01             0.912E-11
            -0.170E+01             0.335E-10
            -0.166E+01             0.119E-09
            -0.162E+01             0.413E-09
            -0.158E+01             0.139E-08
            -0.154E+01             0.453E-08
            -0.150E+01             0.143E-07
            -0.146E+01             0.441E-07
            -0.142E+01             0.131E-06
            -0.138E+01             0.380E-06
            -0.133E+01             0.106E-05
            -0.129E+01             0.288E-05
            -0.125E+01             0.757E-05
            -0.121E+01             0.193E-04
            -0.117E+01             0.474E-04
            -0.113E+01             0.113E-03
            -0.109E+01             0.260E-03
            -0.105E+01             0.580E-03
            -0.101E+01             0.125E-02
            -0.965E+00             0.259E-02
            -0.924E+00             0.520E-02
            -0.883E+00             0.101E-01
            -0.842E+00             0.188E-01
            -0.801E+00             0.337E-01
            -0.760E+00             0.584E-01
            -0.718E+00             0.972E-01
            -0.677E+00             0.155E+00
            -0.636E+00             0.239E+00
            -0.595E+00             0.351E+00
            -0.554E+00             0.495E+00
            -0.513E+00             0.666E+00
            -0.472E+00             0.853E+00
            -0.431E+00             0.104E+01
            -0.390E+00             0.119E+01
            -0.349E+00             0.128E+01
            -0.308E+00             0.127E+01
            -0.267E+00             0.114E+01
            -0.226E+00             0.885E+00
            -0.185E+00             0.516E+00
            -0.144E+00             0.757E-01
            -0.103E+00            -0.376E+00
            -0.616E-01            -0.769E+00
            -0.205E-01            -0.104E+01
             0.205E-01            -0.113E+01
             0.616E-01            -0.104E+01
             0.103E+00            -0.769E+00
             0.144E+00            -0.376E+00
             0.185E+00             0.757E-01
             0.226E+00             0.516E+00
             0.267E+00             0.885E+00
             0.308E+00             0.114E+01
             0.349E+00             0.127E+01
             0.390E+00             0.128E+01
             0.431E+00             0.119E+01
             0.472E+00             0.104E+01
             0.513E+00             0.853E+00
             0.554E+00             0.666E+00
             0.595E+00             0.495E+00
             0.636E+00             0.351E+00
             0.677E+00             0.239E+00
             0.718E+00             0.155E+00
             0.760E+00             0.972E-01
             0.801E+00             0.584E-01
             0.842E+00             0.337E-01
             0.883E+00             0.188E-01
             0.924E+00             0.101E-01
             0.965E+00             0.520E-02
             0.101E+01             0.259E-02
             0.105E+01             0.125E-02
             0.109E+01             0.580E-03
             0.113E+01             0.260E-03
             0.117E+01             0.113E-03
             0.121E+01             0.474E-04
             0.125E+01             0.193E-04
             0.129E+01             0.757E-05
             0.133E+01             0.288E-05
             0.138E+01             0.106E-05
             0.142E+01             0.380E-06
             0.146E+01             0.131E-06
             0.150E+01             0.441E-07
             0.154E+01             0.143E-07
             0.158E+01             0.453E-08
             0.162E+01             0.139E-08
             0.166E+01             0.413E-09
             0.170E+01             0.119E-09
             0.174E+01             0.335E-10
             0.179E+01             0.912E-11
             0.183E+01             0.242E-11
             0.187E+01             0.622E-12
             0.191E+01             0.156E-12
             0.195E+01             0.355E-13
             0.199E+01             0.859E-14
             0.203E+01             0.194E-14
             0.207E+01             0.263E-14
             0.211E+01            -0.166E-15
             0.216E+01            -0.796E-15
             0.220E+01             0.455E-15
             0.224E+01            -0.770E-15
             0.228E+01            -0.214E-15
             0.232E+01            -0.519E-15
             0.236E+01             0.219E-15
             0.240E+01            -0.985E-17
             0.244E+01             0.164E-15
             0.248E+01            -0.374E-15
             0.252E+01            -0.260E-15
             0.257E+01            -0.684E-15
             0.261E+01            -0.960E-15
             0.265E+01             0.135E-15
             0.269E+01             0.140E-15
             0.273E+01            -0.741E-15
             0.277E+01             0.145E-15
             0.281E+01             0.646E-16
             0.285E+01            -0.283E-15
             0.289E+01             0.912E-16
             0.294E+01             0.941E-16
             0.298E+01             0.481E-15
             0.302E+01            -0.354E-15
             0.306E+01            -0.710E-15
             0.310E+01             0.460E-15
             0.314E+01             0.420E-15
             0.318E+01             0.172E-15
             0.322E+01             0.267E-15
             0.326E+01             0.481E-15
             0.330E+01            -0.371E-15
             0.335E+01             0.620E-15
             0.339E+01            -0.212E-15
             0.343E+01             0.579E-15
             0.347E+01            -0.534E-16
             0.351E+01            -0.566E-15
             0.355E+01            -0.507E-16
             0.359E+01             0.525E-15
             0.363E+01            -0.317E-15
             0.367E+01            -0.388E-15
             0.372E+01             0.119E-14
             0.376E+01            -0.488E-15
             0.380E+01            -0.754E-15
             0.384E+01             0.126E-14
             0.388E+01             0.697E-15
             0.392E+01            -0.922E-15
             0.396E+01             0.959E-15
             0.400E+01            -0.119E-15
             0.404E+01            -0.752E-15
             0.409E+01            -0.735E-15
             0.413E+01            -0.673E-15
             0.417E+01             0.465E-16
             0.421E+01            -0.148E-14
             0.425E+01             0.399E-15
             0.429E+01            -0.337E-15
             0.433E+01             0.855E-15
             0.437E+01             0.226E-15
             0.441E+01             0.124E-14
             0.445E+01            -0.866E-15
             0.450E+01             0.602E-15
             0.454E+01             0.181E-15
             0.458E+01            -0.766E-15
             0.462E+01             0.254E-15
             0.466E+01             0.135E-14
             0.470E+01            -0.919E-15
             0.474E+01             0.793E-15
             0.478E+01            -0.134E-15
             0.482E+01             0.584E-15
             0.487E+01            -0.309E-15
             0.491E+01             0.184E-14
             0.495E+01            -0.164E-15
             0.499E+01            -0.169E-15
             0.503E+01             0.209E-14
             0.507E+01             0.103E-15
             0.511E+01             0.293E-15
             0.515E+01             0.195E-14
             0.519E+01            -0.902E-15
             0.523E+01             0.175E-14
             0.528E+01             0.135E-14
             0.532E+01            -0.751E-15
             0.536E+01             0.171E-17
             0.540E+01             0.864E-15
             0.544E+01             0.810E-15
             0.548E+01            -0.474E-15
             0.552E+01            -0.115E-14
             0.556E+01            -0.127E-14
             0.560E+01            -0.931E-16
             0.565E+01             0.314E-16
             0.569E+01             0.269E-15
             0.573E+01             0.229E-15
             0.577E+01             0.113E-15
             0.581E+01            -0.169E-16
             0.585E+01             0.287E-16
             0.589E+01             0.943E-17
             0.593E+01            -0.121E-17
             0.597E+01            -0.199E-18
             0.601E+01             0.106E-18
             0.606E+01             0.370E-19
             0.610E+01             0.341E-20
             0.614E+01            -0.233E-20
             0.618E+01            -0.300E-21
             0.622E+01             0.242E-21
             0.626E+01             0.370E-23
             0.630E+01             0.751E-23
             0.634E+01             0.154E-23
             0.638E+01             0.202E-25
             0.643E+01             0.152E-24
             0.647E+01            -0.134E-25
             0.651E+01             0.270E-26
             0.655E+01            -0.278E-28
             0.659E+01             0.177E-27
             0.663E+01             0.785E-29
             0.667E+01             0.121E-29
             0.671E+01            -0.907E-31
             0.675E+01            -0.137E-29
             0.679E+01            -0.407E-30
             0.684E+01             0.171E-29
             0.688E+01            -0.812E-30
             0.692E+01             0.600E-30
             0.696E+01             0.903E-30
             0.700E+01            -0.731E-30
