            -0.698E+01             0.195E-15
            -0.696E+01             0.488E-16
            -0.694E+01             0.532E-15
            -0.693E+01             0.216E-16
            -0.691E+01            -0.937E-16
            -0.689E+01            -0.255E-16
            -0.687E+01            -0.420E-15
            -0.685E+01             0.410E-15
            -0.683E+01            -0.666E-16
            -0.682E+01             0.127E-15
            -0.680E+01            -0.836E-16
            -0.678E+01             0.300E-15
            -0.676E+01            -0.177E-15
            -0.674E+01             0.150E-16
            -0.672E+01            -0.294E-16
            -0.671E+01             0.107E-15
            -0.669E+01            -0.824E-16
            -0.667E+01             0.316E-16
            -0.665E+01            -0.376E-16
            -0.663E+01             0.123E-16
            -0.661E+01            -0.172E-16
            -0.660E+01             0.168E-16
            -0.658E+01            -0.772E-17
            -0.656E+01             0.443E-17
            -0.654E+01            -0.257E-17
            -0.652E+01             0.155E-17
            -0.650E+01            -0.855E-18
            -0.648E+01             0.462E-18
            -0.647E+01            -0.252E-18
            -0.645E+01             0.154E-18
            -0.643E+01            -0.801E-19
            -0.641E+01             0.359E-19
            -0.639E+01            -0.170E-19
            -0.637E+01             0.973E-20
            -0.636E+01            -0.279E-20
            -0.634E+01             0.178E-20
            -0.632E+01            -0.948E-21
            -0.630E+01             0.211E-21
            -0.628E+01            -0.740E-22
            -0.626E+01             0.960E-22
            -0.625E+01            -0.222E-22
            -0.623E+01             0.136E-22
            -0.621E+01            -0.484E-23
            -0.619E+01             0.186E-23
            -0.617E+01            -0.106E-23
            -0.615E+01             0.435E-24
            -0.614E+01            -0.120E-24
            -0.612E+01             0.617E-25
            -0.610E+01            -0.202E-25
            -0.608E+01             0.841E-26
            -0.606E+01            -0.282E-26
            -0.604E+01             0.105E-26
            -0.602E+01            -0.328E-27
            -0.601E+01             0.117E-27
            -0.599E+01            -0.551E-28
            -0.597E+01             0.145E-28
            -0.595E+01            -0.410E-29
            -0.593E+01             0.157E-29
            -0.591E+01            -0.450E-30
            -0.590E+01             0.838E-31
            -0.588E+01            -0.743E-31
            -0.586E+01             0.379E-31
            -0.584E+01            -0.715E-32
            -0.582E+01             0.226E-30
            -0.580E+01            -0.452E-31
            -0.579E+01             0.157E-31
            -0.577E+01             0.366E-30
            -0.575E+01            -0.137E-30
            -0.573E+01            -0.672E-31
            -0.571E+01             0.562E-31
            -0.569E+01            -0.221E-30
            -0.568E+01            -0.116E-30
            -0.566E+01             0.202E-30
            -0.564E+01             0.551E-31
            -0.562E+01             0.134E-30
            -0.560E+01            -0.912E-31
            -0.558E+01             0.587E-31
            -0.557E+01             0.779E-31
            -0.555E+01            -0.142E-30
            -0.553E+01             0.603E-31
            -0.551E+01             0.693E-31
            -0.549E+01             0.298E-31
            -0.547E+01             0.381E-32
            -0.545E+01             0.730E-31
            -0.544E+01             0.844E-31
            -0.542E+01            -0.987E-31
            -0.540E+01            -0.160E-30
            -0.538E+01             0.864E-31
            -0.536E+01            -0.504E-31
            -0.534E+01             0.332E-30
            -0.533E+01             0.110E-31
            -0.531E+01            -0.656E-31
            -0.529E+01            -0.132E-30
            -0.527E+01             0.146E-30
            -0.525E+01             0.701E-31
            -0.523E+01             0.345E-31
            -0.522E+01             0.120E-30
            -0.520E+01            -0.519E-31
            -0.518E+01            -0.141E-30
            -0.516E+01             0.950E-31
            -0.514E+01            -0.919E-31
            -0.512E+01            -0.103E-30
            -0.511E+01             0.258E-32
            -0.509E+01             0.100E-31
            -0.507E+01             0.452E-31
            -0.505E+01             0.619E-32
            -0.503E+01             0.255E-30
            -0.501E+01             0.347E-31
            -0.499E+01            -0.260E-31
            -0.498E+01            -0.159E-30
            -0.496E+01            -0.233E-31
            -0.494E+01             0.324E-31
            -0.492E+01             0.192E-30
            -0.490E+01             0.310E-31
            -0.488E+01            -0.384E-31
            -0.487E+01            -0.187E-30
            -0.485E+01            -0.143E-30
            -0.483E+01            -0.533E-31
            -0.481E+01             0.165E-30
            -0.479E+01            -0.982E-32
            -0.477E+01            -0.163E-30
            -0.476E+01            -0.333E-30
            -0.474E+01            -0.114E-30
            -0.472E+01            -0.992E-32
            -0.470E+01             0.236E-30
            -0.468E+01             0.203E-30
            -0.466E+01             0.194E-31
            -0.465E+01            -0.149E-30
            -0.463E+01            -0.171E-31
            -0.461E+01             0.135E-31
            -0.459E+01            -0.703E-31
            -0.457E+01             0.480E-31
            -0.455E+01             0.170E-30
            -0.453E+01             0.249E-31
            -0.452E+01             0.753E-31
            -0.450E+01            -0.150E-30
            -0.448E+01            -0.480E-31
            -0.446E+01            -0.121E-30
            -0.444E+01            -0.882E-31
            -0.442E+01            -0.135E-30
            -0.441E+01            -0.188E-31
            -0.439E+01            -0.710E-31
            -0.437E+01            -0.109E-30
            -0.435E+01            -0.578E-31
            -0.433E+01            -0.171E-31
            -0.431E+01            -0.480E-31
            -0.430E+01            -0.217E-30
            -0.428E+01            -0.181E-31
            -0.426E+01            -0.176E-30
            -0.424E+01             0.634E-31
            -0.422E+01            -0.539E-31
            -0.420E+01             0.256E-31
            -0.419E+01            -0.290E-32
            -0.417E+01            -0.869E-31
            -0.415E+01             0.182E-31
            -0.413E+01            -0.226E-31
            -0.411E+01             0.822E-31
            -0.409E+01            -0.134E-30
            -0.407E+01             0.105E-30
            -0.406E+01             0.852E-31
            -0.404E+01            -0.309E-31
            -0.402E+01            -0.390E-31
            -0.400E+01            -0.255E-30
            -0.398E+01            -0.760E-31
            -0.396E+01             0.559E-31
            -0.395E+01            -0.564E-31
            -0.393E+01             0.819E-31
            -0.391E+01            -0.517E-31
            -0.389E+01             0.393E-31
            -0.387E+01            -0.323E-31
            -0.385E+01             0.149E-30
            -0.384E+01             0.569E-31
            -0.382E+01            -0.607E-33
            -0.380E+01             0.630E-31
            -0.378E+01            -0.214E-30
            -0.376E+01            -0.245E-31
            -0.374E+01             0.428E-31
            -0.373E+01            -0.153E-31
            -0.371E+01             0.715E-31
            -0.369E+01             0.252E-31
            -0.367E+01             0.343E-31
            -0.365E+01             0.242E-31
            -0.363E+01            -0.671E-31
            -0.361E+01             0.105E-30
            -0.360E+01             0.436E-31
            -0.358E+01            -0.107E-30
            -0.356E+01             0.394E-31
            -0.354E+01             0.835E-31
            -0.352E+01            -0.152E-30
            -0.350E+01             0.820E-31
            -0.349E+01             0.259E-31
            -0.347E+01             0.133E-31
            -0.345E+01            -0.148E-32
            -0.343E+01            -0.889E-31
            -0.341E+01             0.967E-32
            -0.339E+01            -0.692E-31
            -0.338E+01             0.138E-30
            -0.336E+01             0.186E-31
            -0.334E+01            -0.243E-30
            -0.332E+01            -0.175E-30
            -0.330E+01             0.561E-30
            -0.328E+01             0.400E-31
            -0.327E+01             0.690E-32
            -0.325E+01             0.150E-30
            -0.323E+01             0.623E-32
            -0.321E+01            -0.162E-30
            -0.319E+01             0.411E-30
            -0.317E+01             0.681E-31
            -0.316E+01            -0.230E-30
            -0.314E+01            -0.254E-32
            -0.312E+01            -0.161E-30
            -0.310E+01            -0.156E-30
            -0.308E+01            -0.250E-30
            -0.306E+01            -0.130E-30
            -0.304E+01            -0.388E-30
            -0.303E+01            -0.539E-30
            -0.301E+01            -0.680E-30
            -0.299E+01            -0.561E-30
            -0.297E+01            -0.320E-30
            -0.295E+01             0.160E-30
            -0.293E+01            -0.851E-31
            -0.292E+01            -0.189E-29
            -0.290E+01            -0.200E-30
            -0.288E+01             0.134E-30
            -0.286E+01            -0.196E-30
            -0.284E+01             0.626E-31
            -0.282E+01            -0.152E-30
            -0.281E+01            -0.761E-32
            -0.279E+01            -0.412E-30
            -0.277E+01            -0.211E-30
            -0.275E+01             0.145E-30
            -0.273E+01            -0.525E-30
            -0.271E+01            -0.444E-30
            -0.270E+01            -0.224E-29
            -0.268E+01            -0.444E-29
            -0.266E+01            -0.108E-28
            -0.264E+01            -0.280E-28
            -0.262E+01            -0.729E-28
            -0.260E+01            -0.182E-27
            -0.258E+01            -0.454E-27
            -0.257E+01            -0.113E-26
            -0.255E+01            -0.281E-26
            -0.253E+01            -0.691E-26
            -0.251E+01            -0.169E-25
            -0.249E+01            -0.411E-25
            -0.247E+01            -0.992E-25
            -0.246E+01            -0.238E-24
            -0.244E+01            -0.568E-24
            -0.242E+01            -0.135E-23
            -0.240E+01            -0.318E-23
            -0.238E+01            -0.744E-23
            -0.236E+01            -0.173E-22
            -0.235E+01            -0.400E-22
            -0.233E+01            -0.919E-22
            -0.231E+01            -0.210E-21
            -0.229E+01            -0.476E-21
            -0.227E+01            -0.107E-20
            -0.225E+01            -0.241E-20
            -0.224E+01            -0.536E-20
            -0.222E+01            -0.119E-19
            -0.220E+01            -0.261E-19
            -0.218E+01            -0.570E-19
            -0.216E+01            -0.124E-18
            -0.214E+01            -0.267E-18
            -0.212E+01            -0.572E-18
            -0.211E+01            -0.122E-17
            -0.209E+01            -0.258E-17
            -0.207E+01            -0.542E-17
            -0.205E+01            -0.113E-16
            -0.203E+01            -0.235E-16
            -0.201E+01            -0.484E-16
            -0.200E+01            -0.993E-16
            -0.198E+01            -0.202E-15
            -0.196E+01            -0.409E-15
            -0.194E+01            -0.822E-15
            -0.192E+01            -0.164E-14
            -0.190E+01            -0.326E-14
            -0.189E+01            -0.642E-14
            -0.187E+01            -0.126E-13
            -0.185E+01            -0.245E-13
            -0.183E+01            -0.473E-13
            -0.181E+01            -0.908E-13
            -0.179E+01            -0.173E-12
            -0.178E+01            -0.329E-12
            -0.176E+01            -0.619E-12
            -0.174E+01            -0.116E-11
            -0.172E+01            -0.215E-11
            -0.170E+01            -0.397E-11
            -0.168E+01            -0.729E-11
            -0.166E+01            -0.133E-10
            -0.165E+01            -0.240E-10
            -0.163E+01            -0.432E-10
            -0.161E+01            -0.773E-10
            -0.159E+01            -0.137E-09
            -0.157E+01            -0.242E-09
            -0.155E+01            -0.423E-09
            -0.154E+01            -0.737E-09
            -0.152E+01            -0.127E-08
            -0.150E+01            -0.219E-08
            -0.148E+01            -0.373E-08
            -0.146E+01            -0.631E-08
            -0.144E+01            -0.106E-07
            -0.143E+01            -0.178E-07
            -0.141E+01            -0.295E-07
            -0.139E+01            -0.486E-07
            -0.137E+01            -0.796E-07
            -0.135E+01            -0.130E-06
            -0.133E+01            -0.209E-06
            -0.132E+01            -0.336E-06
            -0.130E+01            -0.536E-06
            -0.128E+01            -0.848E-06
            -0.126E+01            -0.133E-05
            -0.124E+01            -0.208E-05
            -0.122E+01            -0.323E-05
            -0.120E+01            -0.498E-05
            -0.119E+01            -0.762E-05
            -0.117E+01            -0.116E-04
            -0.115E+01            -0.175E-04
            -0.113E+01            -0.262E-04
            -0.111E+01            -0.390E-04
            -0.109E+01            -0.577E-04
            -0.108E+01            -0.847E-04
            -0.106E+01            -0.123E-03
            -0.104E+01            -0.179E-03
            -0.102E+01            -0.257E-03
            -0.100E+01            -0.367E-03
            -0.984E+00            -0.521E-03
            -0.966E+00            -0.733E-03
            -0.947E+00            -0.102E-02
            -0.929E+00            -0.142E-02
            -0.911E+00            -0.196E-02
            -0.892E+00            -0.269E-02
            -0.874E+00            -0.365E-02
            -0.855E+00            -0.493E-02
            -0.837E+00            -0.660E-02
            -0.819E+00            -0.878E-02
            -0.800E+00            -0.116E-01
            -0.782E+00            -0.152E-01
            -0.763E+00            -0.198E-01
            -0.745E+00            -0.256E-01
            -0.727E+00            -0.328E-01
            -0.708E+00            -0.418E-01
            -0.690E+00            -0.529E-01
            -0.671E+00            -0.663E-01
            -0.653E+00            -0.826E-01
            -0.635E+00            -0.102E+00
            -0.616E+00            -0.125E+00
            -0.598E+00            -0.153E+00
            -0.580E+00            -0.184E+00
            -0.561E+00            -0.221E+00
            -0.543E+00            -0.263E+00
            -0.524E+00            -0.310E+00
            -0.506E+00            -0.364E+00
            -0.488E+00            -0.422E+00
            -0.469E+00            -0.487E+00
            -0.451E+00            -0.556E+00
            -0.432E+00            -0.630E+00
            -0.414E+00            -0.708E+00
            -0.396E+00            -0.789E+00
            -0.377E+00            -0.871E+00
            -0.359E+00            -0.954E+00
            -0.340E+00            -0.103E+01
            -0.322E+00            -0.111E+01
            -0.304E+00            -0.118E+01
            -0.285E+00            -0.124E+01
            -0.267E+00            -0.129E+01
            -0.248E+00            -0.133E+01
            -0.230E+00            -0.136E+01
            -0.212E+00            -0.136E+01
            -0.193E+00            -0.135E+01
            -0.175E+00            -0.132E+01
            -0.156E+00            -0.127E+01
            -0.138E+00            -0.119E+01
            -0.120E+00            -0.110E+01
            -0.101E+00            -0.983E+00
            -0.828E-01            -0.850E+00
            -0.644E-01            -0.701E+00
            -0.460E-01            -0.538E+00
            -0.276E-01            -0.365E+00
            -0.920E-02            -0.184E+00
             0.920E-02             0.143E-12
             0.276E-01             0.184E+00
             0.460E-01             0.365E+00
             0.644E-01             0.538E+00
             0.828E-01             0.701E+00
             0.101E+00             0.850E+00
             0.120E+00             0.983E+00
             0.138E+00             0.110E+01
             0.156E+00             0.119E+01
             0.175E+00             0.127E+01
             0.193E+00             0.132E+01
             0.212E+00             0.135E+01
             0.230E+00             0.136E+01
             0.248E+00             0.136E+01
             0.267E+00             0.133E+01
             0.285E+00             0.129E+01
             0.304E+00             0.124E+01
             0.322E+00             0.118E+01
             0.340E+00             0.111E+01
             0.359E+00             0.103E+01
             0.377E+00             0.954E+00
             0.396E+00             0.871E+00
             0.414E+00             0.789E+00
             0.432E+00             0.708E+00
             0.451E+00             0.630E+00
             0.469E+00             0.556E+00
             0.488E+00             0.487E+00
             0.506E+00             0.422E+00
             0.524E+00             0.364E+00
             0.543E+00             0.310E+00
             0.561E+00             0.263E+00
             0.580E+00             0.221E+00
             0.598E+00             0.184E+00
             0.616E+00             0.153E+00
             0.635E+00             0.125E+00
             0.653E+00             0.102E+00
             0.671E+00             0.826E-01
             0.690E+00             0.663E-01
             0.708E+00             0.529E-01
             0.727E+00             0.418E-01
             0.745E+00             0.328E-01
             0.763E+00             0.256E-01
             0.782E+00             0.198E-01
             0.800E+00             0.152E-01
             0.819E+00             0.116E-01
             0.837E+00             0.878E-02
             0.855E+00             0.660E-02
             0.874E+00             0.493E-02
             0.892E+00             0.365E-02
             0.911E+00             0.269E-02
             0.929E+00             0.196E-02
             0.947E+00             0.142E-02
             0.966E+00             0.102E-02
             0.984E+00             0.733E-03
             0.100E+01             0.521E-03
             0.102E+01             0.367E-03
             0.104E+01             0.257E-03
             0.106E+01             0.179E-03
             0.108E+01             0.123E-03
             0.109E+01             0.847E-04
             0.111E+01             0.577E-04
             0.113E+01             0.390E-04
             0.115E+01             0.262E-04
             0.117E+01             0.175E-04
             0.119E+01             0.116E-04
             0.120E+01             0.762E-05
             0.122E+01             0.498E-05
             0.124E+01             0.323E-05
             0.126E+01             0.208E-05
             0.128E+01             0.133E-05
             0.130E+01             0.848E-06
             0.132E+01             0.536E-06
             0.133E+01             0.336E-06
             0.135E+01             0.209E-06
             0.137E+01             0.130E-06
             0.139E+01             0.796E-07
             0.141E+01             0.486E-07
             0.143E+01             0.295E-07
             0.144E+01             0.178E-07
             0.146E+01             0.106E-07
             0.148E+01             0.631E-08
             0.150E+01             0.373E-08
             0.152E+01             0.219E-08
             0.154E+01             0.127E-08
             0.155E+01             0.737E-09
             0.157E+01             0.423E-09
             0.159E+01             0.242E-09
             0.161E+01             0.137E-09
             0.163E+01             0.773E-10
             0.165E+01             0.433E-10
             0.166E+01             0.240E-10
             0.168E+01             0.133E-10
             0.170E+01             0.729E-11
             0.172E+01             0.397E-11
             0.174E+01             0.215E-11
             0.176E+01             0.116E-11
             0.178E+01             0.623E-12
             0.179E+01             0.338E-12
             0.181E+01             0.184E-12
             0.183E+01             0.961E-13
             0.185E+01             0.526E-13
             0.187E+01             0.280E-13
             0.189E+01             0.158E-13
             0.190E+01             0.459E-14
             0.192E+01             0.358E-14
             0.194E+01             0.525E-15
             0.196E+01             0.975E-15
             0.198E+01             0.311E-14
             0.200E+01             0.957E-15
             0.201E+01             0.287E-14
             0.203E+01             0.115E-14
             0.205E+01            -0.908E-15
             0.207E+01            -0.159E-14
             0.209E+01            -0.118E-14
             0.211E+01            -0.183E-14
             0.212E+01            -0.382E-14
             0.214E+01            -0.346E-14
             0.216E+01            -0.818E-15
             0.218E+01            -0.293E-14
             0.220E+01            -0.117E-14
             0.222E+01            -0.260E-14
             0.224E+01            -0.211E-14
             0.225E+01             0.232E-14
             0.227E+01             0.109E-14
             0.229E+01             0.347E-14
             0.231E+01             0.165E-14
             0.233E+01            -0.708E-15
             0.235E+01             0.220E-14
             0.236E+01            -0.392E-14
             0.238E+01            -0.114E-14
             0.240E+01            -0.424E-14
             0.242E+01            -0.399E-15
             0.244E+01            -0.204E-14
             0.246E+01             0.844E-15
             0.247E+01            -0.186E-14
             0.249E+01             0.152E-14
             0.251E+01            -0.214E-15
             0.253E+01             0.421E-15
             0.255E+01            -0.206E-15
             0.257E+01            -0.186E-14
             0.258E+01             0.390E-15
             0.260E+01             0.126E-14
             0.262E+01             0.332E-14
             0.264E+01             0.255E-14
             0.266E+01            -0.258E-15
             0.268E+01            -0.163E-14
             0.270E+01            -0.859E-15
             0.271E+01            -0.243E-16
             0.273E+01            -0.325E-15
             0.275E+01             0.187E-14
             0.277E+01             0.263E-14
             0.279E+01            -0.204E-15
             0.281E+01             0.733E-15
             0.282E+01            -0.158E-14
             0.284E+01            -0.277E-15
             0.286E+01            -0.619E-15
             0.288E+01             0.801E-15
             0.290E+01             0.133E-14
             0.292E+01            -0.151E-14
             0.293E+01            -0.180E-14
             0.295E+01            -0.199E-14
             0.297E+01             0.678E-16
             0.299E+01            -0.123E-14
             0.301E+01             0.103E-15
             0.303E+01            -0.246E-14
             0.304E+01            -0.618E-15
             0.306E+01            -0.118E-14
             0.308E+01             0.161E-15
             0.310E+01             0.151E-15
             0.312E+01             0.627E-15
             0.314E+01             0.443E-15
             0.316E+01             0.167E-14
             0.317E+01            -0.103E-14
             0.319E+01            -0.342E-15
             0.321E+01            -0.475E-15
             0.323E+01            -0.174E-15
             0.325E+01            -0.406E-15
             0.327E+01             0.592E-15
             0.328E+01            -0.546E-15
             0.330E+01             0.801E-15
             0.332E+01            -0.218E-14
             0.334E+01            -0.220E-14
             0.336E+01            -0.145E-14
             0.338E+01            -0.117E-14
             0.339E+01             0.959E-15
             0.341E+01            -0.580E-15
             0.343E+01            -0.170E-15
             0.345E+01            -0.916E-15
             0.347E+01            -0.679E-15
             0.349E+01            -0.405E-15
             0.350E+01             0.888E-15
             0.352E+01             0.105E-14
             0.354E+01            -0.111E-14
             0.356E+01             0.265E-16
             0.358E+01             0.124E-15
             0.360E+01            -0.579E-15
             0.361E+01            -0.538E-16
             0.363E+01            -0.702E-15
             0.365E+01            -0.115E-14
             0.367E+01            -0.788E-16
             0.369E+01            -0.791E-15
             0.371E+01            -0.109E-14
             0.373E+01            -0.716E-16
             0.374E+01            -0.827E-15
             0.376E+01            -0.675E-15
             0.378E+01            -0.557E-15
             0.380E+01            -0.725E-15
             0.382E+01            -0.982E-15
             0.384E+01            -0.657E-15
             0.385E+01            -0.102E-14
             0.387E+01             0.186E-15
             0.389E+01             0.130E-14
             0.391E+01             0.629E-15
             0.393E+01             0.721E-15
             0.395E+01            -0.797E-15
             0.396E+01             0.194E-15
             0.398E+01            -0.122E-14
             0.400E+01            -0.326E-15
             0.402E+01             0.627E-15
             0.404E+01             0.171E-14
             0.406E+01             0.924E-15
             0.407E+01             0.112E-14
             0.409E+01             0.965E-15
             0.411E+01             0.543E-15
             0.413E+01            -0.424E-15
             0.415E+01            -0.111E-14
             0.417E+01            -0.761E-15
             0.419E+01             0.276E-15
             0.420E+01            -0.121E-15
             0.422E+01             0.527E-16
             0.424E+01            -0.329E-15
             0.426E+01            -0.731E-15
             0.428E+01             0.319E-15
             0.430E+01            -0.335E-16
             0.431E+01            -0.154E-14
             0.433E+01            -0.159E-15
             0.435E+01             0.149E-18
             0.437E+01             0.439E-15
             0.439E+01             0.294E-15
             0.441E+01             0.113E-14
             0.442E+01             0.700E-15
             0.444E+01             0.465E-15
             0.446E+01             0.970E-15
             0.448E+01            -0.351E-15
             0.450E+01             0.959E-15
             0.452E+01             0.674E-15
             0.453E+01             0.451E-15
             0.455E+01             0.166E-14
             0.457E+01             0.319E-15
             0.459E+01            -0.230E-15
             0.461E+01             0.437E-15
             0.463E+01             0.389E-15
             0.465E+01             0.149E-15
             0.466E+01            -0.312E-15
             0.468E+01             0.206E-15
             0.470E+01             0.387E-15
             0.472E+01             0.486E-15
             0.474E+01             0.664E-15
             0.476E+01            -0.241E-15
             0.477E+01             0.454E-15
             0.479E+01            -0.154E-14
             0.481E+01             0.424E-15
             0.483E+01             0.124E-15
             0.485E+01             0.106E-15
             0.487E+01            -0.235E-15
             0.488E+01            -0.723E-15
             0.490E+01             0.753E-15
             0.492E+01            -0.946E-15
             0.494E+01            -0.468E-15
             0.496E+01             0.262E-15
             0.498E+01             0.634E-15
             0.499E+01             0.136E-15
             0.501E+01            -0.253E-15
             0.503E+01             0.110E-14
             0.505E+01            -0.147E-14
             0.507E+01             0.165E-14
             0.509E+01            -0.737E-15
             0.511E+01             0.803E-15
             0.512E+01            -0.883E-15
             0.514E+01            -0.277E-15
             0.516E+01            -0.419E-15
             0.518E+01            -0.894E-15
             0.520E+01            -0.491E-15
             0.522E+01             0.688E-15
             0.523E+01             0.137E-14
             0.525E+01            -0.823E-15
             0.527E+01            -0.660E-15
             0.529E+01             0.286E-15
             0.531E+01            -0.123E-14
             0.533E+01             0.790E-15
             0.534E+01             0.169E-15
             0.536E+01             0.115E-14
             0.538E+01            -0.229E-15
             0.540E+01            -0.863E-15
             0.542E+01            -0.142E-14
             0.544E+01             0.166E-14
             0.545E+01            -0.122E-14
             0.547E+01             0.892E-15
             0.549E+01             0.830E-16
             0.551E+01            -0.149E-14
             0.553E+01             0.523E-15
             0.555E+01             0.481E-15
             0.557E+01            -0.780E-15
             0.558E+01             0.662E-15
             0.560E+01            -0.154E-14
             0.562E+01            -0.164E-14
             0.564E+01             0.616E-15
             0.566E+01            -0.744E-15
             0.568E+01             0.172E-15
             0.569E+01             0.218E-14
             0.571E+01            -0.166E-15
             0.573E+01            -0.101E-14
             0.575E+01             0.327E-15
             0.577E+01            -0.359E-14
             0.579E+01             0.236E-14
             0.580E+01            -0.259E-14
             0.582E+01             0.112E-14
             0.584E+01             0.355E-15
             0.586E+01            -0.388E-15
             0.588E+01            -0.253E-14
             0.590E+01             0.247E-16
             0.591E+01            -0.159E-14
             0.593E+01             0.796E-15
             0.595E+01            -0.497E-15
             0.597E+01             0.133E-14
             0.599E+01             0.797E-15
             0.601E+01             0.119E-14
             0.602E+01            -0.740E-15
             0.604E+01            -0.648E-15
             0.606E+01            -0.133E-14
             0.608E+01             0.165E-16
             0.610E+01             0.188E-16
             0.612E+01            -0.948E-15
             0.614E+01             0.907E-15
             0.615E+01            -0.756E-15
             0.617E+01             0.168E-14
             0.619E+01             0.209E-14
             0.621E+01            -0.597E-15
             0.623E+01            -0.501E-15
             0.625E+01             0.388E-15
             0.626E+01            -0.115E-14
             0.628E+01             0.190E-15
             0.630E+01             0.231E-15
             0.632E+01             0.342E-16
             0.634E+01            -0.597E-15
             0.636E+01             0.208E-15
             0.637E+01             0.311E-15
             0.639E+01             0.133E-14
             0.641E+01            -0.150E-14
             0.643E+01             0.143E-14
             0.645E+01            -0.565E-15
             0.647E+01             0.325E-15
             0.648E+01             0.550E-15
             0.650E+01            -0.168E-14
             0.652E+01            -0.677E-15
             0.654E+01             0.587E-15
             0.656E+01             0.979E-15
             0.658E+01            -0.121E-14
             0.660E+01            -0.177E-14
             0.661E+01            -0.179E-15
             0.663E+01            -0.109E-15
             0.665E+01            -0.534E-15
             0.667E+01             0.463E-15
             0.669E+01            -0.517E-15
             0.671E+01            -0.173E-14
             0.672E+01            -0.205E-14
             0.674E+01             0.158E-14
             0.676E+01             0.151E-14
             0.678E+01            -0.118E-14
             0.680E+01            -0.262E-16
             0.682E+01             0.120E-14
             0.683E+01            -0.969E-15
             0.685E+01            -0.144E-14
             0.687E+01             0.107E-14
             0.689E+01             0.216E-14
             0.691E+01             0.126E-15
             0.693E+01            -0.288E-14
             0.694E+01             0.435E-16
             0.696E+01             0.242E-14
             0.698E+01            -0.102E-14
             0.700E+01            -0.319E-14
