            -0.699E+01             0.202E-15
            -0.698E+01            -0.374E-15
            -0.697E+01             0.346E-16
            -0.697E+01            -0.137E-15
            -0.696E+01             0.231E-15
            -0.695E+01            -0.661E-15
            -0.694E+01             0.534E-15
            -0.693E+01            -0.342E-15
            -0.692E+01            -0.142E-15
            -0.691E+01            -0.333E-15
            -0.690E+01             0.611E-15
            -0.690E+01            -0.327E-15
            -0.689E+01             0.101E-14
            -0.688E+01            -0.395E-15
            -0.687E+01             0.371E-15
            -0.686E+01            -0.469E-15
            -0.685E+01             0.258E-15
            -0.684E+01            -0.347E-15
            -0.683E+01            -0.809E-16
            -0.683E+01            -0.240E-15
            -0.682E+01             0.485E-15
            -0.681E+01             0.397E-15
            -0.680E+01             0.279E-15
            -0.679E+01             0.118E-16
            -0.678E+01            -0.600E-16
            -0.677E+01             0.388E-16
            -0.676E+01             0.768E-15
            -0.676E+01            -0.232E-15
            -0.675E+01             0.258E-15
            -0.674E+01            -0.222E-15
            -0.673E+01             0.116E-14
            -0.672E+01            -0.349E-15
            -0.671E+01             0.610E-15
            -0.670E+01            -0.342E-15
            -0.669E+01            -0.585E-16
            -0.669E+01             0.108E-15
            -0.668E+01             0.354E-16
            -0.667E+01             0.743E-15
            -0.666E+01            -0.335E-15
            -0.665E+01             0.418E-15
            -0.664E+01            -0.723E-15
            -0.663E+01             0.988E-15
            -0.662E+01            -0.615E-15
            -0.662E+01             0.106E-14
            -0.661E+01            -0.597E-15
            -0.660E+01             0.309E-15
            -0.659E+01            -0.575E-15
            -0.658E+01             0.530E-15
            -0.657E+01            -0.663E-15
            -0.656E+01             0.336E-15
            -0.655E+01            -0.354E-15
            -0.655E+01            -0.190E-15
            -0.654E+01            -0.120E-15
            -0.653E+01             0.122E-15
            -0.652E+01             0.176E-15
            -0.651E+01            -0.260E-16
            -0.650E+01            -0.236E-15
            -0.649E+01            -0.273E-15
            -0.648E+01             0.512E-15
            -0.648E+01            -0.798E-17
            -0.647E+01             0.479E-16
            -0.646E+01            -0.682E-17
            -0.645E+01             0.452E-15
            -0.644E+01            -0.208E-15
            -0.643E+01             0.119E-15
            -0.642E+01            -0.128E-15
            -0.641E+01             0.809E-16
            -0.641E+01            -0.754E-16
            -0.640E+01             0.917E-16
            -0.639E+01            -0.108E-15
            -0.638E+01             0.477E-16
            -0.637E+01            -0.590E-17
            -0.636E+01             0.102E-15
            -0.635E+01            -0.701E-16
            -0.634E+01             0.294E-16
            -0.634E+01            -0.451E-16
            -0.633E+01             0.219E-16
            -0.632E+01            -0.199E-16
            -0.631E+01             0.180E-16
            -0.630E+01            -0.536E-17
            -0.629E+01             0.310E-17
            -0.628E+01            -0.166E-16
            -0.627E+01            -0.741E-18
            -0.627E+01            -0.556E-17
            -0.626E+01             0.790E-17
            -0.625E+01            -0.449E-17
            -0.624E+01             0.253E-17
            -0.623E+01            -0.203E-17
            -0.622E+01             0.767E-18
            -0.621E+01            -0.132E-17
            -0.620E+01             0.114E-17
            -0.620E+01            -0.396E-18
            -0.619E+01             0.539E-18
            -0.618E+01            -0.288E-18
            -0.617E+01             0.133E-18
            -0.616E+01            -0.558E-19
            -0.615E+01             0.547E-19
            -0.614E+01            -0.538E-19
            -0.613E+01             0.415E-19
            -0.613E+01            -0.396E-19
            -0.612E+01             0.331E-19
            -0.611E+01            -0.153E-19
            -0.610E+01             0.232E-19
            -0.609E+01            -0.383E-20
            -0.608E+01             0.190E-20
            -0.607E+01            -0.638E-20
            -0.606E+01             0.314E-20
            -0.606E+01             0.489E-21
            -0.605E+01             0.171E-20
            -0.604E+01            -0.518E-21
            -0.603E+01             0.647E-21
            -0.602E+01            -0.283E-21
            -0.601E+01             0.317E-21
            -0.600E+01            -0.134E-21
            -0.599E+01             0.261E-21
            -0.599E+01            -0.592E-22
            -0.598E+01             0.743E-22
            -0.597E+01            -0.564E-22
            -0.596E+01             0.791E-23
            -0.595E+01            -0.165E-22
            -0.594E+01             0.148E-22
            -0.593E+01             0.227E-24
            -0.592E+01             0.360E-23
            -0.592E+01            -0.458E-23
            -0.591E+01             0.242E-23
            -0.590E+01            -0.116E-23
            -0.589E+01            -0.127E-24
            -0.588E+01            -0.699E-24
            -0.587E+01             0.604E-24
            -0.586E+01            -0.566E-25
            -0.585E+01             0.925E-25
            -0.585E+01            -0.702E-25
            -0.584E+01             0.666E-25
            -0.583E+01            -0.474E-25
            -0.582E+01             0.199E-25
            -0.581E+01            -0.941E-26
            -0.580E+01             0.104E-25
            -0.579E+01            -0.427E-26
            -0.578E+01             0.172E-26
            -0.578E+01            -0.281E-26
            -0.577E+01             0.157E-26
            -0.576E+01            -0.914E-27
            -0.575E+01             0.472E-27
            -0.574E+01            -0.168E-27
            -0.573E+01             0.102E-27
            -0.572E+01            -0.118E-27
            -0.571E+01             0.653E-28
            -0.571E+01            -0.208E-28
            -0.570E+01             0.124E-28
            -0.569E+01            -0.150E-28
            -0.568E+01             0.104E-29
            -0.567E+01            -0.409E-29
            -0.566E+01             0.113E-29
            -0.565E+01            -0.345E-29
            -0.564E+01             0.175E-29
            -0.564E+01             0.188E-30
            -0.563E+01             0.280E-29
            -0.562E+01            -0.358E-29
            -0.561E+01             0.897E-30
            -0.560E+01            -0.267E-29
            -0.559E+01             0.245E-29
            -0.558E+01            -0.160E-29
            -0.557E+01             0.106E-29
            -0.557E+01            -0.171E-29
            -0.556E+01             0.207E-29
            -0.555E+01             0.115E-30
            -0.554E+01            -0.192E-30
            -0.553E+01             0.693E-30
            -0.552E+01            -0.172E-29
            -0.551E+01            -0.491E-30
            -0.550E+01            -0.649E-30
            -0.550E+01             0.136E-30
            -0.549E+01            -0.148E-29
            -0.548E+01             0.449E-30
            -0.547E+01            -0.278E-29
            -0.546E+01            -0.184E-30
            -0.545E+01            -0.142E-29
            -0.544E+01             0.216E-30
            -0.543E+01            -0.621E-30
            -0.543E+01             0.260E-30
            -0.542E+01             0.650E-30
            -0.541E+01             0.724E-30
            -0.540E+01            -0.432E-32
            -0.539E+01             0.788E-30
            -0.538E+01            -0.820E-30
            -0.537E+01             0.121E-29
            -0.536E+01             0.665E-31
            -0.536E+01             0.119E-29
            -0.535E+01            -0.908E-30
            -0.534E+01             0.265E-30
            -0.533E+01            -0.145E-29
            -0.532E+01            -0.128E-29
            -0.531E+01             0.375E-32
            -0.530E+01            -0.502E-30
            -0.529E+01            -0.224E-29
            -0.529E+01             0.352E-30
            -0.528E+01             0.578E-30
            -0.527E+01            -0.322E-31
            -0.526E+01            -0.144E-29
            -0.525E+01            -0.131E-29
            -0.524E+01             0.642E-30
            -0.523E+01            -0.119E-29
            -0.522E+01            -0.319E-29
            -0.522E+01            -0.816E-30
            -0.521E+01            -0.242E-30
            -0.520E+01            -0.185E-29
            -0.519E+01            -0.962E-30
            -0.518E+01             0.205E-30
            -0.517E+01            -0.136E-29
            -0.516E+01             0.370E-30
            -0.515E+01            -0.611E-30
            -0.515E+01             0.192E-29
            -0.514E+01             0.829E-30
            -0.513E+01             0.953E-30
            -0.512E+01             0.955E-31
            -0.511E+01             0.239E-29
            -0.510E+01            -0.769E-30
            -0.509E+01             0.830E-31
            -0.508E+01            -0.130E-29
            -0.508E+01             0.866E-30
            -0.507E+01             0.323E-30
            -0.506E+01             0.497E-30
            -0.505E+01            -0.161E-29
            -0.504E+01            -0.193E-29
            -0.503E+01            -0.272E-30
            -0.502E+01            -0.617E-30
            -0.501E+01            -0.101E-29
            -0.501E+01            -0.134E-29
            -0.500E+01            -0.635E-30
            -0.499E+01             0.241E-30
            -0.498E+01            -0.472E-30
            -0.497E+01             0.589E-30
            -0.496E+01            -0.926E-30
            -0.495E+01             0.152E-29
            -0.495E+01             0.730E-30
            -0.494E+01             0.431E-30
            -0.493E+01             0.619E-30
            -0.492E+01             0.976E-30
            -0.491E+01             0.391E-30
            -0.490E+01            -0.306E-30
            -0.489E+01            -0.679E-30
            -0.488E+01            -0.179E-30
            -0.488E+01             0.550E-30
            -0.487E+01            -0.238E-29
            -0.486E+01            -0.821E-30
            -0.485E+01            -0.109E-29
            -0.484E+01             0.930E-30
            -0.483E+01            -0.135E-29
            -0.482E+01             0.249E-30
            -0.481E+01            -0.121E-30
            -0.481E+01             0.203E-29
            -0.480E+01            -0.491E-30
            -0.479E+01             0.102E-29
            -0.478E+01             0.883E-30
            -0.477E+01             0.487E-30
            -0.476E+01            -0.152E-30
            -0.475E+01            -0.306E-30
            -0.474E+01            -0.113E-29
            -0.474E+01            -0.274E-31
            -0.473E+01            -0.577E-30
            -0.472E+01            -0.557E-30
            -0.471E+01             0.729E-33
            -0.470E+01             0.218E-29
            -0.469E+01             0.184E-29
            -0.468E+01             0.855E-30
            -0.467E+01             0.127E-29
            -0.467E+01             0.106E-30
            -0.466E+01             0.898E-30
            -0.465E+01            -0.366E-30
            -0.464E+01             0.887E-31
            -0.463E+01             0.693E-30
            -0.462E+01             0.649E-30
            -0.461E+01            -0.227E-30
            -0.460E+01            -0.462E-30
            -0.460E+01             0.305E-30
            -0.459E+01             0.634E-30
            -0.458E+01            -0.412E-30
            -0.457E+01             0.229E-29
            -0.456E+01             0.961E-30
            -0.455E+01             0.189E-29
            -0.454E+01             0.197E-29
            -0.453E+01             0.347E-30
            -0.453E+01             0.151E-29
            -0.452E+01             0.304E-30
            -0.451E+01            -0.348E-30
            -0.450E+01            -0.169E-29
            -0.449E+01            -0.477E-30
            -0.448E+01            -0.182E-29
            -0.447E+01             0.765E-30
            -0.446E+01             0.358E-30
            -0.446E+01             0.148E-29
            -0.445E+01             0.138E-29
            -0.444E+01             0.102E-29
            -0.443E+01             0.106E-29
            -0.442E+01            -0.449E-30
            -0.441E+01             0.119E-29
            -0.440E+01             0.774E-30
            -0.439E+01             0.118E-29
            -0.439E+01             0.228E-29
            -0.438E+01             0.564E-30
            -0.437E+01            -0.370E-30
            -0.436E+01             0.768E-32
            -0.435E+01             0.188E-30
            -0.434E+01            -0.370E-31
            -0.433E+01             0.108E-29
            -0.432E+01             0.141E-29
            -0.432E+01            -0.569E-30
            -0.431E+01             0.758E-30
            -0.430E+01            -0.350E-30
            -0.429E+01            -0.354E-30
            -0.428E+01            -0.743E-30
            -0.427E+01             0.211E-29
            -0.426E+01            -0.127E-29
            -0.425E+01             0.821E-31
            -0.425E+01             0.340E-30
            -0.424E+01             0.827E-30
            -0.423E+01            -0.698E-30
            -0.422E+01            -0.660E-30
            -0.421E+01            -0.127E-29
            -0.420E+01            -0.337E-29
            -0.419E+01            -0.843E-30
            -0.418E+01            -0.237E-29
            -0.418E+01            -0.939E-30
            -0.417E+01             0.736E-30
            -0.416E+01             0.113E-29
            -0.415E+01             0.388E-30
            -0.414E+01             0.333E-30
            -0.413E+01             0.711E-30
            -0.412E+01            -0.429E-30
            -0.411E+01            -0.451E-31
            -0.411E+01            -0.103E-29
            -0.410E+01            -0.142E-30
            -0.409E+01            -0.160E-29
            -0.408E+01            -0.735E-30
            -0.407E+01             0.250E-30
            -0.406E+01             0.116E-29
            -0.405E+01             0.691E-31
            -0.404E+01            -0.772E-31
            -0.404E+01             0.217E-30
            -0.403E+01             0.181E-29
            -0.402E+01             0.377E-29
            -0.401E+01             0.715E-30
            -0.400E+01             0.162E-29
            -0.399E+01            -0.123E-29
            -0.398E+01            -0.133E-29
            -0.397E+01            -0.121E-29
            -0.397E+01             0.102E-30
            -0.396E+01            -0.211E-29
            -0.395E+01            -0.107E-29
            -0.394E+01             0.289E-30
            -0.393E+01            -0.336E-30
            -0.392E+01            -0.720E-30
            -0.391E+01             0.154E-29
            -0.390E+01             0.199E-29
            -0.390E+01             0.471E-30
            -0.389E+01            -0.771E-30
            -0.388E+01            -0.836E-30
            -0.387E+01             0.832E-30
            -0.386E+01             0.175E-29
            -0.385E+01             0.183E-29
            -0.384E+01             0.575E-30
            -0.383E+01             0.203E-29
            -0.383E+01            -0.297E-30
            -0.382E+01             0.132E-30
            -0.381E+01             0.314E-31
            -0.380E+01             0.392E-29
            -0.379E+01            -0.394E-30
            -0.378E+01            -0.269E-29
            -0.377E+01            -0.169E-29
            -0.376E+01             0.820E-30
            -0.376E+01            -0.194E-29
            -0.375E+01             0.350E-30
            -0.374E+01             0.172E-29
            -0.373E+01             0.149E-29
            -0.372E+01             0.403E-29
            -0.371E+01             0.165E-29
            -0.370E+01            -0.529E-30
            -0.369E+01            -0.285E-29
            -0.369E+01            -0.349E-29
            -0.368E+01            -0.919E-30
            -0.367E+01             0.870E-30
            -0.366E+01            -0.658E-30
            -0.365E+01             0.118E-29
            -0.364E+01            -0.642E-30
            -0.363E+01            -0.107E-29
            -0.362E+01             0.279E-30
            -0.362E+01            -0.208E-30
            -0.361E+01            -0.361E-30
            -0.360E+01             0.492E-30
            -0.359E+01             0.157E-30
            -0.358E+01            -0.485E-30
            -0.357E+01             0.101E-29
            -0.356E+01             0.284E-30
            -0.355E+01             0.449E-30
            -0.355E+01            -0.185E-29
            -0.354E+01            -0.181E-29
            -0.353E+01            -0.272E-29
            -0.352E+01            -0.869E-30
            -0.351E+01            -0.970E-30
            -0.350E+01            -0.265E-29
            -0.349E+01             0.122E-30
            -0.348E+01            -0.256E-30
            -0.348E+01             0.647E-30
            -0.347E+01            -0.568E-31
            -0.346E+01             0.159E-30
            -0.345E+01            -0.130E-29
            -0.344E+01            -0.119E-29
            -0.343E+01            -0.133E-29
            -0.342E+01            -0.285E-29
            -0.341E+01            -0.191E-29
            -0.341E+01            -0.100E-30
            -0.340E+01            -0.868E-30
            -0.339E+01             0.233E-29
            -0.338E+01             0.115E-29
            -0.337E+01            -0.183E-29
            -0.336E+01             0.104E-29
            -0.335E+01             0.740E-30
            -0.334E+01             0.252E-29
            -0.334E+01             0.367E-29
            -0.333E+01             0.235E-29
            -0.332E+01             0.283E-30
            -0.331E+01            -0.322E-31
            -0.330E+01            -0.108E-30
            -0.329E+01             0.351E-30
            -0.328E+01            -0.576E-30
            -0.327E+01            -0.194E-29
            -0.327E+01             0.443E-30
            -0.326E+01            -0.150E-29
            -0.325E+01            -0.354E-31
            -0.324E+01            -0.322E-29
            -0.323E+01            -0.233E-29
            -0.322E+01             0.306E-30
            -0.321E+01            -0.143E-29
            -0.320E+01             0.614E-30
            -0.320E+01            -0.409E-30
            -0.319E+01            -0.202E-29
            -0.318E+01             0.120E-29
            -0.317E+01            -0.527E-30
            -0.316E+01             0.251E-30
            -0.315E+01             0.260E-29
            -0.314E+01             0.150E-29
            -0.313E+01             0.258E-29
            -0.313E+01             0.192E-30
            -0.312E+01             0.194E-29
            -0.311E+01            -0.102E-29
            -0.310E+01            -0.191E-29
            -0.309E+01            -0.760E-30
            -0.308E+01             0.202E-29
            -0.307E+01            -0.527E-30
            -0.306E+01            -0.142E-29
            -0.306E+01            -0.890E-30
            -0.305E+01             0.428E-30
            -0.304E+01             0.676E-31
            -0.303E+01            -0.874E-30
            -0.302E+01             0.128E-29
            -0.301E+01             0.417E-29
            -0.300E+01             0.462E-30
            -0.300E+01            -0.578E-30
            -0.299E+01            -0.427E-30
            -0.298E+01             0.682E-30
            -0.297E+01            -0.542E-30
            -0.296E+01            -0.765E-30
            -0.295E+01             0.725E-30
            -0.294E+01             0.118E-31
            -0.293E+01             0.863E-31
            -0.293E+01             0.426E-30
            -0.292E+01             0.211E-30
            -0.291E+01             0.399E-30
            -0.290E+01            -0.296E-29
            -0.289E+01            -0.272E-30
            -0.288E+01            -0.324E-29
            -0.287E+01            -0.254E-29
            -0.286E+01            -0.125E-29
            -0.286E+01             0.280E-31
            -0.285E+01            -0.637E-31
            -0.284E+01            -0.499E-30
            -0.283E+01             0.830E-30
            -0.282E+01             0.197E-29
            -0.281E+01             0.208E-29
            -0.280E+01             0.155E-29
            -0.279E+01             0.259E-29
            -0.279E+01             0.236E-29
            -0.278E+01             0.225E-29
            -0.277E+01             0.232E-29
            -0.276E+01             0.237E-29
            -0.275E+01             0.438E-30
            -0.274E+01             0.297E-30
            -0.273E+01             0.159E-29
            -0.272E+01            -0.311E-29
            -0.272E+01            -0.297E-29
            -0.271E+01            -0.674E-29
            -0.270E+01            -0.993E-29
            -0.269E+01            -0.162E-28
            -0.268E+01            -0.215E-28
            -0.267E+01            -0.362E-28
            -0.266E+01            -0.554E-28
            -0.265E+01            -0.855E-28
            -0.265E+01            -0.134E-27
            -0.264E+01            -0.206E-27
            -0.263E+01            -0.325E-27
            -0.262E+01            -0.514E-27
            -0.261E+01            -0.804E-27
            -0.260E+01            -0.126E-26
            -0.259E+01            -0.196E-26
            -0.258E+01            -0.305E-26
            -0.258E+01            -0.474E-26
            -0.257E+01            -0.736E-26
            -0.256E+01            -0.114E-25
            -0.255E+01            -0.177E-25
            -0.254E+01            -0.273E-25
            -0.253E+01            -0.422E-25
            -0.252E+01            -0.650E-25
            -0.251E+01            -0.100E-24
            -0.251E+01            -0.154E-24
            -0.250E+01            -0.236E-24
            -0.249E+01            -0.361E-24
            -0.248E+01            -0.552E-24
            -0.247E+01            -0.844E-24
            -0.246E+01            -0.129E-23
            -0.245E+01            -0.196E-23
            -0.244E+01            -0.298E-23
            -0.244E+01            -0.452E-23
            -0.243E+01            -0.685E-23
            -0.242E+01            -0.104E-22
            -0.241E+01            -0.157E-22
            -0.240E+01            -0.236E-22
            -0.239E+01            -0.356E-22
            -0.238E+01            -0.535E-22
            -0.237E+01            -0.804E-22
            -0.237E+01            -0.121E-21
            -0.236E+01            -0.181E-21
            -0.235E+01            -0.270E-21
            -0.234E+01            -0.403E-21
            -0.233E+01            -0.600E-21
            -0.232E+01            -0.894E-21
            -0.231E+01            -0.133E-20
            -0.230E+01            -0.197E-20
            -0.230E+01            -0.292E-20
            -0.229E+01            -0.432E-20
            -0.228E+01            -0.637E-20
            -0.227E+01            -0.940E-20
            -0.226E+01            -0.138E-19
            -0.225E+01            -0.203E-19
            -0.224E+01            -0.299E-19
            -0.223E+01            -0.438E-19
            -0.223E+01            -0.640E-19
            -0.222E+01            -0.935E-19
            -0.221E+01            -0.136E-18
            -0.220E+01            -0.199E-18
            -0.219E+01            -0.289E-18
            -0.218E+01            -0.420E-18
            -0.217E+01            -0.609E-18
            -0.216E+01            -0.881E-18
            -0.216E+01            -0.127E-17
            -0.215E+01            -0.184E-17
            -0.214E+01            -0.265E-17
            -0.213E+01            -0.381E-17
            -0.212E+01            -0.547E-17
            -0.211E+01            -0.785E-17
            -0.210E+01            -0.112E-16
            -0.209E+01            -0.161E-16
            -0.209E+01            -0.230E-16
            -0.208E+01            -0.327E-16
            -0.207E+01            -0.466E-16
            -0.206E+01            -0.662E-16
            -0.205E+01            -0.939E-16
            -0.204E+01            -0.133E-15
            -0.203E+01            -0.188E-15
            -0.202E+01            -0.266E-15
            -0.202E+01            -0.375E-15
            -0.201E+01            -0.528E-15
            -0.200E+01            -0.742E-15
            -0.199E+01            -0.104E-14
            -0.198E+01            -0.146E-14
            -0.197E+01            -0.204E-14
            -0.196E+01            -0.286E-14
            -0.195E+01            -0.398E-14
            -0.195E+01            -0.555E-14
            -0.194E+01            -0.772E-14
            -0.193E+01            -0.107E-13
            -0.192E+01            -0.149E-13
            -0.191E+01            -0.206E-13
            -0.190E+01            -0.284E-13
            -0.189E+01            -0.392E-13
            -0.188E+01            -0.540E-13
            -0.188E+01            -0.743E-13
            -0.187E+01            -0.102E-12
            -0.186E+01            -0.140E-12
            -0.185E+01            -0.192E-12
            -0.184E+01            -0.262E-12
            -0.183E+01            -0.358E-12
            -0.182E+01            -0.488E-12
            -0.181E+01            -0.664E-12
            -0.181E+01            -0.902E-12
            -0.180E+01            -0.122E-11
            -0.179E+01            -0.166E-11
            -0.178E+01            -0.224E-11
            -0.177E+01            -0.303E-11
            -0.176E+01            -0.408E-11
            -0.175E+01            -0.549E-11
            -0.174E+01            -0.738E-11
            -0.174E+01            -0.990E-11
            -0.173E+01            -0.133E-10
            -0.172E+01            -0.177E-10
            -0.171E+01            -0.237E-10
            -0.170E+01            -0.316E-10
            -0.169E+01            -0.421E-10
            -0.168E+01            -0.559E-10
            -0.167E+01            -0.742E-10
            -0.167E+01            -0.983E-10
            -0.166E+01            -0.130E-09
            -0.165E+01            -0.172E-09
            -0.164E+01            -0.227E-09
            -0.163E+01            -0.298E-09
            -0.162E+01            -0.392E-09
            -0.161E+01            -0.515E-09
            -0.160E+01            -0.675E-09
            -0.160E+01            -0.883E-09
            -0.159E+01            -0.115E-08
            -0.158E+01            -0.151E-08
            -0.157E+01            -0.196E-08
            -0.156E+01            -0.255E-08
            -0.155E+01            -0.331E-08
            -0.154E+01            -0.429E-08
            -0.153E+01            -0.555E-08
            -0.153E+01            -0.717E-08
            -0.152E+01            -0.925E-08
            -0.151E+01            -0.119E-07
            -0.150E+01            -0.153E-07
            -0.149E+01            -0.197E-07
            -0.148E+01            -0.252E-07
            -0.147E+01            -0.323E-07
            -0.146E+01            -0.413E-07
            -0.146E+01            -0.526E-07
            -0.145E+01            -0.670E-07
            -0.144E+01            -0.853E-07
            -0.143E+01            -0.108E-06
            -0.142E+01            -0.137E-06
            -0.141E+01            -0.174E-06
            -0.140E+01            -0.219E-06
            -0.139E+01            -0.277E-06
            -0.139E+01            -0.349E-06
            -0.138E+01            -0.439E-06
            -0.137E+01            -0.551E-06
            -0.136E+01            -0.690E-06
            -0.135E+01            -0.864E-06
            -0.134E+01            -0.108E-05
            -0.133E+01            -0.135E-05
            -0.132E+01            -0.168E-05
            -0.132E+01            -0.209E-05
            -0.131E+01            -0.259E-05
            -0.130E+01            -0.321E-05
            -0.129E+01            -0.397E-05
            -0.128E+01            -0.491E-05
            -0.127E+01            -0.605E-05
            -0.126E+01            -0.746E-05
            -0.125E+01            -0.917E-05
            -0.125E+01            -0.113E-04
            -0.124E+01            -0.138E-04
            -0.123E+01            -0.169E-04
            -0.122E+01            -0.206E-04
            -0.121E+01            -0.251E-04
            -0.120E+01            -0.306E-04
            -0.119E+01            -0.372E-04
            -0.118E+01            -0.452E-04
            -0.118E+01            -0.547E-04
            -0.117E+01            -0.662E-04
            -0.116E+01            -0.799E-04
            -0.115E+01            -0.964E-04
            -0.114E+01            -0.116E-03
            -0.113E+01            -0.139E-03
            -0.112E+01            -0.167E-03
            -0.111E+01            -0.200E-03
            -0.111E+01            -0.240E-03
            -0.110E+01            -0.286E-03
            -0.109E+01            -0.341E-03
            -0.108E+01            -0.405E-03
            -0.107E+01            -0.482E-03
            -0.106E+01            -0.571E-03
            -0.105E+01            -0.676E-03
            -0.104E+01            -0.799E-03
            -0.104E+01            -0.943E-03
            -0.103E+01            -0.111E-02
            -0.102E+01            -0.131E-02
            -0.101E+01            -0.153E-02
            -0.100E+01            -0.180E-02
            -0.993E+00            -0.210E-02
            -0.984E+00            -0.246E-02
            -0.975E+00            -0.287E-02
            -0.966E+00            -0.334E-02
            -0.958E+00            -0.388E-02
            -0.949E+00            -0.450E-02
            -0.940E+00            -0.521E-02
            -0.931E+00            -0.602E-02
            -0.923E+00            -0.695E-02
            -0.914E+00            -0.801E-02
            -0.905E+00            -0.922E-02
            -0.896E+00            -0.106E-01
            -0.888E+00            -0.121E-01
            -0.879E+00            -0.139E-01
            -0.870E+00            -0.159E-01
            -0.861E+00            -0.181E-01
            -0.853E+00            -0.206E-01
            -0.844E+00            -0.234E-01
            -0.835E+00            -0.265E-01
            -0.826E+00            -0.301E-01
            -0.818E+00            -0.340E-01
            -0.809E+00            -0.383E-01
            -0.800E+00            -0.432E-01
            -0.791E+00            -0.485E-01
            -0.783E+00            -0.545E-01
            -0.774E+00            -0.610E-01
            -0.765E+00            -0.682E-01
            -0.756E+00            -0.762E-01
            -0.748E+00            -0.849E-01
            -0.739E+00            -0.944E-01
            -0.730E+00            -0.105E+00
            -0.721E+00            -0.116E+00
            -0.713E+00            -0.128E+00
            -0.704E+00            -0.142E+00
            -0.695E+00            -0.156E+00
            -0.686E+00            -0.172E+00
            -0.678E+00            -0.188E+00
            -0.669E+00            -0.207E+00
            -0.660E+00            -0.226E+00
            -0.651E+00            -0.246E+00
            -0.643E+00            -0.268E+00
            -0.634E+00            -0.292E+00
            -0.625E+00            -0.317E+00
            -0.616E+00            -0.343E+00
            -0.608E+00            -0.370E+00
            -0.599E+00            -0.399E+00
            -0.590E+00            -0.430E+00
            -0.582E+00            -0.462E+00
            -0.573E+00            -0.495E+00
            -0.564E+00            -0.529E+00
            -0.555E+00            -0.564E+00
            -0.547E+00            -0.601E+00
            -0.538E+00            -0.639E+00
            -0.529E+00            -0.677E+00
            -0.520E+00            -0.716E+00
            -0.512E+00            -0.756E+00
            -0.503E+00            -0.796E+00
            -0.494E+00            -0.837E+00
            -0.485E+00            -0.877E+00
            -0.477E+00            -0.917E+00
            -0.468E+00            -0.956E+00
            -0.459E+00            -0.995E+00
            -0.450E+00            -0.103E+01
            -0.442E+00            -0.107E+01
            -0.433E+00            -0.110E+01
            -0.424E+00            -0.114E+01
            -0.415E+00            -0.117E+01
            -0.407E+00            -0.119E+01
            -0.398E+00            -0.122E+01
            -0.389E+00            -0.124E+01
            -0.380E+00            -0.126E+01
            -0.372E+00            -0.127E+01
            -0.363E+00            -0.128E+01
            -0.354E+00            -0.129E+01
            -0.345E+00            -0.129E+01
            -0.337E+00            -0.128E+01
            -0.328E+00            -0.127E+01
            -0.319E+00            -0.126E+01
            -0.310E+00            -0.124E+01
            -0.302E+00            -0.121E+01
            -0.293E+00            -0.118E+01
            -0.284E+00            -0.114E+01
            -0.275E+00            -0.109E+01
            -0.267E+00            -0.105E+01
            -0.258E+00            -0.990E+00
            -0.249E+00            -0.929E+00
            -0.240E+00            -0.863E+00
            -0.232E+00            -0.792E+00
            -0.223E+00            -0.716E+00
            -0.214E+00            -0.635E+00
            -0.205E+00            -0.551E+00
            -0.197E+00            -0.464E+00
            -0.188E+00            -0.373E+00
            -0.179E+00            -0.280E+00
            -0.171E+00            -0.185E+00
            -0.162E+00            -0.892E-01
            -0.153E+00             0.755E-02
            -0.144E+00             0.104E+00
            -0.136E+00             0.200E+00
            -0.127E+00             0.295E+00
            -0.118E+00             0.387E+00
            -0.109E+00             0.477E+00
            -0.101E+00             0.563E+00
            -0.918E-01             0.645E+00
            -0.831E-01             0.722E+00
            -0.743E-01             0.794E+00
            -0.656E-01             0.860E+00
            -0.568E-01             0.920E+00
            -0.481E-01             0.973E+00
            -0.394E-01             0.102E+01
            -0.306E-01             0.106E+01
            -0.219E-01             0.109E+01
            -0.131E-01             0.111E+01
            -0.437E-02             0.112E+01
             0.437E-02             0.112E+01
             0.131E-01             0.112E+01
             0.219E-01             0.111E+01
             0.306E-01             0.109E+01
             0.394E-01             0.106E+01
             0.481E-01             0.102E+01
             0.568E-01             0.973E+00
             0.656E-01             0.920E+00
             0.743E-01             0.860E+00
             0.831E-01             0.794E+00
             0.918E-01             0.722E+00
             0.101E+00             0.645E+00
             0.109E+00             0.563E+00
             0.118E+00             0.477E+00
             0.127E+00             0.387E+00
             0.136E+00             0.295E+00
             0.144E+00             0.200E+00
             0.153E+00             0.104E+00
             0.162E+00             0.755E-02
             0.171E+00            -0.892E-01
             0.179E+00            -0.185E+00
             0.188E+00            -0.280E+00
             0.197E+00            -0.373E+00
             0.205E+00            -0.464E+00
             0.214E+00            -0.551E+00
             0.223E+00            -0.635E+00
             0.232E+00            -0.716E+00
             0.240E+00            -0.792E+00
             0.249E+00            -0.863E+00
             0.258E+00            -0.929E+00
             0.267E+00            -0.990E+00
             0.275E+00            -0.105E+01
             0.284E+00            -0.109E+01
             0.293E+00            -0.114E+01
             0.302E+00            -0.118E+01
             0.310E+00            -0.121E+01
             0.319E+00            -0.124E+01
             0.328E+00            -0.126E+01
             0.337E+00            -0.127E+01
             0.345E+00            -0.128E+01
             0.354E+00            -0.129E+01
             0.363E+00            -0.129E+01
             0.372E+00            -0.128E+01
             0.380E+00            -0.127E+01
             0.389E+00            -0.126E+01
             0.398E+00            -0.124E+01
             0.407E+00            -0.122E+01
             0.415E+00            -0.119E+01
             0.424E+00            -0.117E+01
             0.433E+00            -0.114E+01
             0.442E+00            -0.110E+01
             0.450E+00            -0.107E+01
             0.459E+00            -0.103E+01
             0.468E+00            -0.995E+00
             0.477E+00            -0.956E+00
             0.485E+00            -0.917E+00
             0.494E+00            -0.877E+00
             0.503E+00            -0.837E+00
             0.512E+00            -0.796E+00
             0.520E+00            -0.756E+00
             0.529E+00            -0.716E+00
             0.538E+00            -0.677E+00
             0.547E+00            -0.639E+00
             0.555E+00            -0.601E+00
             0.564E+00            -0.564E+00
             0.573E+00            -0.529E+00
             0.582E+00            -0.495E+00
             0.590E+00            -0.462E+00
             0.599E+00            -0.430E+00
             0.608E+00            -0.399E+00
             0.616E+00            -0.370E+00
             0.625E+00            -0.343E+00
             0.634E+00            -0.317E+00
             0.643E+00            -0.292E+00
             0.651E+00            -0.268E+00
             0.660E+00            -0.246E+00
             0.669E+00            -0.226E+00
             0.678E+00            -0.207E+00
             0.686E+00            -0.188E+00
             0.695E+00            -0.172E+00
             0.704E+00            -0.156E+00
             0.713E+00            -0.142E+00
             0.721E+00            -0.128E+00
             0.730E+00            -0.116E+00
             0.739E+00            -0.105E+00
             0.748E+00            -0.944E-01
             0.756E+00            -0.849E-01
             0.765E+00            -0.762E-01
             0.774E+00            -0.682E-01
             0.783E+00            -0.610E-01
             0.791E+00            -0.545E-01
             0.800E+00            -0.485E-01
             0.809E+00            -0.432E-01
             0.818E+00            -0.383E-01
             0.826E+00            -0.340E-01
             0.835E+00            -0.301E-01
             0.844E+00            -0.265E-01
             0.853E+00            -0.234E-01
             0.861E+00            -0.206E-01
             0.870E+00            -0.181E-01
             0.879E+00            -0.159E-01
             0.888E+00            -0.139E-01
             0.896E+00            -0.121E-01
             0.905E+00            -0.106E-01
             0.914E+00            -0.922E-02
             0.923E+00            -0.801E-02
             0.931E+00            -0.695E-02
             0.940E+00            -0.602E-02
             0.949E+00            -0.521E-02
             0.958E+00            -0.450E-02
             0.966E+00            -0.388E-02
             0.975E+00            -0.334E-02
             0.984E+00            -0.287E-02
             0.993E+00            -0.246E-02
             0.100E+01            -0.210E-02
             0.101E+01            -0.180E-02
             0.102E+01            -0.153E-02
             0.103E+01            -0.131E-02
             0.104E+01            -0.111E-02
             0.104E+01            -0.943E-03
             0.105E+01            -0.799E-03
             0.106E+01            -0.676E-03
             0.107E+01            -0.571E-03
             0.108E+01            -0.482E-03
             0.109E+01            -0.405E-03
             0.110E+01            -0.341E-03
             0.111E+01            -0.286E-03
             0.111E+01            -0.240E-03
             0.112E+01            -0.200E-03
             0.113E+01            -0.167E-03
             0.114E+01            -0.139E-03
             0.115E+01            -0.116E-03
             0.116E+01            -0.964E-04
             0.117E+01            -0.799E-04
             0.118E+01            -0.662E-04
             0.118E+01            -0.547E-04
             0.119E+01            -0.452E-04
             0.120E+01            -0.372E-04
             0.121E+01            -0.306E-04
             0.122E+01            -0.251E-04
             0.123E+01            -0.206E-04
             0.124E+01            -0.169E-04
             0.125E+01            -0.138E-04
             0.125E+01            -0.113E-04
             0.126E+01            -0.917E-05
             0.127E+01            -0.746E-05
             0.128E+01            -0.605E-05
             0.129E+01            -0.491E-05
             0.130E+01            -0.397E-05
             0.131E+01            -0.321E-05
             0.132E+01            -0.259E-05
             0.132E+01            -0.209E-05
             0.133E+01            -0.168E-05
             0.134E+01            -0.135E-05
             0.135E+01            -0.108E-05
             0.136E+01            -0.864E-06
             0.137E+01            -0.690E-06
             0.138E+01            -0.551E-06
             0.139E+01            -0.439E-06
             0.139E+01            -0.349E-06
             0.140E+01            -0.277E-06
             0.141E+01            -0.219E-06
             0.142E+01            -0.174E-06
             0.143E+01            -0.137E-06
             0.144E+01            -0.108E-06
             0.145E+01            -0.853E-07
             0.146E+01            -0.670E-07
             0.146E+01            -0.526E-07
             0.147E+01            -0.413E-07
             0.148E+01            -0.323E-07
             0.149E+01            -0.252E-07
             0.150E+01            -0.197E-07
             0.151E+01            -0.153E-07
             0.152E+01            -0.119E-07
             0.153E+01            -0.925E-08
             0.153E+01            -0.717E-08
             0.154E+01            -0.555E-08
             0.155E+01            -0.429E-08
             0.156E+01            -0.331E-08
             0.157E+01            -0.255E-08
             0.158E+01            -0.196E-08
             0.159E+01            -0.151E-08
             0.160E+01            -0.115E-08
             0.160E+01            -0.883E-09
             0.161E+01            -0.675E-09
             0.162E+01            -0.515E-09
             0.163E+01            -0.392E-09
             0.164E+01            -0.298E-09
             0.165E+01            -0.227E-09
             0.166E+01            -0.172E-09
             0.167E+01            -0.130E-09
             0.167E+01            -0.984E-10
             0.168E+01            -0.742E-10
             0.169E+01            -0.559E-10
             0.170E+01            -0.421E-10
             0.171E+01            -0.316E-10
             0.172E+01            -0.237E-10
             0.173E+01            -0.177E-10
             0.174E+01            -0.133E-10
             0.174E+01            -0.990E-11
             0.175E+01            -0.738E-11
             0.176E+01            -0.549E-11
             0.177E+01            -0.408E-11
             0.178E+01            -0.304E-11
             0.179E+01            -0.225E-11
             0.180E+01            -0.166E-11
             0.181E+01            -0.123E-11
             0.181E+01            -0.912E-12
             0.182E+01            -0.674E-12
             0.183E+01            -0.499E-12
             0.184E+01            -0.366E-12
             0.185E+01            -0.264E-12
             0.186E+01            -0.187E-12
             0.187E+01            -0.136E-12
             0.188E+01            -0.104E-12
             0.188E+01            -0.781E-13
             0.189E+01            -0.614E-13
             0.190E+01            -0.449E-13
             0.191E+01            -0.296E-13
             0.192E+01            -0.184E-13
             0.193E+01            -0.135E-13
             0.194E+01            -0.106E-13
             0.195E+01            -0.117E-13
             0.195E+01            -0.106E-13
             0.196E+01            -0.919E-14
             0.197E+01            -0.573E-14
             0.198E+01             0.128E-14
             0.199E+01             0.121E-14
             0.200E+01             0.366E-14
             0.201E+01            -0.198E-14
             0.202E+01             0.292E-14
             0.202E+01            -0.197E-14
             0.203E+01             0.187E-15
             0.204E+01             0.173E-14
             0.205E+01             0.124E-14
             0.206E+01             0.311E-15
             0.207E+01            -0.481E-15
             0.208E+01            -0.557E-14
             0.209E+01             0.975E-15
             0.209E+01             0.663E-14
             0.210E+01             0.881E-14
             0.211E+01             0.340E-14
             0.212E+01             0.363E-14
             0.213E+01             0.388E-14
             0.214E+01             0.731E-15
             0.215E+01             0.453E-14
             0.216E+01             0.759E-14
             0.216E+01             0.666E-14
             0.217E+01             0.914E-14
             0.218E+01             0.838E-14
             0.219E+01             0.893E-14
             0.220E+01             0.252E-14
             0.221E+01             0.606E-14
             0.222E+01             0.286E-14
             0.223E+01             0.135E-14
             0.223E+01            -0.150E-14
             0.224E+01             0.728E-15
             0.225E+01             0.308E-14
             0.226E+01             0.270E-14
             0.227E+01             0.680E-14
             0.228E+01             0.121E-13
             0.229E+01             0.880E-14
             0.230E+01            -0.175E-14
             0.230E+01            -0.280E-14
             0.231E+01            -0.145E-14
             0.232E+01             0.208E-14
             0.233E+01             0.192E-14
             0.234E+01            -0.799E-15
             0.235E+01             0.839E-15
             0.236E+01            -0.563E-15
             0.237E+01            -0.158E-14
             0.237E+01             0.430E-14
             0.238E+01             0.546E-14
             0.239E+01             0.815E-14
             0.240E+01             0.873E-14
             0.241E+01             0.643E-14
             0.242E+01             0.846E-14
             0.243E+01             0.359E-14
             0.244E+01             0.553E-15
             0.244E+01            -0.718E-16
             0.245E+01             0.691E-15
             0.246E+01             0.425E-14
             0.247E+01             0.940E-14
             0.248E+01             0.729E-14
             0.249E+01             0.637E-14
             0.250E+01             0.795E-14
             0.251E+01             0.374E-14
             0.251E+01             0.134E-14
             0.252E+01             0.515E-14
             0.253E+01             0.571E-14
             0.254E+01             0.805E-14
             0.255E+01             0.998E-14
             0.256E+01             0.343E-14
             0.257E+01             0.241E-14
             0.258E+01             0.125E-14
             0.258E+01             0.306E-14
             0.259E+01             0.457E-15
             0.260E+01             0.141E-14
             0.261E+01             0.214E-14
             0.262E+01            -0.186E-15
             0.263E+01            -0.218E-14
             0.264E+01             0.383E-14
             0.265E+01             0.407E-14
             0.265E+01             0.196E-14
             0.266E+01            -0.112E-14
             0.267E+01             0.122E-14
             0.268E+01             0.111E-14
             0.269E+01             0.903E-15
             0.270E+01            -0.441E-14
             0.271E+01            -0.295E-14
             0.272E+01            -0.378E-14
             0.272E+01            -0.305E-14
             0.273E+01             0.126E-14
             0.274E+01             0.485E-15
             0.275E+01             0.353E-14
             0.276E+01            -0.741E-15
             0.277E+01             0.348E-15
             0.278E+01            -0.291E-15
             0.279E+01             0.314E-14
             0.279E+01             0.176E-14
             0.280E+01            -0.193E-14
             0.281E+01            -0.186E-15
             0.282E+01             0.199E-14
             0.283E+01             0.202E-14
             0.284E+01            -0.191E-14
             0.285E+01             0.304E-14
             0.286E+01             0.109E-14
             0.286E+01             0.116E-15
             0.287E+01             0.208E-14
             0.288E+01            -0.982E-16
             0.289E+01             0.433E-15
             0.290E+01            -0.362E-14
             0.291E+01            -0.481E-15
             0.292E+01             0.912E-15
             0.293E+01            -0.946E-15
             0.293E+01            -0.170E-14
             0.294E+01            -0.188E-14
             0.295E+01            -0.105E-14
             0.296E+01             0.355E-14
             0.297E+01             0.407E-14
             0.298E+01             0.304E-14
             0.299E+01             0.395E-14
             0.300E+01             0.383E-14
             0.300E+01             0.157E-14
             0.301E+01             0.390E-15
             0.302E+01            -0.918E-15
             0.303E+01            -0.625E-15
             0.304E+01             0.376E-15
             0.305E+01             0.399E-14
             0.306E+01             0.517E-14
             0.306E+01             0.101E-14
             0.307E+01             0.103E-14
             0.308E+01            -0.171E-14
             0.309E+01            -0.526E-15
             0.310E+01             0.190E-14
             0.311E+01             0.273E-14
             0.312E+01             0.374E-15
             0.313E+01            -0.247E-16
             0.313E+01            -0.507E-14
             0.314E+01            -0.250E-14
             0.315E+01            -0.114E-14
             0.316E+01             0.226E-14
             0.317E+01             0.359E-14
             0.318E+01            -0.402E-15
             0.319E+01            -0.326E-14
             0.320E+01             0.237E-14
             0.320E+01             0.247E-14
             0.321E+01             0.128E-14
             0.322E+01            -0.198E-15
             0.323E+01            -0.173E-14
             0.324E+01             0.219E-14
             0.325E+01             0.871E-15
             0.326E+01             0.187E-14
             0.327E+01            -0.102E-14
             0.327E+01            -0.342E-14
             0.328E+01            -0.331E-14
             0.329E+01            -0.198E-14
             0.330E+01             0.600E-15
             0.331E+01             0.139E-14
             0.332E+01             0.223E-14
             0.333E+01            -0.971E-15
             0.334E+01            -0.417E-14
             0.334E+01            -0.479E-14
             0.335E+01            -0.152E-14
             0.336E+01             0.211E-14
             0.337E+01             0.240E-14
             0.338E+01            -0.138E-14
             0.339E+01             0.416E-15
             0.340E+01             0.229E-14
             0.341E+01            -0.512E-15
             0.341E+01            -0.282E-14
             0.342E+01            -0.905E-15
             0.343E+01            -0.894E-15
             0.344E+01             0.203E-14
             0.345E+01            -0.136E-14
             0.346E+01             0.132E-14
             0.347E+01             0.154E-14
             0.348E+01            -0.193E-14
             0.348E+01            -0.750E-15
             0.349E+01            -0.175E-14
             0.350E+01            -0.175E-14
             0.351E+01             0.145E-14
             0.352E+01             0.206E-14
             0.353E+01             0.118E-14
             0.354E+01             0.108E-15
             0.355E+01            -0.886E-15
             0.355E+01             0.527E-15
             0.356E+01            -0.350E-14
             0.357E+01            -0.115E-14
             0.358E+01            -0.188E-14
             0.359E+01             0.936E-15
             0.360E+01             0.150E-14
             0.361E+01            -0.257E-15
             0.362E+01             0.345E-14
             0.362E+01             0.233E-14
             0.363E+01            -0.294E-15
             0.364E+01             0.442E-14
             0.365E+01            -0.170E-14
             0.366E+01            -0.538E-15
             0.367E+01             0.329E-15
             0.368E+01            -0.477E-15
             0.369E+01            -0.134E-14
             0.369E+01             0.185E-14
             0.370E+01             0.444E-15
             0.371E+01            -0.213E-15
             0.372E+01             0.250E-14
             0.373E+01             0.300E-14
             0.374E+01             0.113E-14
             0.375E+01             0.301E-15
             0.376E+01            -0.180E-15
             0.376E+01            -0.448E-15
             0.377E+01            -0.135E-14
             0.378E+01            -0.381E-15
             0.379E+01             0.146E-14
             0.380E+01            -0.577E-15
             0.381E+01            -0.903E-15
             0.382E+01             0.601E-16
             0.383E+01             0.177E-14
             0.383E+01            -0.235E-14
             0.384E+01             0.107E-14
             0.385E+01             0.100E-14
             0.386E+01             0.433E-14
             0.387E+01             0.335E-14
             0.388E+01             0.703E-15
             0.389E+01            -0.272E-14
             0.390E+01            -0.120E-14
             0.390E+01            -0.175E-14
             0.391E+01            -0.212E-15
             0.392E+01            -0.165E-14
             0.393E+01             0.949E-15
             0.394E+01             0.293E-15
             0.395E+01             0.703E-15
             0.396E+01             0.575E-15
             0.397E+01            -0.698E-16
             0.397E+01             0.789E-15
             0.398E+01             0.260E-14
             0.399E+01             0.342E-14
             0.400E+01             0.358E-15
             0.401E+01            -0.391E-15
             0.402E+01            -0.346E-14
             0.403E+01            -0.187E-14
             0.404E+01             0.184E-14
             0.404E+01             0.640E-15
             0.405E+01             0.920E-15
             0.406E+01            -0.169E-14
             0.407E+01             0.423E-15
             0.408E+01             0.116E-14
             0.409E+01             0.513E-15
             0.410E+01            -0.298E-14
             0.411E+01            -0.257E-14
             0.411E+01             0.160E-14
             0.412E+01             0.196E-14
             0.413E+01             0.273E-14
             0.414E+01            -0.470E-16
             0.415E+01             0.109E-14
             0.416E+01             0.132E-14
             0.417E+01            -0.167E-15
             0.418E+01            -0.114E-14
             0.418E+01            -0.148E-14
             0.419E+01             0.423E-15
             0.420E+01            -0.265E-14
             0.421E+01             0.386E-15
             0.422E+01             0.941E-15
             0.423E+01             0.376E-15
             0.424E+01            -0.187E-14
             0.425E+01             0.757E-15
             0.425E+01             0.143E-14
             0.426E+01             0.494E-16
             0.427E+01            -0.840E-15
             0.428E+01             0.400E-15
             0.429E+01             0.599E-15
             0.430E+01             0.153E-14
             0.431E+01             0.158E-14
             0.432E+01            -0.811E-15
             0.432E+01            -0.285E-14
             0.433E+01            -0.533E-15
             0.434E+01             0.188E-14
             0.435E+01             0.463E-14
             0.436E+01             0.247E-14
             0.437E+01             0.754E-16
             0.438E+01            -0.104E-15
             0.439E+01            -0.125E-14
             0.439E+01            -0.863E-15
             0.440E+01            -0.144E-15
             0.441E+01             0.189E-14
             0.442E+01             0.651E-15
             0.443E+01            -0.114E-14
             0.444E+01            -0.266E-14
             0.445E+01            -0.192E-14
             0.446E+01            -0.250E-14
             0.446E+01            -0.842E-17
             0.447E+01            -0.124E-14
             0.448E+01             0.880E-15
             0.449E+01             0.130E-14
             0.450E+01             0.499E-15
             0.451E+01             0.114E-14
             0.452E+01            -0.374E-15
             0.453E+01             0.264E-14
             0.453E+01            -0.965E-16
             0.454E+01             0.120E-14
             0.455E+01             0.194E-14
             0.456E+01             0.849E-15
             0.457E+01            -0.367E-15
             0.458E+01             0.945E-15
             0.459E+01             0.105E-14
             0.460E+01             0.360E-15
             0.460E+01             0.160E-14
             0.461E+01            -0.445E-15
             0.462E+01            -0.132E-14
             0.463E+01            -0.204E-14
             0.464E+01             0.377E-15
             0.465E+01            -0.919E-15
             0.466E+01            -0.450E-15
             0.467E+01            -0.387E-15
             0.467E+01             0.152E-14
             0.468E+01             0.170E-14
             0.469E+01            -0.244E-14
             0.470E+01            -0.152E-14
             0.471E+01            -0.954E-15
             0.472E+01            -0.116E-14
             0.473E+01             0.112E-14
             0.474E+01             0.561E-15
             0.474E+01             0.162E-14
             0.475E+01             0.120E-14
             0.476E+01            -0.570E-16
             0.477E+01             0.699E-15
             0.478E+01            -0.234E-14
             0.479E+01             0.170E-16
             0.480E+01             0.293E-15
             0.481E+01             0.361E-14
             0.481E+01             0.876E-15
             0.482E+01             0.289E-14
             0.483E+01            -0.293E-14
             0.484E+01            -0.196E-14
             0.485E+01            -0.633E-15
             0.486E+01             0.330E-14
             0.487E+01             0.829E-15
             0.488E+01             0.822E-15
             0.488E+01             0.904E-15
             0.489E+01            -0.174E-16
             0.490E+01            -0.161E-14
             0.491E+01             0.200E-14
             0.492E+01             0.216E-15
             0.493E+01             0.169E-14
             0.494E+01             0.682E-16
             0.495E+01             0.140E-14
             0.495E+01             0.181E-15
             0.496E+01             0.232E-14
             0.497E+01            -0.201E-14
             0.498E+01             0.940E-15
             0.499E+01             0.223E-14
             0.500E+01             0.127E-14
             0.501E+01             0.563E-15
             0.501E+01             0.192E-14
             0.502E+01             0.127E-14
             0.503E+01             0.296E-15
             0.504E+01             0.180E-14
             0.505E+01             0.930E-16
             0.506E+01             0.121E-14
             0.507E+01            -0.144E-14
             0.508E+01             0.904E-16
             0.508E+01            -0.186E-14
             0.509E+01            -0.805E-15
             0.510E+01             0.110E-14
             0.511E+01            -0.103E-14
             0.512E+01             0.179E-14
             0.513E+01            -0.702E-15
             0.514E+01             0.390E-15
             0.515E+01             0.247E-16
             0.515E+01             0.223E-14
             0.516E+01            -0.128E-14
             0.517E+01            -0.250E-14
             0.518E+01             0.228E-14
             0.519E+01            -0.970E-15
             0.520E+01             0.100E-14
             0.521E+01            -0.113E-14
             0.522E+01             0.374E-14
             0.522E+01            -0.150E-14
             0.523E+01             0.131E-14
             0.524E+01            -0.192E-15
             0.525E+01            -0.131E-14
             0.526E+01            -0.166E-14
             0.527E+01            -0.327E-15
             0.528E+01             0.432E-15
             0.529E+01             0.839E-15
             0.529E+01            -0.226E-15
             0.530E+01            -0.191E-14
             0.531E+01            -0.710E-15
             0.532E+01            -0.954E-15
             0.533E+01             0.280E-14
             0.534E+01            -0.774E-15
             0.535E+01            -0.254E-14
             0.536E+01             0.422E-15
             0.536E+01            -0.183E-14
             0.537E+01             0.284E-14
             0.538E+01             0.545E-15
             0.539E+01             0.359E-15
             0.540E+01            -0.107E-15
             0.541E+01            -0.659E-15
             0.542E+01            -0.214E-14
             0.543E+01             0.239E-14
             0.543E+01             0.358E-14
             0.544E+01             0.161E-14
             0.545E+01            -0.129E-14
             0.546E+01             0.310E-14
             0.547E+01            -0.427E-15
             0.548E+01             0.202E-14
             0.549E+01            -0.203E-15
             0.550E+01            -0.260E-15
             0.550E+01             0.248E-14
             0.551E+01             0.599E-15
             0.552E+01             0.986E-15
             0.553E+01            -0.120E-14
             0.554E+01            -0.131E-14
             0.555E+01            -0.230E-14
             0.556E+01             0.134E-14
             0.557E+01             0.507E-15
             0.557E+01             0.143E-14
             0.558E+01            -0.166E-14
             0.559E+01            -0.193E-15
             0.560E+01            -0.239E-14
             0.561E+01             0.853E-15
             0.562E+01             0.157E-14
             0.563E+01            -0.170E-15
             0.564E+01             0.159E-14
             0.564E+01            -0.103E-14
             0.565E+01             0.146E-14
             0.566E+01             0.164E-14
             0.567E+01            -0.334E-14
             0.568E+01            -0.976E-15
             0.569E+01            -0.209E-14
             0.570E+01             0.415E-14
             0.571E+01             0.946E-15
             0.571E+01            -0.160E-14
             0.572E+01            -0.277E-14
             0.573E+01            -0.731E-15
             0.574E+01            -0.427E-15
             0.575E+01             0.214E-15
             0.576E+01            -0.157E-14
             0.577E+01             0.302E-14
             0.578E+01            -0.233E-14
             0.578E+01             0.313E-14
             0.579E+01             0.126E-14
             0.580E+01             0.150E-14
             0.581E+01             0.128E-14
             0.582E+01             0.956E-15
             0.583E+01             0.343E-16
             0.584E+01            -0.887E-15
             0.585E+01            -0.954E-15
             0.585E+01            -0.233E-14
             0.586E+01             0.111E-14
             0.587E+01            -0.985E-15
             0.588E+01             0.295E-15
             0.589E+01             0.213E-14
             0.590E+01             0.216E-14
             0.591E+01            -0.837E-15
             0.592E+01             0.536E-15
             0.592E+01             0.195E-14
             0.593E+01             0.205E-15
             0.594E+01             0.113E-14
             0.595E+01             0.356E-15
             0.596E+01             0.231E-14
             0.597E+01            -0.821E-15
             0.598E+01             0.302E-14
             0.599E+01            -0.139E-16
             0.599E+01            -0.987E-15
             0.600E+01             0.301E-14
             0.601E+01             0.355E-15
             0.602E+01             0.229E-15
             0.603E+01             0.166E-15
             0.604E+01             0.328E-15
             0.605E+01             0.104E-14
             0.606E+01             0.157E-14
             0.606E+01            -0.371E-14
             0.607E+01             0.770E-15
             0.608E+01            -0.133E-14
             0.609E+01             0.988E-15
             0.610E+01             0.193E-14
             0.611E+01            -0.329E-14
             0.612E+01            -0.537E-15
             0.613E+01            -0.193E-14
             0.613E+01             0.398E-15
             0.614E+01             0.183E-14
             0.615E+01            -0.106E-14
             0.616E+01             0.129E-14
             0.617E+01            -0.213E-14
             0.618E+01             0.185E-14
             0.619E+01             0.853E-15
             0.620E+01             0.373E-16
             0.620E+01            -0.193E-15
             0.621E+01            -0.820E-15
             0.622E+01             0.111E-14
             0.623E+01            -0.165E-15
             0.624E+01            -0.503E-16
             0.625E+01            -0.211E-14
             0.626E+01             0.222E-14
             0.627E+01            -0.739E-15
             0.627E+01            -0.362E-15
             0.628E+01             0.491E-15
             0.629E+01            -0.604E-15
             0.630E+01             0.187E-14
             0.631E+01            -0.248E-15
             0.632E+01             0.256E-14
             0.633E+01            -0.198E-14
             0.634E+01            -0.279E-15
             0.634E+01             0.128E-15
             0.635E+01             0.405E-15
             0.636E+01             0.618E-15
             0.637E+01            -0.291E-14
             0.638E+01             0.205E-14
             0.639E+01            -0.293E-14
             0.640E+01             0.327E-15
             0.641E+01            -0.231E-14
             0.641E+01            -0.279E-14
             0.642E+01             0.847E-15
             0.643E+01             0.133E-15
             0.644E+01             0.367E-15
             0.645E+01             0.252E-14
             0.646E+01             0.104E-14
             0.647E+01            -0.131E-14
             0.648E+01            -0.297E-14
             0.648E+01            -0.374E-15
             0.649E+01            -0.147E-14
             0.650E+01             0.203E-14
             0.651E+01            -0.125E-14
             0.652E+01             0.290E-14
             0.653E+01            -0.338E-15
             0.654E+01             0.134E-14
             0.655E+01             0.107E-14
             0.655E+01             0.101E-15
             0.656E+01             0.616E-15
             0.657E+01            -0.498E-15
             0.658E+01             0.237E-14
             0.659E+01            -0.606E-15
             0.660E+01             0.139E-14
             0.661E+01             0.253E-14
             0.662E+01            -0.804E-15
             0.662E+01             0.428E-15
             0.663E+01             0.194E-14
             0.664E+01            -0.494E-15
             0.665E+01             0.228E-14
             0.666E+01            -0.219E-15
             0.667E+01             0.609E-15
             0.668E+01             0.229E-14
             0.669E+01            -0.159E-14
             0.669E+01             0.260E-14
             0.670E+01             0.438E-15
             0.671E+01            -0.165E-14
             0.672E+01             0.573E-15
             0.673E+01            -0.129E-14
             0.674E+01             0.142E-14
             0.675E+01            -0.937E-15
             0.676E+01            -0.170E-14
             0.676E+01             0.123E-14
             0.677E+01             0.175E-14
             0.678E+01             0.146E-14
             0.679E+01             0.122E-14
             0.680E+01             0.217E-14
             0.681E+01             0.906E-15
             0.682E+01            -0.313E-15
             0.683E+01             0.176E-14
             0.683E+01            -0.267E-14
             0.684E+01            -0.366E-15
             0.685E+01            -0.598E-16
             0.686E+01            -0.660E-15
             0.687E+01             0.217E-14
             0.688E+01             0.432E-15
             0.689E+01             0.219E-14
             0.690E+01             0.118E-14
             0.690E+01            -0.214E-14
             0.691E+01             0.859E-16
             0.692E+01            -0.211E-14
             0.693E+01             0.201E-14
             0.694E+01            -0.293E-14
             0.695E+01             0.387E-14
             0.696E+01            -0.424E-16
             0.697E+01            -0.170E-14
             0.697E+01            -0.157E-14
             0.698E+01            -0.153E-14
             0.699E+01            -0.130E-14
             0.700E+01            -0.243E-15
