            -0.299E+01            -0.357E-30
            -0.299E+01            -0.310E-30
            -0.298E+01            -0.129E-30
            -0.298E+01            -0.950E-31
            -0.297E+01            -0.335E-30
            -0.297E+01            -0.295E-30
            -0.296E+01            -0.156E-30
            -0.295E+01            -0.869E-31
            -0.295E+01             0.104E-30
            -0.294E+01            -0.219E-30
            -0.294E+01            -0.317E-30
            -0.293E+01            -0.312E-30
            -0.293E+01            -0.303E-31
            -0.292E+01             0.296E-30
            -0.291E+01            -0.381E-31
            -0.291E+01            -0.130E-30
            -0.290E+01             0.261E-30
            -0.290E+01             0.219E-31
            -0.289E+01            -0.351E-30
            -0.288E+01             0.932E-31
            -0.288E+01             0.214E-30
            -0.287E+01             0.772E-31
            -0.287E+01            -0.757E-31
            -0.286E+01            -0.241E-31
            -0.286E+01             0.269E-30
            -0.285E+01             0.368E-30
            -0.284E+01             0.327E-30
            -0.284E+01             0.304E-30
            -0.283E+01            -0.223E-30
            -0.283E+01             0.180E-30
            -0.282E+01             0.264E-30
            -0.282E+01            -0.155E-30
            -0.281E+01            -0.404E-30
            -0.280E+01            -0.128E-32
            -0.280E+01            -0.466E-30
            -0.279E+01            -0.647E-30
            -0.279E+01            -0.635E-30
            -0.278E+01            -0.615E-30
            -0.278E+01            -0.157E-29
            -0.277E+01            -0.187E-29
            -0.276E+01            -0.196E-29
            -0.276E+01            -0.268E-29
            -0.275E+01            -0.409E-29
            -0.275E+01            -0.556E-29
            -0.274E+01            -0.750E-29
            -0.273E+01            -0.106E-28
            -0.273E+01            -0.149E-28
            -0.272E+01            -0.197E-28
            -0.272E+01            -0.267E-28
            -0.271E+01            -0.362E-28
            -0.271E+01            -0.490E-28
            -0.270E+01            -0.665E-28
            -0.269E+01            -0.904E-28
            -0.269E+01            -0.122E-27
            -0.268E+01            -0.165E-27
            -0.268E+01            -0.224E-27
            -0.267E+01            -0.302E-27
            -0.267E+01            -0.408E-27
            -0.266E+01            -0.551E-27
            -0.265E+01            -0.743E-27
            -0.265E+01            -0.100E-26
            -0.264E+01            -0.135E-26
            -0.264E+01            -0.181E-26
            -0.263E+01            -0.244E-26
            -0.263E+01            -0.328E-26
            -0.262E+01            -0.440E-26
            -0.261E+01            -0.591E-26
            -0.261E+01            -0.793E-26
            -0.260E+01            -0.106E-25
            -0.260E+01            -0.142E-25
            -0.259E+01            -0.191E-25
            -0.259E+01            -0.255E-25
            -0.258E+01            -0.341E-25
            -0.257E+01            -0.455E-25
            -0.257E+01            -0.608E-25
            -0.256E+01            -0.811E-25
            -0.256E+01            -0.108E-24
            -0.255E+01            -0.144E-24
            -0.254E+01            -0.192E-24
            -0.254E+01            -0.255E-24
            -0.253E+01            -0.339E-24
            -0.253E+01            -0.451E-24
            -0.252E+01            -0.598E-24
            -0.252E+01            -0.794E-24
            -0.251E+01            -0.105E-23
            -0.250E+01            -0.140E-23
            -0.250E+01            -0.185E-23
            -0.249E+01            -0.244E-23
            -0.249E+01            -0.323E-23
            -0.248E+01            -0.427E-23
            -0.248E+01            -0.564E-23
            -0.247E+01            -0.745E-23
            -0.246E+01            -0.982E-23
            -0.246E+01            -0.129E-22
            -0.245E+01            -0.171E-22
            -0.245E+01            -0.224E-22
            -0.244E+01            -0.295E-22
            -0.244E+01            -0.388E-22
            -0.243E+01            -0.510E-22
            -0.242E+01            -0.669E-22
            -0.242E+01            -0.878E-22
            -0.241E+01            -0.115E-21
            -0.241E+01            -0.151E-21
            -0.240E+01            -0.197E-21
            -0.239E+01            -0.258E-21
            -0.239E+01            -0.337E-21
            -0.238E+01            -0.441E-21
            -0.238E+01            -0.576E-21
            -0.237E+01            -0.751E-21
            -0.237E+01            -0.979E-21
            -0.236E+01            -0.128E-20
            -0.235E+01            -0.166E-20
            -0.235E+01            -0.216E-20
            -0.234E+01            -0.281E-20
            -0.234E+01            -0.365E-20
            -0.233E+01            -0.474E-20
            -0.233E+01            -0.615E-20
            -0.232E+01            -0.798E-20
            -0.231E+01            -0.103E-19
            -0.231E+01            -0.134E-19
            -0.230E+01            -0.173E-19
            -0.230E+01            -0.224E-19
            -0.229E+01            -0.290E-19
            -0.229E+01            -0.374E-19
            -0.228E+01            -0.483E-19
            -0.227E+01            -0.623E-19
            -0.227E+01            -0.803E-19
            -0.226E+01            -0.103E-18
            -0.226E+01            -0.133E-18
            -0.225E+01            -0.171E-18
            -0.224E+01            -0.220E-18
            -0.224E+01            -0.283E-18
            -0.223E+01            -0.363E-18
            -0.223E+01            -0.465E-18
            -0.222E+01            -0.597E-18
            -0.222E+01            -0.764E-18
            -0.221E+01            -0.978E-18
            -0.220E+01            -0.125E-17
            -0.220E+01            -0.160E-17
            -0.219E+01            -0.204E-17
            -0.219E+01            -0.261E-17
            -0.218E+01            -0.333E-17
            -0.218E+01            -0.424E-17
            -0.217E+01            -0.541E-17
            -0.216E+01            -0.689E-17
            -0.216E+01            -0.876E-17
            -0.215E+01            -0.111E-16
            -0.215E+01            -0.142E-16
            -0.214E+01            -0.180E-16
            -0.214E+01            -0.228E-16
            -0.213E+01            -0.289E-16
            -0.212E+01            -0.366E-16
            -0.212E+01            -0.464E-16
            -0.211E+01            -0.587E-16
            -0.211E+01            -0.742E-16
            -0.210E+01            -0.938E-16
            -0.210E+01            -0.118E-15
            -0.209E+01            -0.150E-15
            -0.208E+01            -0.189E-15
            -0.208E+01            -0.238E-15
            -0.207E+01            -0.299E-15
            -0.207E+01            -0.377E-15
            -0.206E+01            -0.474E-15
            -0.205E+01            -0.595E-15
            -0.205E+01            -0.748E-15
            -0.204E+01            -0.938E-15
            -0.204E+01            -0.118E-14
            -0.203E+01            -0.148E-14
            -0.203E+01            -0.185E-14
            -0.202E+01            -0.231E-14
            -0.201E+01            -0.289E-14
            -0.201E+01            -0.362E-14
            -0.200E+01            -0.452E-14
            -0.200E+01            -0.564E-14
            -0.199E+01            -0.703E-14
            -0.199E+01            -0.876E-14
            -0.198E+01            -0.109E-13
            -0.197E+01            -0.136E-13
            -0.197E+01            -0.169E-13
            -0.196E+01            -0.210E-13
            -0.196E+01            -0.261E-13
            -0.195E+01            -0.324E-13
            -0.195E+01            -0.402E-13
            -0.194E+01            -0.498E-13
            -0.193E+01            -0.617E-13
            -0.193E+01            -0.764E-13
            -0.192E+01            -0.945E-13
            -0.192E+01            -0.117E-12
            -0.191E+01            -0.144E-12
            -0.190E+01            -0.178E-12
            -0.190E+01            -0.220E-12
            -0.189E+01            -0.271E-12
            -0.189E+01            -0.334E-12
            -0.188E+01            -0.411E-12
            -0.188E+01            -0.506E-12
            -0.187E+01            -0.622E-12
            -0.186E+01            -0.764E-12
            -0.186E+01            -0.938E-12
            -0.185E+01            -0.115E-11
            -0.185E+01            -0.141E-11
            -0.184E+01            -0.173E-11
            -0.184E+01            -0.212E-11
            -0.183E+01            -0.259E-11
            -0.182E+01            -0.317E-11
            -0.182E+01            -0.387E-11
            -0.181E+01            -0.473E-11
            -0.181E+01            -0.577E-11
            -0.180E+01            -0.703E-11
            -0.180E+01            -0.857E-11
            -0.179E+01            -0.104E-10
            -0.178E+01            -0.127E-10
            -0.178E+01            -0.154E-10
            -0.177E+01            -0.187E-10
            -0.177E+01            -0.228E-10
            -0.176E+01            -0.276E-10
            -0.176E+01            -0.335E-10
            -0.175E+01            -0.406E-10
            -0.174E+01            -0.491E-10
            -0.174E+01            -0.595E-10
            -0.173E+01            -0.719E-10
            -0.173E+01            -0.869E-10
            -0.172E+01            -0.105E-09
            -0.171E+01            -0.127E-09
            -0.171E+01            -0.153E-09
            -0.170E+01            -0.184E-09
            -0.170E+01            -0.221E-09
            -0.169E+01            -0.267E-09
            -0.169E+01            -0.320E-09
            -0.168E+01            -0.385E-09
            -0.167E+01            -0.462E-09
            -0.167E+01            -0.555E-09
            -0.166E+01            -0.665E-09
            -0.166E+01            -0.797E-09
            -0.165E+01            -0.955E-09
            -0.165E+01            -0.114E-08
            -0.164E+01            -0.137E-08
            -0.163E+01            -0.163E-08
            -0.163E+01            -0.195E-08
            -0.162E+01            -0.233E-08
            -0.162E+01            -0.277E-08
            -0.161E+01            -0.330E-08
            -0.161E+01            -0.393E-08
            -0.160E+01            -0.468E-08
            -0.159E+01            -0.557E-08
            -0.159E+01            -0.661E-08
            -0.158E+01            -0.785E-08
            -0.158E+01            -0.932E-08
            -0.157E+01            -0.110E-07
            -0.156E+01            -0.131E-07
            -0.156E+01            -0.155E-07
            -0.155E+01            -0.183E-07
            -0.155E+01            -0.217E-07
            -0.154E+01            -0.256E-07
            -0.154E+01            -0.302E-07
            -0.153E+01            -0.357E-07
            -0.152E+01            -0.421E-07
            -0.152E+01            -0.496E-07
            -0.151E+01            -0.584E-07
            -0.151E+01            -0.687E-07
            -0.150E+01            -0.807E-07
            -0.150E+01            -0.948E-07
            -0.149E+01            -0.111E-06
            -0.148E+01            -0.131E-06
            -0.148E+01            -0.153E-06
            -0.147E+01            -0.179E-06
            -0.147E+01            -0.210E-06
            -0.146E+01            -0.246E-06
            -0.146E+01            -0.287E-06
            -0.145E+01            -0.336E-06
            -0.144E+01            -0.392E-06
            -0.144E+01            -0.457E-06
            -0.143E+01            -0.533E-06
            -0.143E+01            -0.621E-06
            -0.142E+01            -0.722E-06
            -0.141E+01            -0.840E-06
            -0.141E+01            -0.977E-06
            -0.140E+01            -0.113E-05
            -0.140E+01            -0.132E-05
            -0.139E+01            -0.153E-05
            -0.139E+01            -0.177E-05
            -0.138E+01            -0.205E-05
            -0.137E+01            -0.237E-05
            -0.137E+01            -0.274E-05
            -0.136E+01            -0.317E-05
            -0.136E+01            -0.366E-05
            -0.135E+01            -0.423E-05
            -0.135E+01            -0.487E-05
            -0.134E+01            -0.562E-05
            -0.133E+01            -0.647E-05
            -0.133E+01            -0.744E-05
            -0.132E+01            -0.856E-05
            -0.132E+01            -0.983E-05
            -0.131E+01            -0.113E-04
            -0.131E+01            -0.130E-04
            -0.130E+01            -0.149E-04
            -0.129E+01            -0.170E-04
            -0.129E+01            -0.195E-04
            -0.128E+01            -0.223E-04
            -0.128E+01            -0.255E-04
            -0.127E+01            -0.291E-04
            -0.127E+01            -0.332E-04
            -0.126E+01            -0.379E-04
            -0.125E+01            -0.432E-04
            -0.125E+01            -0.492E-04
            -0.124E+01            -0.560E-04
            -0.124E+01            -0.637E-04
            -0.123E+01            -0.724E-04
            -0.122E+01            -0.822E-04
            -0.122E+01            -0.933E-04
            -0.121E+01            -0.106E-03
            -0.121E+01            -0.120E-03
            -0.120E+01            -0.136E-03
            -0.120E+01            -0.154E-03
            -0.119E+01            -0.174E-03
            -0.118E+01            -0.196E-03
            -0.118E+01            -0.222E-03
            -0.117E+01            -0.250E-03
            -0.117E+01            -0.282E-03
            -0.116E+01            -0.317E-03
            -0.116E+01            -0.357E-03
            -0.115E+01            -0.402E-03
            -0.114E+01            -0.452E-03
            -0.114E+01            -0.507E-03
            -0.113E+01            -0.570E-03
            -0.113E+01            -0.639E-03
            -0.112E+01            -0.716E-03
            -0.112E+01            -0.801E-03
            -0.111E+01            -0.897E-03
            -0.110E+01            -0.100E-02
            -0.110E+01            -0.112E-02
            -0.109E+01            -0.125E-02
            -0.109E+01            -0.139E-02
            -0.108E+01            -0.155E-02
            -0.107E+01            -0.173E-02
            -0.107E+01            -0.193E-02
            -0.106E+01            -0.214E-02
            -0.106E+01            -0.238E-02
            -0.105E+01            -0.265E-02
            -0.105E+01            -0.294E-02
            -0.104E+01            -0.325E-02
            -0.103E+01            -0.361E-02
            -0.103E+01            -0.399E-02
            -0.102E+01            -0.442E-02
            -0.102E+01            -0.488E-02
            -0.101E+01            -0.539E-02
            -0.101E+01            -0.595E-02
            -0.100E+01            -0.656E-02
            -0.994E+00            -0.723E-02
            -0.988E+00            -0.796E-02
            -0.983E+00            -0.876E-02
            -0.977E+00            -0.962E-02
            -0.971E+00            -0.106E-01
            -0.965E+00            -0.116E-01
            -0.960E+00            -0.127E-01
            -0.954E+00            -0.139E-01
            -0.948E+00            -0.153E-01
            -0.942E+00            -0.167E-01
            -0.937E+00            -0.183E-01
            -0.931E+00            -0.200E-01
            -0.925E+00            -0.218E-01
            -0.919E+00            -0.238E-01
            -0.914E+00            -0.259E-01
            -0.908E+00            -0.282E-01
            -0.902E+00            -0.307E-01
            -0.896E+00            -0.333E-01
            -0.890E+00            -0.362E-01
            -0.885E+00            -0.393E-01
            -0.879E+00            -0.426E-01
            -0.873E+00            -0.462E-01
            -0.867E+00            -0.500E-01
            -0.862E+00            -0.541E-01
            -0.856E+00            -0.584E-01
            -0.850E+00            -0.631E-01
            -0.844E+00            -0.681E-01
            -0.839E+00            -0.734E-01
            -0.833E+00            -0.791E-01
            -0.827E+00            -0.851E-01
            -0.821E+00            -0.916E-01
            -0.816E+00            -0.984E-01
            -0.810E+00            -0.106E+00
            -0.804E+00            -0.113E+00
            -0.798E+00            -0.121E+00
            -0.793E+00            -0.130E+00
            -0.787E+00            -0.139E+00
            -0.781E+00            -0.149E+00
            -0.775E+00            -0.159E+00
            -0.769E+00            -0.170E+00
            -0.764E+00            -0.181E+00
            -0.758E+00            -0.193E+00
            -0.752E+00            -0.205E+00
            -0.746E+00            -0.218E+00
            -0.741E+00            -0.231E+00
            -0.735E+00            -0.246E+00
            -0.729E+00            -0.260E+00
            -0.723E+00            -0.276E+00
            -0.718E+00            -0.292E+00
            -0.712E+00            -0.309E+00
            -0.706E+00            -0.326E+00
            -0.700E+00            -0.344E+00
            -0.695E+00            -0.363E+00
            -0.689E+00            -0.383E+00
            -0.683E+00            -0.403E+00
            -0.677E+00            -0.423E+00
            -0.671E+00            -0.445E+00
            -0.666E+00            -0.467E+00
            -0.660E+00            -0.489E+00
            -0.654E+00            -0.513E+00
            -0.648E+00            -0.536E+00
            -0.643E+00            -0.561E+00
            -0.637E+00            -0.585E+00
            -0.631E+00            -0.610E+00
            -0.625E+00            -0.636E+00
            -0.620E+00            -0.662E+00
            -0.614E+00            -0.688E+00
            -0.608E+00            -0.715E+00
            -0.602E+00            -0.742E+00
            -0.597E+00            -0.769E+00
            -0.591E+00            -0.796E+00
            -0.585E+00            -0.823E+00
            -0.579E+00            -0.850E+00
            -0.573E+00            -0.877E+00
            -0.568E+00            -0.904E+00
            -0.562E+00            -0.930E+00
            -0.556E+00            -0.956E+00
            -0.550E+00            -0.982E+00
            -0.545E+00            -0.101E+01
            -0.539E+00            -0.103E+01
            -0.533E+00            -0.105E+01
            -0.527E+00            -0.108E+01
            -0.522E+00            -0.110E+01
            -0.516E+00            -0.112E+01
            -0.510E+00            -0.114E+01
            -0.504E+00            -0.116E+01
            -0.499E+00            -0.117E+01
            -0.493E+00            -0.119E+01
            -0.487E+00            -0.120E+01
            -0.481E+00            -0.121E+01
            -0.476E+00            -0.122E+01
            -0.470E+00            -0.123E+01
            -0.464E+00            -0.124E+01
            -0.458E+00            -0.124E+01
            -0.452E+00            -0.124E+01
            -0.447E+00            -0.124E+01
            -0.441E+00            -0.124E+01
            -0.435E+00            -0.123E+01
            -0.429E+00            -0.122E+01
            -0.424E+00            -0.121E+01
            -0.418E+00            -0.120E+01
            -0.412E+00            -0.118E+01
            -0.406E+00            -0.116E+01
            -0.401E+00            -0.114E+01
            -0.395E+00            -0.112E+01
            -0.389E+00            -0.109E+01
            -0.383E+00            -0.106E+01
            -0.378E+00            -0.102E+01
            -0.372E+00            -0.987E+00
            -0.366E+00            -0.948E+00
            -0.360E+00            -0.906E+00
            -0.354E+00            -0.862E+00
            -0.349E+00            -0.815E+00
            -0.343E+00            -0.765E+00
            -0.337E+00            -0.714E+00
            -0.331E+00            -0.660E+00
            -0.326E+00            -0.604E+00
            -0.320E+00            -0.546E+00
            -0.314E+00            -0.486E+00
            -0.308E+00            -0.424E+00
            -0.303E+00            -0.361E+00
            -0.297E+00            -0.297E+00
            -0.291E+00            -0.232E+00
            -0.285E+00            -0.166E+00
            -0.280E+00            -0.997E-01
            -0.274E+00            -0.329E-01
            -0.268E+00             0.341E-01
            -0.262E+00             0.101E+00
            -0.256E+00             0.168E+00
            -0.251E+00             0.233E+00
            -0.245E+00             0.298E+00
            -0.239E+00             0.362E+00
            -0.233E+00             0.425E+00
            -0.228E+00             0.485E+00
            -0.222E+00             0.544E+00
            -0.216E+00             0.601E+00
            -0.210E+00             0.655E+00
            -0.205E+00             0.707E+00
            -0.199E+00             0.756E+00
            -0.193E+00             0.801E+00
            -0.187E+00             0.844E+00
            -0.182E+00             0.882E+00
            -0.176E+00             0.918E+00
            -0.170E+00             0.949E+00
            -0.164E+00             0.976E+00
            -0.159E+00             0.999E+00
            -0.153E+00             0.102E+01
            -0.147E+00             0.103E+01
            -0.141E+00             0.104E+01
            -0.135E+00             0.105E+01
            -0.130E+00             0.105E+01
            -0.124E+00             0.104E+01
            -0.118E+00             0.104E+01
            -0.112E+00             0.102E+01
            -0.107E+00             0.100E+01
            -0.101E+00             0.982E+00
            -0.951E-01             0.955E+00
            -0.893E-01             0.924E+00
            -0.836E-01             0.889E+00
            -0.778E-01             0.850E+00
            -0.720E-01             0.807E+00
            -0.663E-01             0.760E+00
            -0.605E-01             0.709E+00
            -0.548E-01             0.656E+00
            -0.490E-01             0.599E+00
            -0.432E-01             0.540E+00
            -0.375E-01             0.478E+00
            -0.317E-01             0.414E+00
            -0.259E-01             0.348E+00
            -0.202E-01             0.280E+00
            -0.144E-01             0.211E+00
            -0.865E-02             0.141E+00
            -0.288E-02             0.709E-01
             0.288E-02             0.468E-12
             0.865E-02            -0.709E-01
             0.144E-01            -0.141E+00
             0.202E-01            -0.211E+00
             0.259E-01            -0.280E+00
             0.317E-01            -0.348E+00
             0.375E-01            -0.414E+00
             0.432E-01            -0.478E+00
             0.490E-01            -0.540E+00
             0.548E-01            -0.599E+00
             0.605E-01            -0.656E+00
             0.663E-01            -0.709E+00
             0.720E-01            -0.760E+00
             0.778E-01            -0.807E+00
             0.836E-01            -0.850E+00
             0.893E-01            -0.889E+00
             0.951E-01            -0.924E+00
             0.101E+00            -0.955E+00
             0.107E+00            -0.982E+00
             0.112E+00            -0.100E+01
             0.118E+00            -0.102E+01
             0.124E+00            -0.104E+01
             0.130E+00            -0.104E+01
             0.135E+00            -0.105E+01
             0.141E+00            -0.105E+01
             0.147E+00            -0.104E+01
             0.153E+00            -0.103E+01
             0.159E+00            -0.102E+01
             0.164E+00            -0.999E+00
             0.170E+00            -0.976E+00
             0.176E+00            -0.949E+00
             0.182E+00            -0.918E+00
             0.187E+00            -0.882E+00
             0.193E+00            -0.844E+00
             0.199E+00            -0.801E+00
             0.205E+00            -0.756E+00
             0.210E+00            -0.707E+00
             0.216E+00            -0.655E+00
             0.222E+00            -0.601E+00
             0.228E+00            -0.544E+00
             0.233E+00            -0.485E+00
             0.239E+00            -0.425E+00
             0.245E+00            -0.362E+00
             0.251E+00            -0.298E+00
             0.256E+00            -0.233E+00
             0.262E+00            -0.168E+00
             0.268E+00            -0.101E+00
             0.274E+00            -0.341E-01
             0.280E+00             0.329E-01
             0.285E+00             0.997E-01
             0.291E+00             0.166E+00
             0.297E+00             0.232E+00
             0.303E+00             0.297E+00
             0.308E+00             0.361E+00
             0.314E+00             0.424E+00
             0.320E+00             0.486E+00
             0.326E+00             0.546E+00
             0.331E+00             0.604E+00
             0.337E+00             0.660E+00
             0.343E+00             0.714E+00
             0.349E+00             0.765E+00
             0.354E+00             0.815E+00
             0.360E+00             0.862E+00
             0.366E+00             0.906E+00
             0.372E+00             0.948E+00
             0.378E+00             0.987E+00
             0.383E+00             0.102E+01
             0.389E+00             0.106E+01
             0.395E+00             0.109E+01
             0.401E+00             0.112E+01
             0.406E+00             0.114E+01
             0.412E+00             0.116E+01
             0.418E+00             0.118E+01
             0.424E+00             0.120E+01
             0.429E+00             0.121E+01
             0.435E+00             0.122E+01
             0.441E+00             0.123E+01
             0.447E+00             0.124E+01
             0.452E+00             0.124E+01
             0.458E+00             0.124E+01
             0.464E+00             0.124E+01
             0.470E+00             0.124E+01
             0.476E+00             0.123E+01
             0.481E+00             0.122E+01
             0.487E+00             0.121E+01
             0.493E+00             0.120E+01
             0.499E+00             0.119E+01
             0.504E+00             0.117E+01
             0.510E+00             0.116E+01
             0.516E+00             0.114E+01
             0.522E+00             0.112E+01
             0.527E+00             0.110E+01
             0.533E+00             0.108E+01
             0.539E+00             0.105E+01
             0.545E+00             0.103E+01
             0.550E+00             0.101E+01
             0.556E+00             0.982E+00
             0.562E+00             0.956E+00
             0.568E+00             0.930E+00
             0.573E+00             0.904E+00
             0.579E+00             0.877E+00
             0.585E+00             0.850E+00
             0.591E+00             0.823E+00
             0.597E+00             0.796E+00
             0.602E+00             0.769E+00
             0.608E+00             0.742E+00
             0.614E+00             0.715E+00
             0.620E+00             0.688E+00
             0.625E+00             0.662E+00
             0.631E+00             0.636E+00
             0.637E+00             0.610E+00
             0.643E+00             0.585E+00
             0.648E+00             0.561E+00
             0.654E+00             0.536E+00
             0.660E+00             0.513E+00
             0.666E+00             0.489E+00
             0.671E+00             0.467E+00
             0.677E+00             0.445E+00
             0.683E+00             0.423E+00
             0.689E+00             0.403E+00
             0.695E+00             0.383E+00
             0.700E+00             0.363E+00
             0.706E+00             0.344E+00
             0.712E+00             0.326E+00
             0.718E+00             0.309E+00
             0.723E+00             0.292E+00
             0.729E+00             0.276E+00
             0.735E+00             0.260E+00
             0.741E+00             0.246E+00
             0.746E+00             0.231E+00
             0.752E+00             0.218E+00
             0.758E+00             0.205E+00
             0.764E+00             0.193E+00
             0.769E+00             0.181E+00
             0.775E+00             0.170E+00
             0.781E+00             0.159E+00
             0.787E+00             0.149E+00
             0.793E+00             0.139E+00
             0.798E+00             0.130E+00
             0.804E+00             0.121E+00
             0.810E+00             0.113E+00
             0.816E+00             0.106E+00
             0.821E+00             0.984E-01
             0.827E+00             0.916E-01
             0.833E+00             0.851E-01
             0.839E+00             0.791E-01
             0.844E+00             0.734E-01
             0.850E+00             0.681E-01
             0.856E+00             0.631E-01
             0.862E+00             0.584E-01
             0.867E+00             0.541E-01
             0.873E+00             0.500E-01
             0.879E+00             0.462E-01
             0.885E+00             0.426E-01
             0.890E+00             0.393E-01
             0.896E+00             0.362E-01
             0.902E+00             0.333E-01
             0.908E+00             0.307E-01
             0.914E+00             0.282E-01
             0.919E+00             0.259E-01
             0.925E+00             0.238E-01
             0.931E+00             0.218E-01
             0.937E+00             0.200E-01
             0.942E+00             0.183E-01
             0.948E+00             0.167E-01
             0.954E+00             0.153E-01
             0.960E+00             0.139E-01
             0.965E+00             0.127E-01
             0.971E+00             0.116E-01
             0.977E+00             0.106E-01
             0.983E+00             0.962E-02
             0.988E+00             0.876E-02
             0.994E+00             0.796E-02
             0.100E+01             0.723E-02
             0.101E+01             0.656E-02
             0.101E+01             0.595E-02
             0.102E+01             0.539E-02
             0.102E+01             0.488E-02
             0.103E+01             0.442E-02
             0.103E+01             0.399E-02
             0.104E+01             0.361E-02
             0.105E+01             0.325E-02
             0.105E+01             0.294E-02
             0.106E+01             0.265E-02
             0.106E+01             0.238E-02
             0.107E+01             0.214E-02
             0.107E+01             0.193E-02
             0.108E+01             0.173E-02
             0.109E+01             0.155E-02
             0.109E+01             0.139E-02
             0.110E+01             0.125E-02
             0.110E+01             0.112E-02
             0.111E+01             0.100E-02
             0.112E+01             0.897E-03
             0.112E+01             0.801E-03
             0.113E+01             0.716E-03
             0.113E+01             0.639E-03
             0.114E+01             0.570E-03
             0.114E+01             0.507E-03
             0.115E+01             0.452E-03
             0.116E+01             0.402E-03
             0.116E+01             0.357E-03
             0.117E+01             0.317E-03
             0.117E+01             0.282E-03
             0.118E+01             0.250E-03
             0.118E+01             0.222E-03
             0.119E+01             0.196E-03
             0.120E+01             0.174E-03
             0.120E+01             0.154E-03
             0.121E+01             0.136E-03
             0.121E+01             0.120E-03
             0.122E+01             0.106E-03
             0.122E+01             0.933E-04
             0.123E+01             0.822E-04
             0.124E+01             0.724E-04
             0.124E+01             0.637E-04
             0.125E+01             0.560E-04
             0.125E+01             0.492E-04
             0.126E+01             0.432E-04
             0.127E+01             0.379E-04
             0.127E+01             0.332E-04
             0.128E+01             0.291E-04
             0.128E+01             0.255E-04
             0.129E+01             0.223E-04
             0.129E+01             0.195E-04
             0.130E+01             0.170E-04
             0.131E+01             0.149E-04
             0.131E+01             0.130E-04
             0.132E+01             0.113E-04
             0.132E+01             0.983E-05
             0.133E+01             0.856E-05
             0.133E+01             0.744E-05
             0.134E+01             0.647E-05
             0.135E+01             0.562E-05
             0.135E+01             0.487E-05
             0.136E+01             0.423E-05
             0.136E+01             0.366E-05
             0.137E+01             0.317E-05
             0.137E+01             0.274E-05
             0.138E+01             0.237E-05
             0.139E+01             0.205E-05
             0.139E+01             0.177E-05
             0.140E+01             0.153E-05
             0.140E+01             0.132E-05
             0.141E+01             0.113E-05
             0.141E+01             0.977E-06
             0.142E+01             0.840E-06
             0.143E+01             0.722E-06
             0.143E+01             0.621E-06
             0.144E+01             0.533E-06
             0.144E+01             0.457E-06
             0.145E+01             0.392E-06
             0.146E+01             0.336E-06
             0.146E+01             0.287E-06
             0.147E+01             0.246E-06
             0.147E+01             0.210E-06
             0.148E+01             0.179E-06
             0.148E+01             0.153E-06
             0.149E+01             0.131E-06
             0.150E+01             0.111E-06
             0.150E+01             0.948E-07
             0.151E+01             0.807E-07
             0.151E+01             0.687E-07
             0.152E+01             0.584E-07
             0.152E+01             0.496E-07
             0.153E+01             0.421E-07
             0.154E+01             0.357E-07
             0.154E+01             0.302E-07
             0.155E+01             0.256E-07
             0.155E+01             0.217E-07
             0.156E+01             0.183E-07
             0.156E+01             0.155E-07
             0.157E+01             0.131E-07
             0.158E+01             0.110E-07
             0.158E+01             0.932E-08
             0.159E+01             0.785E-08
             0.159E+01             0.661E-08
             0.160E+01             0.557E-08
             0.161E+01             0.468E-08
             0.161E+01             0.393E-08
             0.162E+01             0.330E-08
             0.162E+01             0.277E-08
             0.163E+01             0.233E-08
             0.163E+01             0.195E-08
             0.164E+01             0.163E-08
             0.165E+01             0.137E-08
             0.165E+01             0.114E-08
             0.166E+01             0.955E-09
             0.166E+01             0.797E-09
             0.167E+01             0.665E-09
             0.167E+01             0.555E-09
             0.168E+01             0.462E-09
             0.169E+01             0.385E-09
             0.169E+01             0.320E-09
             0.170E+01             0.267E-09
             0.170E+01             0.221E-09
             0.171E+01             0.184E-09
             0.171E+01             0.153E-09
             0.172E+01             0.127E-09
             0.173E+01             0.105E-09
             0.173E+01             0.869E-10
             0.174E+01             0.719E-10
             0.174E+01             0.595E-10
             0.175E+01             0.492E-10
             0.176E+01             0.406E-10
             0.176E+01             0.335E-10
             0.177E+01             0.276E-10
             0.177E+01             0.228E-10
             0.178E+01             0.187E-10
             0.178E+01             0.154E-10
             0.179E+01             0.127E-10
             0.180E+01             0.104E-10
             0.180E+01             0.856E-11
             0.181E+01             0.703E-11
             0.181E+01             0.577E-11
             0.182E+01             0.473E-11
             0.182E+01             0.387E-11
             0.183E+01             0.317E-11
             0.184E+01             0.259E-11
             0.184E+01             0.212E-11
             0.185E+01             0.173E-11
             0.185E+01             0.141E-11
             0.186E+01             0.115E-11
             0.186E+01             0.937E-12
             0.187E+01             0.764E-12
             0.188E+01             0.620E-12
             0.188E+01             0.506E-12
             0.189E+01             0.415E-12
             0.189E+01             0.336E-12
             0.190E+01             0.268E-12
             0.190E+01             0.215E-12
             0.191E+01             0.179E-12
             0.192E+01             0.143E-12
             0.192E+01             0.113E-12
             0.193E+01             0.877E-13
             0.193E+01             0.749E-13
             0.194E+01             0.619E-13
             0.195E+01             0.469E-13
             0.195E+01             0.366E-13
             0.196E+01             0.324E-13
             0.196E+01             0.265E-13
             0.197E+01             0.200E-13
             0.197E+01             0.150E-13
             0.198E+01             0.157E-13
             0.199E+01             0.101E-13
             0.199E+01             0.521E-14
             0.200E+01             0.786E-14
             0.200E+01             0.751E-14
             0.201E+01             0.185E-14
             0.201E+01             0.297E-14
             0.202E+01             0.202E-14
             0.203E+01             0.421E-14
             0.203E+01            -0.554E-15
             0.204E+01             0.634E-14
             0.204E+01             0.359E-14
             0.205E+01             0.166E-14
             0.205E+01            -0.136E-14
             0.206E+01             0.170E-14
             0.207E+01             0.247E-15
             0.207E+01             0.474E-16
             0.208E+01            -0.757E-16
             0.208E+01             0.216E-14
             0.209E+01             0.237E-15
             0.210E+01            -0.328E-14
             0.210E+01             0.466E-15
             0.211E+01             0.233E-14
             0.211E+01             0.235E-14
             0.212E+01             0.135E-14
             0.212E+01             0.494E-14
             0.213E+01             0.603E-15
             0.214E+01             0.348E-14
             0.214E+01             0.357E-14
             0.215E+01            -0.400E-14
             0.215E+01            -0.223E-14
             0.216E+01            -0.384E-15
             0.216E+01             0.285E-14
             0.217E+01            -0.815E-15
             0.218E+01            -0.124E-14
             0.218E+01             0.355E-15
             0.219E+01            -0.958E-15
             0.219E+01             0.570E-15
             0.220E+01             0.190E-14
             0.220E+01            -0.657E-16
             0.221E+01             0.529E-15
             0.222E+01             0.112E-14
             0.222E+01            -0.302E-14
             0.223E+01            -0.139E-14
             0.223E+01            -0.958E-15
             0.224E+01             0.331E-14
             0.224E+01            -0.153E-14
             0.225E+01            -0.122E-14
             0.226E+01            -0.596E-14
             0.226E+01             0.239E-14
             0.227E+01            -0.111E-14
             0.227E+01             0.495E-14
             0.228E+01             0.306E-14
             0.229E+01            -0.255E-15
             0.229E+01             0.191E-15
             0.230E+01             0.240E-14
             0.230E+01             0.303E-14
             0.231E+01             0.263E-15
             0.231E+01            -0.120E-14
             0.232E+01             0.551E-15
             0.233E+01            -0.913E-15
             0.233E+01            -0.904E-15
             0.234E+01            -0.131E-14
             0.234E+01             0.136E-14
             0.235E+01            -0.927E-16
             0.235E+01             0.335E-15
             0.236E+01            -0.376E-15
             0.237E+01             0.115E-14
             0.237E+01            -0.265E-14
             0.238E+01             0.317E-14
             0.238E+01             0.535E-14
             0.239E+01             0.348E-14
             0.239E+01             0.200E-15
             0.240E+01             0.182E-14
             0.241E+01             0.215E-14
             0.241E+01             0.118E-14
             0.242E+01             0.921E-15
             0.242E+01             0.295E-14
             0.243E+01             0.287E-15
             0.244E+01            -0.297E-14
             0.244E+01            -0.365E-14
             0.245E+01            -0.158E-14
             0.245E+01             0.126E-15
             0.246E+01            -0.299E-14
             0.246E+01             0.123E-14
             0.247E+01            -0.192E-14
             0.248E+01            -0.204E-14
             0.248E+01            -0.349E-14
             0.249E+01             0.186E-14
             0.249E+01            -0.204E-14
             0.250E+01            -0.248E-14
             0.250E+01             0.243E-15
             0.251E+01             0.535E-14
             0.252E+01             0.233E-14
             0.252E+01             0.111E-14
             0.253E+01             0.636E-15
             0.253E+01             0.714E-15
             0.254E+01            -0.447E-15
             0.254E+01             0.517E-14
             0.255E+01            -0.238E-14
             0.256E+01            -0.316E-14
             0.256E+01             0.744E-15
             0.257E+01             0.398E-14
             0.257E+01            -0.200E-14
             0.258E+01             0.325E-15
             0.259E+01             0.452E-15
             0.259E+01            -0.716E-15
             0.260E+01             0.150E-15
             0.260E+01            -0.457E-15
             0.261E+01             0.189E-14
             0.261E+01             0.175E-14
             0.262E+01             0.402E-15
             0.263E+01            -0.749E-16
             0.263E+01             0.173E-14
             0.264E+01            -0.514E-15
             0.264E+01            -0.202E-14
             0.265E+01            -0.231E-16
             0.265E+01            -0.170E-15
             0.266E+01            -0.278E-14
             0.267E+01            -0.471E-15
             0.267E+01            -0.101E-14
             0.268E+01             0.470E-15
             0.268E+01             0.362E-14
             0.269E+01             0.250E-14
             0.269E+01             0.415E-15
             0.270E+01            -0.180E-15
             0.271E+01             0.282E-16
             0.271E+01             0.356E-14
             0.272E+01            -0.345E-15
             0.272E+01            -0.164E-14
             0.273E+01            -0.102E-14
             0.273E+01             0.217E-16
             0.274E+01             0.658E-15
             0.275E+01            -0.176E-14
             0.275E+01            -0.241E-15
             0.276E+01            -0.653E-15
             0.276E+01            -0.266E-14
             0.277E+01            -0.803E-16
             0.278E+01             0.141E-14
             0.278E+01            -0.506E-15
             0.279E+01             0.161E-14
             0.279E+01             0.474E-15
             0.280E+01            -0.156E-14
             0.280E+01            -0.285E-14
             0.281E+01             0.107E-14
             0.282E+01             0.104E-14
             0.282E+01             0.168E-14
             0.283E+01            -0.250E-14
             0.283E+01            -0.589E-15
             0.284E+01            -0.274E-15
             0.284E+01            -0.213E-14
             0.285E+01             0.123E-14
             0.286E+01            -0.573E-15
             0.286E+01            -0.267E-14
             0.287E+01            -0.937E-15
             0.287E+01             0.462E-15
             0.288E+01            -0.150E-14
             0.288E+01            -0.129E-14
             0.289E+01             0.396E-15
             0.290E+01            -0.446E-14
             0.290E+01            -0.138E-14
             0.291E+01             0.187E-14
             0.291E+01             0.149E-14
             0.292E+01             0.269E-14
             0.293E+01             0.208E-14
             0.293E+01             0.349E-14
             0.294E+01             0.128E-14
             0.294E+01            -0.120E-14
             0.295E+01            -0.802E-15
             0.295E+01             0.126E-14
             0.296E+01             0.243E-14
             0.297E+01             0.107E-14
             0.297E+01            -0.170E-14
             0.298E+01            -0.394E-15
             0.298E+01             0.602E-15
             0.299E+01             0.288E-14
             0.299E+01            -0.210E-14
             0.300E+01             0.367E-15
