            -0.699E+01             0.289E-15
            -0.697E+01            -0.446E-15
            -0.696E+01             0.478E-15
            -0.695E+01            -0.228E-15
            -0.693E+01             0.611E-15
            -0.692E+01            -0.893E-15
            -0.691E+01             0.405E-15
            -0.689E+01            -0.486E-15
            -0.688E+01            -0.212E-15
            -0.687E+01             0.263E-16
            -0.685E+01             0.207E-15
            -0.684E+01            -0.820E-16
            -0.683E+01            -0.900E-16
            -0.681E+01            -0.195E-15
            -0.680E+01             0.147E-15
            -0.678E+01            -0.382E-15
            -0.677E+01             0.114E-15
            -0.676E+01            -0.195E-15
            -0.674E+01             0.221E-16
            -0.673E+01             0.969E-17
            -0.672E+01             0.211E-15
            -0.670E+01            -0.267E-16
            -0.669E+01             0.283E-15
            -0.668E+01            -0.205E-15
            -0.666E+01             0.331E-16
            -0.665E+01             0.746E-17
            -0.664E+01             0.108E-16
            -0.662E+01            -0.608E-16
            -0.661E+01            -0.576E-16
            -0.660E+01            -0.125E-16
            -0.658E+01             0.111E-15
            -0.657E+01            -0.102E-15
            -0.656E+01            -0.699E-17
            -0.654E+01            -0.203E-16
            -0.653E+01             0.276E-17
            -0.652E+01            -0.175E-16
            -0.650E+01             0.131E-16
            -0.649E+01            -0.236E-16
            -0.648E+01             0.138E-17
            -0.646E+01             0.857E-17
            -0.645E+01             0.209E-17
            -0.644E+01             0.797E-18
            -0.642E+01            -0.102E-17
            -0.641E+01             0.208E-18
            -0.639E+01             0.588E-18
            -0.638E+01             0.216E-18
            -0.637E+01             0.309E-18
            -0.635E+01             0.555E-19
            -0.634E+01             0.116E-19
            -0.633E+01             0.226E-20
            -0.631E+01            -0.241E-19
            -0.630E+01            -0.827E-20
            -0.629E+01            -0.521E-21
            -0.627E+01            -0.443E-20
            -0.626E+01             0.249E-21
            -0.625E+01            -0.933E-21
            -0.623E+01             0.252E-20
            -0.622E+01            -0.282E-21
            -0.621E+01             0.142E-21
            -0.619E+01            -0.624E-22
            -0.618E+01             0.211E-22
            -0.617E+01            -0.339E-22
            -0.615E+01            -0.152E-23
            -0.614E+01            -0.387E-23
            -0.613E+01            -0.694E-23
            -0.611E+01            -0.123E-23
            -0.610E+01             0.273E-24
            -0.609E+01             0.421E-24
            -0.607E+01             0.853E-24
            -0.606E+01            -0.131E-25
            -0.605E+01             0.575E-25
            -0.603E+01            -0.221E-25
            -0.602E+01             0.165E-25
            -0.600E+01            -0.914E-26
            -0.599E+01             0.393E-26
            -0.598E+01            -0.707E-27
            -0.596E+01            -0.139E-26
            -0.595E+01            -0.542E-28
            -0.594E+01            -0.432E-27
            -0.592E+01            -0.565E-28
            -0.591E+01             0.988E-28
            -0.590E+01             0.270E-28
            -0.588E+01            -0.272E-29
            -0.587E+01            -0.211E-29
            -0.586E+01             0.558E-30
            -0.584E+01             0.603E-31
            -0.583E+01             0.517E-30
            -0.582E+01             0.432E-30
            -0.580E+01             0.176E-30
            -0.579E+01             0.577E-31
            -0.578E+01            -0.373E-31
            -0.576E+01             0.315E-31
            -0.575E+01            -0.524E-31
            -0.574E+01             0.399E-31
            -0.572E+01            -0.414E-30
            -0.571E+01             0.212E-30
            -0.570E+01            -0.568E-31
            -0.568E+01            -0.653E-31
            -0.567E+01            -0.139E-30
            -0.566E+01             0.373E-30
            -0.564E+01             0.577E-32
            -0.563E+01            -0.399E-30
            -0.561E+01            -0.173E-31
            -0.560E+01            -0.204E-30
            -0.559E+01            -0.102E-30
            -0.557E+01             0.297E-30
            -0.556E+01             0.356E-31
            -0.555E+01             0.491E-31
            -0.553E+01             0.777E-31
            -0.552E+01             0.373E-31
            -0.551E+01            -0.484E-31
            -0.549E+01             0.259E-30
            -0.548E+01            -0.687E-31
            -0.547E+01            -0.156E-30
            -0.545E+01             0.981E-31
            -0.544E+01            -0.577E-31
            -0.543E+01            -0.354E-30
            -0.541E+01             0.268E-32
            -0.540E+01             0.431E-30
            -0.539E+01            -0.208E-30
            -0.537E+01            -0.146E-30
            -0.536E+01            -0.555E-30
            -0.535E+01             0.702E-31
            -0.533E+01             0.305E-32
            -0.532E+01            -0.350E-30
            -0.531E+01            -0.108E-30
            -0.529E+01            -0.469E-30
            -0.528E+01             0.799E-31
            -0.527E+01            -0.184E-30
            -0.525E+01             0.498E-30
            -0.524E+01             0.311E-30
            -0.522E+01             0.184E-30
            -0.521E+01             0.182E-30
            -0.520E+01             0.115E-30
            -0.518E+01            -0.193E-30
            -0.517E+01            -0.478E-33
            -0.516E+01             0.723E-32
            -0.514E+01            -0.798E-31
            -0.513E+01            -0.168E-30
            -0.512E+01            -0.286E-31
            -0.510E+01             0.845E-31
            -0.509E+01            -0.225E-30
            -0.508E+01            -0.147E-30
            -0.506E+01             0.840E-30
            -0.505E+01            -0.164E-30
            -0.504E+01             0.190E-30
            -0.502E+01            -0.600E-30
            -0.501E+01            -0.131E-31
            -0.500E+01            -0.507E-31
            -0.498E+01             0.119E-30
            -0.497E+01            -0.554E-31
            -0.496E+01            -0.106E-30
            -0.494E+01             0.224E-31
            -0.493E+01            -0.829E-30
            -0.492E+01            -0.297E-31
            -0.490E+01            -0.149E-30
            -0.489E+01            -0.336E-30
            -0.488E+01            -0.401E-30
            -0.486E+01             0.186E-30
            -0.485E+01            -0.568E-31
            -0.483E+01            -0.124E-30
            -0.482E+01             0.364E-30
            -0.481E+01            -0.103E-30
            -0.479E+01             0.888E-31
            -0.478E+01             0.163E-30
            -0.477E+01            -0.213E-30
            -0.475E+01             0.520E-31
            -0.474E+01             0.177E-30
            -0.473E+01             0.110E-30
            -0.471E+01             0.100E-30
            -0.470E+01            -0.500E-31
            -0.469E+01             0.404E-32
            -0.467E+01            -0.377E-30
            -0.466E+01             0.871E-31
            -0.465E+01            -0.637E-31
            -0.463E+01             0.484E-30
            -0.462E+01            -0.493E-31
            -0.461E+01             0.623E-31
            -0.459E+01            -0.215E-30
            -0.458E+01             0.233E-31
            -0.457E+01             0.324E-30
            -0.455E+01             0.280E-30
            -0.454E+01             0.413E-30
            -0.453E+01             0.231E-31
            -0.451E+01            -0.193E-30
            -0.450E+01            -0.309E-30
            -0.449E+01             0.255E-32
            -0.447E+01             0.384E-30
            -0.446E+01            -0.419E-30
            -0.444E+01            -0.292E-30
            -0.443E+01             0.123E-30
            -0.442E+01             0.329E-30
            -0.440E+01             0.229E-30
            -0.439E+01             0.141E-31
            -0.438E+01             0.141E-30
            -0.436E+01             0.109E-30
            -0.435E+01             0.428E-30
            -0.434E+01             0.557E-30
            -0.432E+01             0.298E-30
            -0.431E+01            -0.156E-32
            -0.430E+01             0.174E-30
            -0.428E+01             0.102E-30
            -0.427E+01             0.741E-30
            -0.426E+01             0.141E-31
            -0.424E+01             0.239E-30
            -0.423E+01             0.682E-30
            -0.422E+01             0.516E-30
            -0.420E+01             0.120E-29
            -0.419E+01             0.354E-30
            -0.418E+01            -0.156E-32
            -0.416E+01             0.270E-30
            -0.415E+01             0.119E-30
            -0.414E+01             0.121E-30
            -0.412E+01            -0.491E-30
            -0.411E+01             0.130E-30
            -0.410E+01             0.478E-30
            -0.408E+01            -0.759E-31
            -0.407E+01             0.270E-30
            -0.405E+01            -0.424E-30
            -0.404E+01             0.284E-30
            -0.403E+01             0.382E-30
            -0.401E+01             0.517E-30
            -0.400E+01             0.801E-30
            -0.399E+01             0.800E-31
            -0.397E+01            -0.800E-31
            -0.396E+01             0.623E-30
            -0.395E+01            -0.329E-30
            -0.393E+01            -0.908E-31
            -0.392E+01            -0.328E-30
            -0.391E+01            -0.267E-30
            -0.389E+01            -0.147E-31
            -0.388E+01            -0.527E-30
            -0.387E+01            -0.378E-30
            -0.385E+01             0.451E-30
            -0.384E+01             0.612E-30
            -0.383E+01            -0.243E-30
            -0.381E+01            -0.233E-31
            -0.380E+01             0.141E-30
            -0.379E+01            -0.565E-31
            -0.377E+01             0.365E-30
            -0.376E+01             0.164E-30
            -0.375E+01            -0.586E-30
            -0.373E+01            -0.303E-30
            -0.372E+01            -0.674E-30
            -0.371E+01            -0.410E-30
            -0.369E+01             0.633E-30
            -0.368E+01            -0.575E-31
            -0.366E+01             0.268E-30
            -0.365E+01             0.197E-30
            -0.364E+01            -0.408E-31
            -0.362E+01             0.786E-30
            -0.361E+01            -0.984E-31
            -0.360E+01             0.524E-30
            -0.358E+01            -0.488E-30
            -0.357E+01            -0.569E-30
            -0.356E+01            -0.103E-29
            -0.354E+01             0.163E-30
            -0.353E+01             0.141E-29
            -0.352E+01             0.832E-30
            -0.350E+01             0.150E-29
            -0.349E+01             0.854E-30
            -0.348E+01             0.922E-30
            -0.346E+01             0.750E-31
            -0.345E+01             0.282E-31
            -0.344E+01            -0.350E-30
            -0.342E+01            -0.260E-30
            -0.341E+01             0.938E-31
            -0.340E+01             0.426E-30
            -0.338E+01            -0.353E-30
            -0.337E+01            -0.746E-30
            -0.336E+01            -0.663E-30
            -0.334E+01            -0.147E-30
            -0.333E+01             0.987E-30
            -0.332E+01             0.102E-29
            -0.330E+01             0.426E-30
            -0.329E+01            -0.174E-30
            -0.327E+01             0.767E-30
            -0.326E+01             0.535E-30
            -0.325E+01            -0.494E-30
            -0.323E+01             0.363E-31
            -0.322E+01             0.216E-29
            -0.321E+01             0.866E-31
            -0.319E+01            -0.324E-30
            -0.318E+01             0.407E-30
            -0.317E+01             0.448E-30
            -0.315E+01             0.178E-29
            -0.314E+01             0.262E-30
            -0.313E+01            -0.915E-30
            -0.311E+01            -0.591E-31
            -0.310E+01             0.287E-30
            -0.309E+01            -0.215E-29
            -0.307E+01             0.974E-31
            -0.306E+01            -0.585E-30
            -0.305E+01            -0.143E-29
            -0.303E+01            -0.922E-30
            -0.302E+01             0.449E-30
            -0.301E+01            -0.868E-30
            -0.299E+01            -0.451E-31
            -0.298E+01            -0.166E-30
            -0.297E+01            -0.838E-30
            -0.295E+01            -0.401E-30
            -0.294E+01            -0.444E-30
            -0.293E+01             0.820E-30
            -0.291E+01            -0.724E-30
            -0.290E+01            -0.679E-30
            -0.288E+01            -0.184E-30
            -0.287E+01            -0.105E-29
            -0.286E+01            -0.414E-30
            -0.284E+01             0.622E-30
            -0.283E+01            -0.241E-30
            -0.282E+01             0.800E-30
            -0.280E+01            -0.227E-30
            -0.279E+01             0.381E-30
            -0.278E+01             0.131E-29
            -0.276E+01             0.367E-29
            -0.275E+01             0.706E-29
            -0.274E+01             0.132E-28
            -0.272E+01             0.263E-28
            -0.271E+01             0.549E-28
            -0.270E+01             0.110E-27
            -0.268E+01             0.223E-27
            -0.267E+01             0.448E-27
            -0.266E+01             0.892E-27
            -0.264E+01             0.177E-26
            -0.263E+01             0.351E-26
            -0.262E+01             0.692E-26
            -0.260E+01             0.136E-25
            -0.259E+01             0.266E-25
            -0.258E+01             0.520E-25
            -0.256E+01             0.101E-24
            -0.255E+01             0.196E-24
            -0.254E+01             0.378E-24
            -0.252E+01             0.727E-24
            -0.251E+01             0.139E-23
            -0.249E+01             0.267E-23
            -0.248E+01             0.507E-23
            -0.247E+01             0.963E-23
            -0.245E+01             0.182E-22
            -0.244E+01             0.343E-22
            -0.243E+01             0.644E-22
            -0.241E+01             0.120E-21
            -0.240E+01             0.225E-21
            -0.239E+01             0.417E-21
            -0.237E+01             0.772E-21
            -0.236E+01             0.142E-20
            -0.235E+01             0.262E-20
            -0.233E+01             0.479E-20
            -0.232E+01             0.874E-20
            -0.231E+01             0.159E-19
            -0.229E+01             0.288E-19
            -0.228E+01             0.520E-19
            -0.227E+01             0.936E-19
            -0.225E+01             0.168E-18
            -0.224E+01             0.300E-18
            -0.223E+01             0.533E-18
            -0.221E+01             0.945E-18
            -0.220E+01             0.167E-17
            -0.219E+01             0.294E-17
            -0.217E+01             0.516E-17
            -0.216E+01             0.902E-17
            -0.215E+01             0.157E-16
            -0.213E+01             0.273E-16
            -0.212E+01             0.472E-16
            -0.210E+01             0.813E-16
            -0.209E+01             0.140E-15
            -0.208E+01             0.239E-15
            -0.206E+01             0.407E-15
            -0.205E+01             0.691E-15
            -0.204E+01             0.117E-14
            -0.202E+01             0.197E-14
            -0.201E+01             0.331E-14
            -0.200E+01             0.554E-14
            -0.198E+01             0.924E-14
            -0.197E+01             0.154E-13
            -0.196E+01             0.254E-13
            -0.194E+01             0.420E-13
            -0.193E+01             0.690E-13
            -0.192E+01             0.113E-12
            -0.190E+01             0.184E-12
            -0.189E+01             0.300E-12
            -0.188E+01             0.485E-12
            -0.186E+01             0.783E-12
            -0.185E+01             0.126E-11
            -0.184E+01             0.202E-11
            -0.182E+01             0.322E-11
            -0.181E+01             0.512E-11
            -0.180E+01             0.811E-11
            -0.178E+01             0.128E-10
            -0.177E+01             0.201E-10
            -0.176E+01             0.315E-10
            -0.174E+01             0.492E-10
            -0.173E+01             0.766E-10
            -0.171E+01             0.119E-09
            -0.170E+01             0.183E-09
            -0.169E+01             0.282E-09
            -0.167E+01             0.432E-09
            -0.166E+01             0.659E-09
            -0.165E+01             0.100E-08
            -0.163E+01             0.152E-08
            -0.162E+01             0.229E-08
            -0.161E+01             0.345E-08
            -0.159E+01             0.516E-08
            -0.158E+01             0.770E-08
            -0.157E+01             0.115E-07
            -0.155E+01             0.170E-07
            -0.154E+01             0.250E-07
            -0.153E+01             0.368E-07
            -0.151E+01             0.539E-07
            -0.150E+01             0.786E-07
            -0.149E+01             0.114E-06
            -0.147E+01             0.165E-06
            -0.146E+01             0.239E-06
            -0.145E+01             0.343E-06
            -0.143E+01             0.491E-06
            -0.142E+01             0.700E-06
            -0.141E+01             0.994E-06
            -0.139E+01             0.141E-05
            -0.138E+01             0.198E-05
            -0.137E+01             0.278E-05
            -0.135E+01             0.389E-05
            -0.134E+01             0.542E-05
            -0.132E+01             0.753E-05
            -0.131E+01             0.104E-04
            -0.130E+01             0.143E-04
            -0.128E+01             0.197E-04
            -0.127E+01             0.269E-04
            -0.126E+01             0.365E-04
            -0.124E+01             0.495E-04
            -0.123E+01             0.669E-04
            -0.122E+01             0.899E-04
            -0.120E+01             0.120E-03
            -0.119E+01             0.161E-03
            -0.118E+01             0.214E-03
            -0.116E+01             0.283E-03
            -0.115E+01             0.373E-03
            -0.114E+01             0.489E-03
            -0.112E+01             0.639E-03
            -0.111E+01             0.833E-03
            -0.110E+01             0.108E-02
            -0.108E+01             0.139E-02
            -0.107E+01             0.179E-02
            -0.106E+01             0.230E-02
            -0.104E+01             0.293E-02
            -0.103E+01             0.373E-02
            -0.102E+01             0.471E-02
            -0.100E+01             0.594E-02
            -0.988E+00             0.745E-02
            -0.975E+00             0.931E-02
            -0.962E+00             0.116E-01
            -0.948E+00             0.143E-01
            -0.935E+00             0.177E-01
            -0.921E+00             0.217E-01
            -0.908E+00             0.266E-01
            -0.894E+00             0.323E-01
            -0.881E+00             0.392E-01
            -0.867E+00             0.473E-01
            -0.854E+00             0.568E-01
            -0.841E+00             0.679E-01
            -0.827E+00             0.808E-01
            -0.814E+00             0.958E-01
            -0.800E+00             0.113E+00
            -0.787E+00             0.133E+00
            -0.773E+00             0.155E+00
            -0.760E+00             0.180E+00
            -0.746E+00             0.209E+00
            -0.733E+00             0.240E+00
            -0.720E+00             0.275E+00
            -0.706E+00             0.314E+00
            -0.693E+00             0.356E+00
            -0.679E+00             0.402E+00
            -0.666E+00             0.451E+00
            -0.652E+00             0.504E+00
            -0.639E+00             0.559E+00
            -0.625E+00             0.618E+00
            -0.612E+00             0.678E+00
            -0.598E+00             0.741E+00
            -0.585E+00             0.804E+00
            -0.572E+00             0.867E+00
            -0.558E+00             0.929E+00
            -0.545E+00             0.989E+00
            -0.531E+00             0.105E+01
            -0.518E+00             0.110E+01
            -0.504E+00             0.114E+01
            -0.491E+00             0.118E+01
            -0.477E+00             0.121E+01
            -0.464E+00             0.123E+01
            -0.451E+00             0.124E+01
            -0.437E+00             0.124E+01
            -0.424E+00             0.122E+01
            -0.410E+00             0.119E+01
            -0.397E+00             0.114E+01
            -0.383E+00             0.108E+01
            -0.370E+00             0.100E+01
            -0.356E+00             0.908E+00
            -0.343E+00             0.800E+00
            -0.329E+00             0.680E+00
            -0.316E+00             0.547E+00
            -0.303E+00             0.405E+00
            -0.289E+00             0.256E+00
            -0.276E+00             0.101E+00
            -0.262E+00            -0.549E-01
            -0.249E+00            -0.210E+00
            -0.235E+00            -0.361E+00
            -0.222E+00            -0.504E+00
            -0.208E+00            -0.637E+00
            -0.195E+00            -0.755E+00
            -0.182E+00            -0.857E+00
            -0.168E+00            -0.939E+00
            -0.155E+00            -0.999E+00
            -0.141E+00            -0.104E+01
            -0.128E+00            -0.105E+01
            -0.114E+00            -0.104E+01
            -0.101E+00            -0.998E+00
            -0.874E-01            -0.936E+00
            -0.740E-01            -0.851E+00
            -0.605E-01            -0.744E+00
            -0.471E-01            -0.619E+00
            -0.336E-01            -0.479E+00
            -0.202E-01            -0.326E+00
            -0.672E-02            -0.165E+00
             0.672E-02             0.793E-12
             0.202E-01             0.165E+00
             0.336E-01             0.326E+00
             0.471E-01             0.479E+00
             0.605E-01             0.619E+00
             0.740E-01             0.744E+00
             0.874E-01             0.851E+00
             0.101E+00             0.936E+00
             0.114E+00             0.998E+00
             0.128E+00             0.104E+01
             0.141E+00             0.105E+01
             0.155E+00             0.104E+01
             0.168E+00             0.999E+00
             0.182E+00             0.939E+00
             0.195E+00             0.857E+00
             0.208E+00             0.755E+00
             0.222E+00             0.637E+00
             0.235E+00             0.504E+00
             0.249E+00             0.361E+00
             0.262E+00             0.210E+00
             0.276E+00             0.549E-01
             0.289E+00            -0.101E+00
             0.303E+00            -0.256E+00
             0.316E+00            -0.405E+00
             0.329E+00            -0.547E+00
             0.343E+00            -0.680E+00
             0.356E+00            -0.800E+00
             0.370E+00            -0.908E+00
             0.383E+00            -0.100E+01
             0.397E+00            -0.108E+01
             0.410E+00            -0.114E+01
             0.424E+00            -0.119E+01
             0.437E+00            -0.122E+01
             0.451E+00            -0.124E+01
             0.464E+00            -0.124E+01
             0.477E+00            -0.123E+01
             0.491E+00            -0.121E+01
             0.504E+00            -0.118E+01
             0.518E+00            -0.114E+01
             0.531E+00            -0.110E+01
             0.545E+00            -0.105E+01
             0.558E+00            -0.989E+00
             0.572E+00            -0.929E+00
             0.585E+00            -0.867E+00
             0.598E+00            -0.804E+00
             0.612E+00            -0.741E+00
             0.625E+00            -0.678E+00
             0.639E+00            -0.618E+00
             0.652E+00            -0.559E+00
             0.666E+00            -0.504E+00
             0.679E+00            -0.451E+00
             0.693E+00            -0.402E+00
             0.706E+00            -0.356E+00
             0.720E+00            -0.314E+00
             0.733E+00            -0.275E+00
             0.746E+00            -0.240E+00
             0.760E+00            -0.209E+00
             0.773E+00            -0.180E+00
             0.787E+00            -0.155E+00
             0.800E+00            -0.133E+00
             0.814E+00            -0.113E+00
             0.827E+00            -0.958E-01
             0.841E+00            -0.808E-01
             0.854E+00            -0.679E-01
             0.867E+00            -0.568E-01
             0.881E+00            -0.473E-01
             0.894E+00            -0.392E-01
             0.908E+00            -0.323E-01
             0.921E+00            -0.266E-01
             0.935E+00            -0.217E-01
             0.948E+00            -0.177E-01
             0.962E+00            -0.143E-01
             0.975E+00            -0.116E-01
             0.988E+00            -0.931E-02
             0.100E+01            -0.745E-02
             0.102E+01            -0.594E-02
             0.103E+01            -0.471E-02
             0.104E+01            -0.373E-02
             0.106E+01            -0.293E-02
             0.107E+01            -0.230E-02
             0.108E+01            -0.179E-02
             0.110E+01            -0.139E-02
             0.111E+01            -0.108E-02
             0.112E+01            -0.833E-03
             0.114E+01            -0.639E-03
             0.115E+01            -0.489E-03
             0.116E+01            -0.373E-03
             0.118E+01            -0.283E-03
             0.119E+01            -0.214E-03
             0.120E+01            -0.161E-03
             0.122E+01            -0.120E-03
             0.123E+01            -0.899E-04
             0.124E+01            -0.669E-04
             0.126E+01            -0.495E-04
             0.127E+01            -0.365E-04
             0.128E+01            -0.269E-04
             0.130E+01            -0.197E-04
             0.131E+01            -0.143E-04
             0.132E+01            -0.104E-04
             0.134E+01            -0.753E-05
             0.135E+01            -0.542E-05
             0.137E+01            -0.389E-05
             0.138E+01            -0.278E-05
             0.139E+01            -0.198E-05
             0.141E+01            -0.141E-05
             0.142E+01            -0.994E-06
             0.143E+01            -0.700E-06
             0.145E+01            -0.491E-06
             0.146E+01            -0.343E-06
             0.147E+01            -0.239E-06
             0.149E+01            -0.165E-06
             0.150E+01            -0.114E-06
             0.151E+01            -0.786E-07
             0.153E+01            -0.539E-07
             0.154E+01            -0.368E-07
             0.155E+01            -0.250E-07
             0.157E+01            -0.170E-07
             0.158E+01            -0.115E-07
             0.159E+01            -0.770E-08
             0.161E+01            -0.516E-08
             0.162E+01            -0.345E-08
             0.163E+01            -0.229E-08
             0.165E+01            -0.152E-08
             0.166E+01            -0.100E-08
             0.167E+01            -0.659E-09
             0.169E+01            -0.432E-09
             0.170E+01            -0.282E-09
             0.171E+01            -0.183E-09
             0.173E+01            -0.119E-09
             0.174E+01            -0.766E-10
             0.176E+01            -0.492E-10
             0.177E+01            -0.315E-10
             0.178E+01            -0.201E-10
             0.180E+01            -0.128E-10
             0.181E+01            -0.811E-11
             0.182E+01            -0.512E-11
             0.184E+01            -0.322E-11
             0.185E+01            -0.202E-11
             0.186E+01            -0.126E-11
             0.188E+01            -0.785E-12
             0.189E+01            -0.483E-12
             0.190E+01            -0.295E-12
             0.192E+01            -0.187E-12
             0.193E+01            -0.118E-12
             0.194E+01            -0.703E-13
             0.196E+01            -0.408E-13
             0.197E+01            -0.198E-13
             0.198E+01            -0.138E-13
             0.200E+01            -0.875E-14
             0.201E+01            -0.640E-14
             0.202E+01            -0.109E-14
             0.204E+01             0.169E-14
             0.205E+01             0.569E-14
             0.206E+01             0.107E-13
             0.208E+01             0.764E-14
             0.209E+01             0.604E-14
             0.210E+01             0.442E-14
             0.212E+01             0.660E-14
             0.213E+01             0.227E-14
             0.215E+01             0.404E-14
             0.216E+01             0.426E-14
             0.217E+01             0.347E-14
             0.219E+01             0.106E-14
             0.220E+01            -0.104E-14
             0.221E+01            -0.256E-14
             0.223E+01            -0.112E-14
             0.224E+01             0.938E-15
             0.225E+01             0.277E-14
             0.227E+01             0.237E-14
             0.228E+01            -0.675E-15
             0.229E+01             0.229E-14
             0.231E+01            -0.465E-14
             0.232E+01            -0.103E-14
             0.233E+01            -0.250E-14
             0.235E+01            -0.238E-14
             0.236E+01            -0.192E-14
             0.237E+01            -0.226E-14
             0.239E+01             0.165E-14
             0.240E+01            -0.366E-15
             0.241E+01             0.247E-14
             0.243E+01             0.100E-14
             0.244E+01             0.474E-14
             0.245E+01             0.327E-14
             0.247E+01            -0.401E-15
             0.248E+01            -0.228E-14
             0.249E+01             0.835E-15
             0.251E+01             0.164E-14
             0.252E+01            -0.122E-14
             0.254E+01             0.219E-14
             0.255E+01             0.854E-15
             0.256E+01             0.116E-14
             0.258E+01             0.555E-15
             0.259E+01             0.379E-14
             0.260E+01             0.990E-16
             0.262E+01             0.111E-15
             0.263E+01            -0.107E-14
             0.264E+01            -0.109E-14
             0.266E+01            -0.658E-15
             0.267E+01            -0.501E-15
             0.268E+01             0.372E-15
             0.270E+01             0.209E-14
             0.271E+01             0.259E-14
             0.272E+01             0.161E-14
             0.274E+01             0.375E-15
             0.275E+01            -0.126E-14
             0.276E+01            -0.116E-15
             0.278E+01             0.413E-14
             0.279E+01             0.257E-14
             0.280E+01             0.187E-14
             0.282E+01             0.672E-15
             0.283E+01            -0.315E-15
             0.284E+01            -0.260E-14
             0.286E+01            -0.235E-14
             0.287E+01            -0.359E-14
             0.288E+01            -0.319E-14
             0.290E+01            -0.200E-14
             0.291E+01             0.193E-15
             0.293E+01             0.874E-15
             0.294E+01            -0.312E-15
             0.295E+01            -0.597E-15
             0.297E+01            -0.254E-14
             0.298E+01             0.273E-14
             0.299E+01             0.307E-14
             0.301E+01             0.509E-14
             0.302E+01             0.340E-14
             0.303E+01            -0.176E-15
             0.305E+01            -0.595E-15
             0.306E+01             0.225E-14
             0.307E+01             0.283E-14
             0.309E+01             0.167E-14
             0.310E+01             0.260E-14
             0.311E+01             0.208E-15
             0.313E+01             0.165E-16
             0.314E+01            -0.671E-16
             0.315E+01             0.136E-15
             0.317E+01            -0.299E-15
             0.318E+01            -0.292E-15
             0.319E+01             0.123E-14
             0.321E+01            -0.639E-15
             0.322E+01            -0.773E-15
             0.323E+01             0.605E-15
             0.325E+01             0.211E-14
             0.326E+01             0.127E-14
             0.327E+01            -0.175E-14
             0.329E+01            -0.258E-14
             0.330E+01            -0.346E-15
             0.332E+01            -0.488E-15
             0.333E+01             0.518E-15
             0.334E+01             0.152E-14
             0.336E+01            -0.592E-15
             0.337E+01             0.560E-16
             0.338E+01             0.252E-14
             0.340E+01            -0.111E-14
             0.341E+01             0.435E-15
             0.342E+01            -0.469E-15
             0.344E+01            -0.145E-14
             0.345E+01            -0.251E-14
             0.346E+01            -0.355E-16
             0.348E+01            -0.132E-14
             0.349E+01            -0.254E-15
             0.350E+01            -0.346E-15
             0.352E+01             0.153E-15
             0.353E+01             0.383E-15
             0.354E+01             0.316E-14
             0.356E+01             0.324E-14
             0.357E+01             0.161E-14
             0.358E+01             0.155E-14
             0.360E+01             0.414E-15
             0.361E+01            -0.374E-15
             0.362E+01             0.731E-15
             0.364E+01             0.473E-15
             0.365E+01             0.527E-15
             0.366E+01             0.740E-15
             0.368E+01            -0.494E-15
             0.369E+01            -0.217E-15
             0.371E+01             0.231E-14
             0.372E+01             0.241E-14
             0.373E+01            -0.101E-14
             0.375E+01             0.147E-15
             0.376E+01             0.213E-14
             0.377E+01             0.815E-15
             0.379E+01            -0.886E-15
             0.380E+01             0.435E-15
             0.381E+01             0.671E-16
             0.383E+01            -0.268E-14
             0.384E+01             0.291E-15
             0.385E+01             0.937E-17
             0.387E+01            -0.131E-14
             0.388E+01            -0.152E-14
             0.389E+01            -0.965E-15
             0.391E+01             0.284E-15
             0.392E+01             0.107E-14
             0.393E+01            -0.142E-14
             0.395E+01             0.517E-15
             0.396E+01             0.646E-17
             0.397E+01            -0.150E-14
             0.399E+01             0.613E-15
             0.400E+01             0.804E-15
             0.401E+01             0.189E-14
             0.403E+01            -0.522E-16
             0.404E+01            -0.242E-14
             0.405E+01            -0.454E-15
             0.407E+01             0.137E-14
             0.408E+01            -0.779E-15
             0.410E+01             0.306E-15
             0.411E+01             0.961E-15
             0.412E+01             0.383E-15
             0.414E+01             0.768E-15
             0.415E+01            -0.114E-15
             0.416E+01            -0.528E-15
             0.418E+01            -0.916E-15
             0.419E+01             0.205E-14
             0.420E+01             0.189E-14
             0.422E+01             0.930E-15
             0.423E+01             0.210E-15
             0.424E+01            -0.144E-14
             0.426E+01            -0.457E-15
             0.427E+01             0.815E-15
             0.428E+01            -0.614E-17
             0.430E+01            -0.206E-14
             0.431E+01             0.534E-16
             0.432E+01             0.102E-15
             0.434E+01             0.108E-14
             0.435E+01             0.425E-15
             0.436E+01            -0.379E-15
             0.438E+01             0.122E-15
             0.439E+01            -0.314E-15
             0.440E+01             0.453E-15
             0.442E+01             0.507E-15
             0.443E+01             0.193E-15
             0.444E+01            -0.250E-15
             0.446E+01             0.493E-15
             0.447E+01            -0.543E-15
             0.449E+01            -0.347E-15
             0.450E+01             0.107E-14
             0.451E+01             0.204E-14
             0.453E+01             0.991E-15
             0.454E+01             0.846E-15
             0.455E+01             0.114E-15
             0.457E+01             0.118E-14
             0.458E+01            -0.309E-15
             0.459E+01             0.744E-15
             0.461E+01             0.320E-15
             0.462E+01             0.795E-15
             0.463E+01             0.348E-15
             0.465E+01            -0.439E-15
             0.466E+01            -0.190E-15
             0.467E+01             0.539E-15
             0.469E+01             0.886E-15
             0.470E+01            -0.583E-15
             0.471E+01             0.598E-15
             0.473E+01             0.648E-15
             0.474E+01             0.325E-15
             0.475E+01            -0.986E-15
             0.477E+01             0.105E-14
             0.478E+01            -0.125E-14
             0.479E+01            -0.185E-14
             0.481E+01             0.971E-16
             0.482E+01            -0.130E-14
             0.483E+01             0.546E-15
             0.485E+01             0.539E-15
             0.486E+01             0.102E-14
             0.488E+01             0.867E-16
             0.489E+01            -0.577E-15
             0.490E+01            -0.303E-16
             0.492E+01            -0.667E-15
             0.493E+01             0.161E-14
             0.494E+01            -0.221E-15
             0.496E+01             0.813E-15
             0.497E+01             0.366E-15
             0.498E+01             0.120E-14
             0.500E+01             0.586E-15
             0.501E+01             0.136E-14
             0.502E+01            -0.804E-15
             0.504E+01            -0.218E-15
             0.505E+01            -0.115E-14
             0.506E+01             0.424E-15
             0.508E+01             0.191E-15
             0.509E+01             0.728E-15
             0.510E+01            -0.425E-15
             0.512E+01             0.386E-16
             0.513E+01            -0.187E-15
             0.514E+01            -0.486E-15
             0.516E+01             0.793E-15
             0.517E+01            -0.208E-14
             0.518E+01             0.170E-14
             0.520E+01            -0.101E-14
             0.521E+01             0.112E-14
             0.522E+01            -0.308E-14
             0.524E+01             0.821E-15
             0.525E+01            -0.797E-15
             0.527E+01            -0.662E-15
             0.528E+01            -0.272E-15
             0.529E+01            -0.688E-15
             0.531E+01             0.480E-15
             0.532E+01             0.116E-14
             0.533E+01            -0.730E-15
             0.535E+01            -0.835E-16
             0.536E+01             0.202E-14
             0.537E+01            -0.735E-15
             0.539E+01             0.161E-14
             0.540E+01            -0.120E-14
             0.541E+01             0.397E-15
             0.543E+01            -0.200E-14
             0.544E+01            -0.115E-15
             0.545E+01             0.471E-15
             0.547E+01             0.550E-15
             0.548E+01            -0.489E-15
             0.549E+01             0.757E-15
             0.551E+01            -0.102E-14
             0.552E+01            -0.642E-15
             0.553E+01             0.109E-14
             0.555E+01            -0.260E-14
             0.556E+01             0.114E-14
             0.557E+01            -0.189E-14
             0.559E+01            -0.448E-16
             0.560E+01            -0.102E-14
             0.561E+01            -0.695E-15
             0.563E+01            -0.768E-15
             0.564E+01            -0.609E-15
             0.566E+01            -0.585E-15
             0.567E+01            -0.692E-15
             0.568E+01            -0.933E-15
             0.570E+01            -0.685E-15
             0.571E+01             0.204E-14
             0.572E+01            -0.100E-15
             0.574E+01            -0.228E-14
             0.575E+01            -0.752E-16
             0.576E+01             0.313E-15
             0.578E+01             0.228E-14
             0.579E+01             0.105E-14
             0.580E+01            -0.184E-14
             0.582E+01             0.108E-15
             0.583E+01            -0.153E-14
             0.584E+01             0.141E-14
             0.586E+01            -0.230E-14
             0.587E+01             0.573E-15
             0.588E+01             0.829E-15
             0.590E+01            -0.115E-14
             0.591E+01             0.105E-14
             0.592E+01            -0.997E-16
             0.594E+01             0.642E-15
             0.595E+01             0.114E-14
             0.596E+01            -0.427E-15
             0.598E+01             0.115E-14
             0.599E+01            -0.204E-15
             0.600E+01            -0.235E-14
             0.602E+01             0.351E-14
             0.603E+01            -0.259E-14
             0.605E+01             0.224E-14
             0.606E+01            -0.187E-14
             0.607E+01             0.134E-14
             0.609E+01            -0.252E-14
             0.610E+01             0.116E-14
             0.611E+01            -0.244E-14
             0.613E+01             0.285E-15
             0.614E+01            -0.702E-15
             0.615E+01             0.290E-16
             0.617E+01            -0.925E-15
             0.618E+01             0.741E-15
             0.619E+01            -0.128E-14
             0.621E+01             0.177E-14
             0.622E+01            -0.223E-15
             0.623E+01             0.407E-16
             0.625E+01             0.263E-14
             0.626E+01             0.797E-15
             0.627E+01             0.153E-14
             0.629E+01             0.233E-15
             0.630E+01            -0.476E-16
             0.631E+01            -0.200E-14
             0.633E+01             0.119E-14
             0.634E+01            -0.364E-15
             0.635E+01            -0.844E-15
             0.637E+01             0.558E-15
             0.638E+01            -0.121E-14
             0.639E+01            -0.166E-14
             0.641E+01             0.886E-15
             0.642E+01             0.139E-14
             0.644E+01             0.823E-15
             0.645E+01            -0.155E-14
             0.646E+01             0.319E-14
             0.648E+01             0.135E-15
             0.649E+01             0.710E-15
             0.650E+01             0.162E-15
             0.652E+01            -0.106E-14
             0.653E+01             0.202E-15
             0.654E+01            -0.989E-15
             0.656E+01            -0.311E-15
             0.657E+01            -0.107E-14
             0.658E+01            -0.245E-15
             0.660E+01             0.635E-15
             0.661E+01             0.370E-15
             0.662E+01            -0.150E-15
             0.664E+01             0.924E-15
             0.665E+01            -0.475E-15
             0.666E+01            -0.147E-15
             0.668E+01            -0.345E-15
             0.669E+01            -0.508E-16
             0.670E+01            -0.514E-16
             0.672E+01            -0.341E-15
             0.673E+01             0.704E-15
             0.674E+01             0.896E-15
             0.676E+01            -0.113E-14
             0.677E+01             0.589E-15
             0.678E+01             0.487E-15
             0.680E+01            -0.311E-15
             0.681E+01             0.214E-14
             0.683E+01             0.478E-15
             0.684E+01             0.254E-15
             0.685E+01            -0.655E-15
             0.687E+01             0.105E-14
             0.688E+01             0.103E-14
             0.689E+01            -0.880E-15
             0.691E+01            -0.150E-14
             0.692E+01             0.169E-14
             0.693E+01            -0.364E-15
             0.695E+01            -0.196E-14
             0.696E+01             0.393E-14
             0.697E+01             0.682E-15
             0.699E+01            -0.133E-14
             0.700E+01             0.892E-15
