            -0.699E+01             0.730E-17
            -0.698E+01             0.180E-15
            -0.697E+01             0.374E-15
            -0.696E+01            -0.350E-15
            -0.695E+01             0.429E-15
            -0.694E+01            -0.737E-15
            -0.693E+01             0.111E-15
            -0.692E+01             0.256E-17
            -0.690E+01             0.276E-15
            -0.689E+01            -0.294E-15
            -0.688E+01             0.462E-15
            -0.687E+01             0.642E-15
            -0.686E+01            -0.778E-15
            -0.685E+01             0.394E-15
            -0.684E+01            -0.366E-15
            -0.683E+01             0.351E-15
            -0.682E+01            -0.179E-15
            -0.681E+01             0.478E-15
            -0.680E+01            -0.773E-16
            -0.679E+01             0.628E-17
            -0.678E+01             0.484E-15
            -0.677E+01            -0.286E-15
            -0.676E+01             0.410E-15
            -0.675E+01            -0.325E-15
            -0.674E+01             0.172E-15
            -0.672E+01            -0.559E-15
            -0.671E+01            -0.117E-15
            -0.670E+01            -0.112E-15
            -0.669E+01            -0.199E-15
            -0.668E+01            -0.378E-15
            -0.667E+01             0.189E-16
            -0.666E+01             0.451E-16
            -0.665E+01            -0.359E-15
            -0.664E+01             0.113E-15
            -0.663E+01             0.235E-15
            -0.662E+01            -0.102E-16
            -0.661E+01             0.166E-15
            -0.660E+01             0.197E-15
            -0.659E+01            -0.651E-16
            -0.658E+01            -0.697E-16
            -0.657E+01             0.292E-15
            -0.655E+01            -0.183E-15
            -0.654E+01            -0.148E-15
            -0.653E+01            -0.223E-15
            -0.652E+01            -0.805E-17
            -0.651E+01            -0.329E-15
            -0.650E+01            -0.558E-16
            -0.649E+01            -0.420E-16
            -0.648E+01             0.709E-16
            -0.647E+01            -0.745E-17
            -0.646E+01             0.543E-16
            -0.645E+01            -0.409E-16
            -0.644E+01             0.654E-16
            -0.643E+01            -0.426E-16
            -0.642E+01             0.334E-16
            -0.641E+01            -0.233E-16
            -0.640E+01             0.125E-16
            -0.639E+01            -0.131E-16
            -0.637E+01             0.136E-16
            -0.636E+01            -0.782E-17
            -0.635E+01             0.910E-17
            -0.634E+01            -0.548E-17
            -0.633E+01             0.191E-17
            -0.632E+01            -0.274E-17
            -0.631E+01             0.220E-17
            -0.630E+01            -0.135E-17
            -0.629E+01             0.115E-17
            -0.628E+01            -0.654E-18
            -0.627E+01             0.320E-18
            -0.626E+01            -0.279E-18
            -0.625E+01             0.306E-18
            -0.624E+01            -0.166E-18
            -0.623E+01             0.128E-18
            -0.622E+01            -0.408E-19
            -0.621E+01             0.288E-19
            -0.619E+01            -0.254E-19
            -0.618E+01             0.141E-19
            -0.617E+01            -0.946E-20
            -0.616E+01             0.719E-20
            -0.615E+01            -0.506E-20
            -0.614E+01             0.493E-20
            -0.613E+01            -0.228E-20
            -0.612E+01             0.641E-21
            -0.611E+01            -0.108E-20
            -0.610E+01             0.445E-21
            -0.609E+01            -0.226E-21
            -0.608E+01             0.146E-21
            -0.607E+01            -0.108E-21
            -0.606E+01             0.110E-21
            -0.605E+01            -0.454E-22
            -0.604E+01             0.272E-22
            -0.602E+01            -0.797E-23
            -0.601E+01             0.105E-22
            -0.600E+01            -0.331E-23
            -0.599E+01             0.214E-23
            -0.598E+01            -0.236E-23
            -0.597E+01             0.856E-24
            -0.596E+01            -0.630E-24
            -0.595E+01             0.267E-24
            -0.594E+01            -0.182E-24
            -0.593E+01             0.766E-25
            -0.592E+01            -0.720E-25
            -0.591E+01             0.222E-25
            -0.590E+01            -0.281E-25
            -0.589E+01             0.139E-25
            -0.588E+01            -0.119E-25
            -0.587E+01             0.692E-26
            -0.586E+01            -0.281E-26
            -0.584E+01             0.105E-26
            -0.583E+01            -0.449E-27
            -0.582E+01             0.438E-27
            -0.581E+01            -0.129E-27
            -0.580E+01             0.144E-27
            -0.579E+01            -0.740E-28
            -0.578E+01             0.401E-28
            -0.577E+01            -0.265E-28
            -0.576E+01             0.110E-28
            -0.575E+01            -0.645E-29
            -0.574E+01             0.457E-29
            -0.573E+01            -0.257E-29
            -0.572E+01             0.451E-30
            -0.571E+01            -0.105E-29
            -0.570E+01             0.635E-30
            -0.569E+01            -0.129E-30
            -0.568E+01             0.992E-30
            -0.566E+01            -0.172E-30
            -0.565E+01             0.478E-30
            -0.564E+01             0.127E-30
            -0.563E+01             0.121E-29
            -0.562E+01             0.365E-31
            -0.561E+01            -0.264E-30
            -0.560E+01            -0.521E-30
            -0.559E+01             0.525E-31
            -0.558E+01            -0.253E-30
            -0.557E+01             0.609E-32
            -0.556E+01             0.431E-30
            -0.555E+01            -0.554E-30
            -0.554E+01             0.205E-32
            -0.553E+01            -0.912E-31
            -0.552E+01             0.842E-30
            -0.551E+01             0.592E-30
            -0.550E+01            -0.362E-30
            -0.548E+01            -0.774E-30
            -0.547E+01            -0.538E-30
            -0.546E+01            -0.198E-31
            -0.545E+01            -0.591E-30
            -0.544E+01            -0.286E-30
            -0.543E+01             0.443E-30
            -0.542E+01            -0.601E-30
            -0.541E+01             0.359E-30
            -0.540E+01            -0.127E-30
            -0.539E+01             0.295E-31
            -0.538E+01             0.122E-30
            -0.537E+01             0.152E-30
            -0.536E+01             0.232E-30
            -0.535E+01            -0.950E-31
            -0.534E+01             0.616E-30
            -0.533E+01             0.176E-30
            -0.531E+01             0.603E-30
            -0.530E+01             0.116E-31
            -0.529E+01             0.263E-31
            -0.528E+01             0.602E-30
            -0.527E+01             0.488E-30
            -0.526E+01             0.732E-30
            -0.525E+01            -0.225E-30
            -0.524E+01             0.492E-30
            -0.523E+01             0.749E-30
            -0.522E+01             0.102E-29
            -0.521E+01             0.558E-30
            -0.520E+01             0.440E-30
            -0.519E+01             0.393E-30
            -0.518E+01            -0.397E-30
            -0.517E+01            -0.791E-31
            -0.516E+01             0.139E-30
            -0.515E+01             0.609E-30
            -0.513E+01            -0.787E-30
            -0.512E+01            -0.749E-30
            -0.511E+01            -0.344E-30
            -0.510E+01             0.327E-31
            -0.509E+01            -0.307E-31
            -0.508E+01             0.284E-30
            -0.507E+01            -0.715E-30
            -0.506E+01            -0.340E-30
            -0.505E+01            -0.158E-31
            -0.504E+01             0.679E-30
            -0.503E+01             0.561E-30
            -0.502E+01             0.807E-30
            -0.501E+01             0.186E-30
            -0.500E+01             0.523E-30
            -0.499E+01             0.802E-30
            -0.498E+01            -0.418E-30
            -0.497E+01             0.988E-31
            -0.495E+01             0.290E-30
            -0.494E+01             0.131E-29
            -0.493E+01            -0.540E-30
            -0.492E+01            -0.526E-30
            -0.491E+01             0.327E-30
            -0.490E+01            -0.228E-30
            -0.489E+01             0.160E-30
            -0.488E+01            -0.928E-33
            -0.487E+01            -0.130E-30
            -0.486E+01             0.413E-30
            -0.485E+01             0.582E-30
            -0.484E+01            -0.159E-29
            -0.483E+01            -0.141E-30
            -0.482E+01            -0.483E-30
            -0.481E+01            -0.193E-30
            -0.480E+01             0.798E-30
            -0.479E+01             0.388E-30
            -0.477E+01             0.746E-30
            -0.476E+01             0.648E-30
            -0.475E+01             0.669E-30
            -0.474E+01             0.123E-29
            -0.473E+01             0.540E-30
            -0.472E+01             0.333E-32
            -0.471E+01             0.408E-30
            -0.470E+01            -0.263E-30
            -0.469E+01             0.125E-30
            -0.468E+01             0.158E-29
            -0.467E+01            -0.602E-30
            -0.466E+01            -0.174E-30
            -0.465E+01            -0.112E-29
            -0.464E+01             0.135E-29
            -0.463E+01            -0.475E-31
            -0.462E+01             0.510E-30
            -0.460E+01             0.587E-30
            -0.459E+01            -0.579E-30
            -0.458E+01             0.227E-29
            -0.457E+01            -0.378E-30
            -0.456E+01             0.854E-30
            -0.455E+01             0.104E-29
            -0.454E+01             0.635E-30
            -0.453E+01             0.121E-29
            -0.452E+01             0.228E-29
            -0.451E+01             0.281E-29
            -0.450E+01             0.127E-29
            -0.449E+01             0.140E-29
            -0.448E+01             0.328E-29
            -0.447E+01             0.208E-29
            -0.446E+01             0.156E-29
            -0.445E+01             0.203E-29
            -0.444E+01            -0.358E-30
            -0.442E+01            -0.744E-30
            -0.441E+01            -0.191E-29
            -0.440E+01            -0.160E-29
            -0.439E+01             0.287E-30
            -0.438E+01            -0.133E-29
            -0.437E+01            -0.920E-30
            -0.436E+01            -0.353E-30
            -0.435E+01            -0.195E-29
            -0.434E+01            -0.426E-30
            -0.433E+01            -0.488E-30
            -0.432E+01            -0.126E-29
            -0.431E+01             0.580E-30
            -0.430E+01             0.637E-30
            -0.429E+01            -0.840E-30
            -0.428E+01            -0.397E-30
            -0.427E+01             0.154E-29
            -0.426E+01             0.735E-30
            -0.424E+01            -0.548E-30
            -0.423E+01             0.941E-30
            -0.422E+01             0.307E-30
            -0.421E+01            -0.842E-30
            -0.420E+01             0.691E-30
            -0.419E+01             0.393E-30
            -0.418E+01             0.269E-30
            -0.417E+01            -0.627E-30
            -0.416E+01             0.150E-29
            -0.415E+01            -0.422E-30
            -0.414E+01             0.736E-30
            -0.413E+01             0.415E-31
            -0.412E+01             0.128E-29
            -0.411E+01            -0.140E-29
            -0.410E+01            -0.130E-29
            -0.409E+01            -0.160E-29
            -0.407E+01             0.294E-30
            -0.406E+01            -0.172E-29
            -0.405E+01            -0.190E-29
            -0.404E+01            -0.151E-29
            -0.403E+01            -0.622E-30
            -0.402E+01            -0.129E-29
            -0.401E+01            -0.171E-29
            -0.400E+01            -0.233E-30
            -0.399E+01            -0.970E-30
            -0.398E+01             0.296E-30
            -0.397E+01            -0.150E-30
            -0.396E+01             0.339E-30
            -0.395E+01             0.966E-30
            -0.394E+01             0.523E-30
            -0.393E+01             0.271E-30
            -0.392E+01             0.184E-29
            -0.391E+01             0.273E-29
            -0.389E+01             0.394E-29
            -0.388E+01             0.274E-29
            -0.387E+01             0.350E-29
            -0.386E+01             0.297E-29
            -0.385E+01             0.163E-29
            -0.384E+01            -0.622E-30
            -0.383E+01            -0.140E-29
            -0.382E+01            -0.105E-29
            -0.381E+01            -0.260E-29
            -0.380E+01            -0.160E-29
            -0.379E+01             0.435E-30
            -0.378E+01             0.104E-29
            -0.377E+01             0.218E-29
            -0.376E+01            -0.428E-30
            -0.375E+01             0.522E-30
            -0.374E+01            -0.103E-29
            -0.373E+01             0.435E-30
            -0.371E+01             0.117E-29
            -0.370E+01             0.143E-29
            -0.369E+01             0.292E-29
            -0.368E+01            -0.105E-30
            -0.367E+01             0.318E-29
            -0.366E+01             0.183E-29
            -0.365E+01             0.146E-30
            -0.364E+01             0.101E-29
            -0.363E+01            -0.253E-29
            -0.362E+01             0.234E-29
            -0.361E+01            -0.103E-29
            -0.360E+01            -0.148E-29
            -0.359E+01            -0.109E-29
            -0.358E+01            -0.930E-30
            -0.357E+01             0.173E-29
            -0.356E+01             0.266E-29
            -0.355E+01             0.184E-29
            -0.353E+01             0.256E-29
            -0.352E+01            -0.402E-30
            -0.351E+01             0.408E-30
            -0.350E+01            -0.319E-29
            -0.349E+01            -0.467E-30
            -0.348E+01            -0.162E-29
            -0.347E+01            -0.744E-30
            -0.346E+01            -0.176E-29
            -0.345E+01            -0.735E-30
            -0.344E+01             0.582E-30
            -0.343E+01             0.306E-30
            -0.342E+01             0.107E-29
            -0.341E+01             0.267E-29
            -0.340E+01             0.300E-30
            -0.339E+01             0.205E-29
            -0.338E+01             0.227E-29
            -0.336E+01            -0.750E-30
            -0.335E+01             0.928E-30
            -0.334E+01             0.765E-30
            -0.333E+01             0.283E-31
            -0.332E+01            -0.146E-29
            -0.331E+01            -0.114E-29
            -0.330E+01            -0.166E-29
            -0.329E+01            -0.112E-29
            -0.328E+01             0.148E-29
            -0.327E+01             0.852E-30
            -0.326E+01             0.319E-29
            -0.325E+01             0.200E-29
            -0.324E+01             0.603E-30
            -0.323E+01             0.516E-30
            -0.322E+01            -0.230E-30
            -0.321E+01            -0.364E-30
            -0.320E+01             0.111E-29
            -0.318E+01             0.105E-29
            -0.317E+01            -0.782E-30
            -0.316E+01             0.933E-31
            -0.315E+01            -0.232E-29
            -0.314E+01            -0.222E-29
            -0.313E+01            -0.524E-30
            -0.312E+01            -0.366E-30
            -0.311E+01             0.251E-29
            -0.310E+01            -0.137E-30
            -0.309E+01            -0.112E-29
            -0.308E+01             0.195E-30
            -0.307E+01             0.534E-30
            -0.306E+01             0.367E-31
            -0.305E+01            -0.162E-29
            -0.304E+01            -0.166E-29
            -0.303E+01            -0.284E-29
            -0.302E+01             0.155E-29
            -0.300E+01             0.135E-29
            -0.299E+01             0.525E-29
            -0.298E+01             0.335E-29
            -0.297E+01            -0.502E-30
            -0.296E+01            -0.850E-30
            -0.295E+01            -0.213E-29
            -0.294E+01            -0.105E-29
            -0.293E+01             0.123E-29
            -0.292E+01             0.846E-30
            -0.291E+01             0.121E-29
            -0.290E+01             0.840E-30
            -0.289E+01            -0.128E-29
            -0.288E+01            -0.964E-30
            -0.287E+01            -0.179E-29
            -0.286E+01             0.426E-30
            -0.285E+01             0.988E-30
            -0.283E+01            -0.102E-29
            -0.282E+01             0.139E-29
            -0.281E+01            -0.106E-29
            -0.280E+01             0.740E-30
            -0.279E+01            -0.814E-30
            -0.278E+01             0.362E-30
            -0.277E+01             0.268E-29
            -0.276E+01             0.224E-30
            -0.275E+01             0.850E-30
            -0.274E+01            -0.253E-29
            -0.273E+01            -0.132E-29
            -0.272E+01             0.357E-30
            -0.271E+01             0.355E-30
            -0.270E+01            -0.849E-30
            -0.269E+01            -0.340E-30
            -0.268E+01            -0.130E-29
            -0.267E+01            -0.143E-30
            -0.265E+01             0.172E-29
            -0.264E+01             0.327E-29
            -0.263E+01             0.456E-29
            -0.262E+01             0.143E-29
            -0.261E+01             0.252E-29
            -0.260E+01             0.617E-29
            -0.259E+01             0.111E-28
            -0.258E+01             0.198E-28
            -0.257E+01             0.352E-28
            -0.256E+01             0.639E-28
            -0.255E+01             0.107E-27
            -0.254E+01             0.182E-27
            -0.253E+01             0.310E-27
            -0.252E+01             0.527E-27
            -0.251E+01             0.892E-27
            -0.250E+01             0.151E-26
            -0.249E+01             0.254E-26
            -0.247E+01             0.428E-26
            -0.246E+01             0.719E-26
            -0.245E+01             0.121E-25
            -0.244E+01             0.202E-25
            -0.243E+01             0.336E-25
            -0.242E+01             0.560E-25
            -0.241E+01             0.931E-25
            -0.240E+01             0.154E-24
            -0.239E+01             0.256E-24
            -0.238E+01             0.422E-24
            -0.237E+01             0.695E-24
            -0.236E+01             0.114E-23
            -0.235E+01             0.188E-23
            -0.234E+01             0.307E-23
            -0.233E+01             0.501E-23
            -0.232E+01             0.817E-23
            -0.231E+01             0.133E-22
            -0.229E+01             0.216E-22
            -0.228E+01             0.349E-22
            -0.227E+01             0.564E-22
            -0.226E+01             0.909E-22
            -0.225E+01             0.146E-21
            -0.224E+01             0.235E-21
            -0.223E+01             0.376E-21
            -0.222E+01             0.601E-21
            -0.221E+01             0.958E-21
            -0.220E+01             0.152E-20
            -0.219E+01             0.242E-20
            -0.218E+01             0.383E-20
            -0.217E+01             0.606E-20
            -0.216E+01             0.955E-20
            -0.215E+01             0.150E-19
            -0.214E+01             0.236E-19
            -0.212E+01             0.370E-19
            -0.211E+01             0.578E-19
            -0.210E+01             0.902E-19
            -0.209E+01             0.140E-18
            -0.208E+01             0.218E-18
            -0.207E+01             0.338E-18
            -0.206E+01             0.523E-18
            -0.205E+01             0.806E-18
            -0.204E+01             0.124E-17
            -0.203E+01             0.191E-17
            -0.202E+01             0.292E-17
            -0.201E+01             0.447E-17
            -0.200E+01             0.682E-17
            -0.199E+01             0.104E-16
            -0.198E+01             0.158E-16
            -0.197E+01             0.239E-16
            -0.196E+01             0.362E-16
            -0.194E+01             0.546E-16
            -0.193E+01             0.823E-16
            -0.192E+01             0.124E-15
            -0.191E+01             0.185E-15
            -0.190E+01             0.277E-15
            -0.189E+01             0.414E-15
            -0.188E+01             0.617E-15
            -0.187E+01             0.917E-15
            -0.186E+01             0.136E-14
            -0.185E+01             0.201E-14
            -0.184E+01             0.297E-14
            -0.183E+01             0.438E-14
            -0.182E+01             0.644E-14
            -0.181E+01             0.944E-14
            -0.180E+01             0.138E-13
            -0.179E+01             0.202E-13
            -0.178E+01             0.294E-13
            -0.176E+01             0.427E-13
            -0.175E+01             0.620E-13
            -0.174E+01             0.897E-13
            -0.173E+01             0.130E-12
            -0.172E+01             0.187E-12
            -0.171E+01             0.269E-12
            -0.170E+01             0.385E-12
            -0.169E+01             0.552E-12
            -0.168E+01             0.788E-12
            -0.167E+01             0.112E-11
            -0.166E+01             0.160E-11
            -0.165E+01             0.227E-11
            -0.164E+01             0.321E-11
            -0.163E+01             0.453E-11
            -0.162E+01             0.639E-11
            -0.161E+01             0.898E-11
            -0.160E+01             0.126E-10
            -0.158E+01             0.177E-10
            -0.157E+01             0.247E-10
            -0.156E+01             0.344E-10
            -0.155E+01             0.478E-10
            -0.154E+01             0.664E-10
            -0.153E+01             0.919E-10
            -0.152E+01             0.127E-09
            -0.151E+01             0.175E-09
            -0.150E+01             0.241E-09
            -0.149E+01             0.331E-09
            -0.148E+01             0.453E-09
            -0.147E+01             0.619E-09
            -0.146E+01             0.844E-09
            -0.145E+01             0.115E-08
            -0.144E+01             0.156E-08
            -0.143E+01             0.211E-08
            -0.141E+01             0.285E-08
            -0.140E+01             0.384E-08
            -0.139E+01             0.517E-08
            -0.138E+01             0.694E-08
            -0.137E+01             0.930E-08
            -0.136E+01             0.124E-07
            -0.135E+01             0.166E-07
            -0.134E+01             0.220E-07
            -0.133E+01             0.293E-07
            -0.132E+01             0.388E-07
            -0.131E+01             0.512E-07
            -0.130E+01             0.676E-07
            -0.129E+01             0.889E-07
            -0.128E+01             0.117E-06
            -0.127E+01             0.153E-06
            -0.126E+01             0.200E-06
            -0.125E+01             0.261E-06
            -0.123E+01             0.339E-06
            -0.122E+01             0.440E-06
            -0.121E+01             0.570E-06
            -0.120E+01             0.737E-06
            -0.119E+01             0.951E-06
            -0.118E+01             0.122E-05
            -0.117E+01             0.157E-05
            -0.116E+01             0.201E-05
            -0.115E+01             0.257E-05
            -0.114E+01             0.328E-05
            -0.113E+01             0.417E-05
            -0.112E+01             0.530E-05
            -0.111E+01             0.672E-05
            -0.110E+01             0.849E-05
            -0.109E+01             0.107E-04
            -0.108E+01             0.135E-04
            -0.107E+01             0.169E-04
            -0.105E+01             0.212E-04
            -0.104E+01             0.265E-04
            -0.103E+01             0.330E-04
            -0.102E+01             0.411E-04
            -0.101E+01             0.510E-04
            -0.100E+01             0.632E-04
            -0.991E+00             0.782E-04
            -0.980E+00             0.964E-04
            -0.970E+00             0.119E-03
            -0.959E+00             0.146E-03
            -0.949E+00             0.178E-03
            -0.938E+00             0.218E-03
            -0.927E+00             0.266E-03
            -0.917E+00             0.324E-03
            -0.906E+00             0.393E-03
            -0.896E+00             0.476E-03
            -0.885E+00             0.576E-03
            -0.874E+00             0.694E-03
            -0.864E+00             0.836E-03
            -0.853E+00             0.100E-02
            -0.843E+00             0.120E-02
            -0.832E+00             0.144E-02
            -0.821E+00             0.171E-02
            -0.811E+00             0.204E-02
            -0.800E+00             0.242E-02
            -0.790E+00             0.287E-02
            -0.779E+00             0.339E-02
            -0.768E+00             0.400E-02
            -0.758E+00             0.471E-02
            -0.747E+00             0.552E-02
            -0.737E+00             0.647E-02
            -0.726E+00             0.757E-02
            -0.715E+00             0.882E-02
            -0.705E+00             0.103E-01
            -0.694E+00             0.119E-01
            -0.684E+00             0.138E-01
            -0.673E+00             0.160E-01
            -0.662E+00             0.184E-01
            -0.652E+00             0.212E-01
            -0.641E+00             0.243E-01
            -0.631E+00             0.279E-01
            -0.620E+00             0.318E-01
            -0.609E+00             0.363E-01
            -0.599E+00             0.413E-01
            -0.588E+00             0.469E-01
            -0.578E+00             0.531E-01
            -0.567E+00             0.600E-01
            -0.556E+00             0.677E-01
            -0.546E+00             0.762E-01
            -0.535E+00             0.855E-01
            -0.525E+00             0.958E-01
            -0.514E+00             0.107E+00
            -0.503E+00             0.119E+00
            -0.493E+00             0.133E+00
            -0.482E+00             0.147E+00
            -0.472E+00             0.163E+00
            -0.461E+00             0.180E+00
            -0.450E+00             0.199E+00
            -0.440E+00             0.219E+00
            -0.429E+00             0.240E+00
            -0.419E+00             0.263E+00
            -0.408E+00             0.288E+00
            -0.397E+00             0.314E+00
            -0.387E+00             0.341E+00
            -0.376E+00             0.370E+00
            -0.366E+00             0.401E+00
            -0.355E+00             0.433E+00
            -0.344E+00             0.467E+00
            -0.334E+00             0.503E+00
            -0.323E+00             0.540E+00
            -0.313E+00             0.578E+00
            -0.302E+00             0.618E+00
            -0.291E+00             0.658E+00
            -0.281E+00             0.700E+00
            -0.270E+00             0.743E+00
            -0.260E+00             0.787E+00
            -0.249E+00             0.832E+00
            -0.238E+00             0.877E+00
            -0.228E+00             0.922E+00
            -0.217E+00             0.968E+00
            -0.207E+00             0.101E+01
            -0.196E+00             0.106E+01
            -0.185E+00             0.110E+01
            -0.175E+00             0.115E+01
            -0.164E+00             0.119E+01
            -0.154E+00             0.123E+01
            -0.143E+00             0.127E+01
            -0.132E+00             0.131E+01
            -0.122E+00             0.135E+01
            -0.111E+00             0.139E+01
            -0.101E+00             0.142E+01
            -0.901E-01             0.145E+01
            -0.795E-01             0.148E+01
            -0.689E-01             0.150E+01
            -0.583E-01             0.153E+01
            -0.477E-01             0.154E+01
            -0.371E-01             0.156E+01
            -0.265E-01             0.157E+01
            -0.159E-01             0.158E+01
            -0.530E-02             0.159E+01
             0.530E-02             0.159E+01
             0.159E-01             0.159E+01
             0.265E-01             0.158E+01
             0.371E-01             0.157E+01
             0.477E-01             0.156E+01
             0.583E-01             0.154E+01
             0.689E-01             0.153E+01
             0.795E-01             0.150E+01
             0.901E-01             0.148E+01
             0.101E+00             0.145E+01
             0.111E+00             0.142E+01
             0.122E+00             0.139E+01
             0.132E+00             0.135E+01
             0.143E+00             0.131E+01
             0.154E+00             0.127E+01
             0.164E+00             0.123E+01
             0.175E+00             0.119E+01
             0.185E+00             0.115E+01
             0.196E+00             0.110E+01
             0.207E+00             0.106E+01
             0.217E+00             0.101E+01
             0.228E+00             0.968E+00
             0.238E+00             0.922E+00
             0.249E+00             0.877E+00
             0.260E+00             0.832E+00
             0.270E+00             0.787E+00
             0.281E+00             0.743E+00
             0.291E+00             0.700E+00
             0.302E+00             0.658E+00
             0.313E+00             0.618E+00
             0.323E+00             0.578E+00
             0.334E+00             0.540E+00
             0.344E+00             0.503E+00
             0.355E+00             0.467E+00
             0.366E+00             0.433E+00
             0.376E+00             0.401E+00
             0.387E+00             0.370E+00
             0.397E+00             0.341E+00
             0.408E+00             0.314E+00
             0.419E+00             0.288E+00
             0.429E+00             0.263E+00
             0.440E+00             0.240E+00
             0.450E+00             0.219E+00
             0.461E+00             0.199E+00
             0.472E+00             0.180E+00
             0.482E+00             0.163E+00
             0.493E+00             0.147E+00
             0.503E+00             0.133E+00
             0.514E+00             0.119E+00
             0.525E+00             0.107E+00
             0.535E+00             0.958E-01
             0.546E+00             0.855E-01
             0.556E+00             0.762E-01
             0.567E+00             0.677E-01
             0.578E+00             0.600E-01
             0.588E+00             0.531E-01
             0.599E+00             0.469E-01
             0.609E+00             0.413E-01
             0.620E+00             0.363E-01
             0.631E+00             0.318E-01
             0.641E+00             0.279E-01
             0.652E+00             0.243E-01
             0.662E+00             0.212E-01
             0.673E+00             0.184E-01
             0.684E+00             0.160E-01
             0.694E+00             0.138E-01
             0.705E+00             0.119E-01
             0.715E+00             0.103E-01
             0.726E+00             0.882E-02
             0.737E+00             0.757E-02
             0.747E+00             0.647E-02
             0.758E+00             0.552E-02
             0.768E+00             0.471E-02
             0.779E+00             0.400E-02
             0.790E+00             0.339E-02
             0.800E+00             0.287E-02
             0.811E+00             0.242E-02
             0.821E+00             0.204E-02
             0.832E+00             0.171E-02
             0.843E+00             0.144E-02
             0.853E+00             0.120E-02
             0.864E+00             0.100E-02
             0.874E+00             0.836E-03
             0.885E+00             0.694E-03
             0.896E+00             0.576E-03
             0.906E+00             0.476E-03
             0.917E+00             0.393E-03
             0.927E+00             0.324E-03
             0.938E+00             0.266E-03
             0.949E+00             0.218E-03
             0.959E+00             0.178E-03
             0.970E+00             0.146E-03
             0.980E+00             0.119E-03
             0.991E+00             0.964E-04
             0.100E+01             0.782E-04
             0.101E+01             0.632E-04
             0.102E+01             0.510E-04
             0.103E+01             0.411E-04
             0.104E+01             0.330E-04
             0.105E+01             0.265E-04
             0.107E+01             0.212E-04
             0.108E+01             0.169E-04
             0.109E+01             0.135E-04
             0.110E+01             0.107E-04
             0.111E+01             0.849E-05
             0.112E+01             0.672E-05
             0.113E+01             0.530E-05
             0.114E+01             0.417E-05
             0.115E+01             0.328E-05
             0.116E+01             0.257E-05
             0.117E+01             0.201E-05
             0.118E+01             0.157E-05
             0.119E+01             0.122E-05
             0.120E+01             0.951E-06
             0.121E+01             0.737E-06
             0.122E+01             0.570E-06
             0.123E+01             0.440E-06
             0.125E+01             0.339E-06
             0.126E+01             0.261E-06
             0.127E+01             0.200E-06
             0.128E+01             0.153E-06
             0.129E+01             0.117E-06
             0.130E+01             0.889E-07
             0.131E+01             0.676E-07
             0.132E+01             0.512E-07
             0.133E+01             0.388E-07
             0.134E+01             0.293E-07
             0.135E+01             0.220E-07
             0.136E+01             0.166E-07
             0.137E+01             0.124E-07
             0.138E+01             0.930E-08
             0.139E+01             0.694E-08
             0.140E+01             0.517E-08
             0.141E+01             0.384E-08
             0.143E+01             0.285E-08
             0.144E+01             0.211E-08
             0.145E+01             0.156E-08
             0.146E+01             0.115E-08
             0.147E+01             0.844E-09
             0.148E+01             0.619E-09
             0.149E+01             0.453E-09
             0.150E+01             0.331E-09
             0.151E+01             0.241E-09
             0.152E+01             0.175E-09
             0.153E+01             0.127E-09
             0.154E+01             0.919E-10
             0.155E+01             0.664E-10
             0.156E+01             0.478E-10
             0.157E+01             0.344E-10
             0.158E+01             0.247E-10
             0.160E+01             0.177E-10
             0.161E+01             0.126E-10
             0.162E+01             0.899E-11
             0.163E+01             0.639E-11
             0.164E+01             0.454E-11
             0.165E+01             0.321E-11
             0.166E+01             0.227E-11
             0.167E+01             0.160E-11
             0.168E+01             0.113E-11
             0.169E+01             0.788E-12
             0.170E+01             0.552E-12
             0.171E+01             0.376E-12
             0.172E+01             0.262E-12
             0.173E+01             0.184E-12
             0.174E+01             0.127E-12
             0.175E+01             0.860E-13
             0.176E+01             0.592E-13
             0.178E+01             0.437E-13
             0.179E+01             0.259E-13
             0.180E+01             0.168E-13
             0.181E+01             0.117E-13
             0.182E+01             0.300E-14
             0.183E+01             0.346E-14
             0.184E+01             0.365E-14
             0.185E+01             0.574E-14
             0.186E+01            -0.368E-14
             0.187E+01            -0.703E-14
             0.188E+01            -0.431E-14
             0.189E+01            -0.681E-14
             0.190E+01            -0.568E-14
             0.191E+01            -0.314E-14
             0.192E+01             0.311E-14
             0.193E+01             0.295E-14
             0.194E+01             0.403E-14
             0.196E+01            -0.274E-15
             0.197E+01            -0.922E-14
             0.198E+01            -0.883E-14
             0.199E+01            -0.156E-13
             0.200E+01            -0.136E-13
             0.201E+01            -0.131E-13
             0.202E+01            -0.991E-14
             0.203E+01            -0.843E-14
             0.204E+01            -0.439E-15
             0.205E+01            -0.118E-14
             0.206E+01             0.227E-14
             0.207E+01             0.623E-14
             0.208E+01             0.782E-14
             0.209E+01             0.260E-14
             0.210E+01             0.741E-15
             0.211E+01             0.198E-14
             0.212E+01             0.135E-14
             0.214E+01             0.856E-15
             0.215E+01             0.101E-14
             0.216E+01             0.145E-14
             0.217E+01             0.278E-17
             0.218E+01            -0.190E-14
             0.219E+01            -0.931E-15
             0.220E+01             0.334E-17
             0.221E+01             0.274E-14
             0.222E+01             0.576E-14
             0.223E+01             0.657E-14
             0.224E+01             0.628E-14
             0.225E+01             0.814E-14
             0.226E+01             0.526E-14
             0.227E+01             0.316E-14
             0.228E+01             0.147E-14
             0.229E+01             0.392E-14
             0.231E+01             0.473E-14
             0.232E+01             0.679E-14
             0.233E+01             0.405E-14
             0.234E+01            -0.144E-14
             0.235E+01            -0.402E-14
             0.236E+01             0.347E-14
             0.237E+01             0.439E-14
             0.238E+01             0.146E-14
             0.239E+01             0.457E-14
             0.240E+01             0.492E-14
             0.241E+01             0.830E-14
             0.242E+01             0.759E-14
             0.243E+01             0.232E-14
             0.244E+01             0.415E-14
             0.245E+01             0.805E-14
             0.246E+01             0.315E-14
             0.247E+01             0.257E-14
             0.249E+01             0.368E-14
             0.250E+01             0.227E-14
             0.251E+01             0.247E-14
             0.252E+01             0.171E-15
             0.253E+01            -0.162E-14
             0.254E+01             0.865E-15
             0.255E+01             0.906E-15
             0.256E+01             0.913E-15
             0.257E+01            -0.857E-15
             0.258E+01             0.297E-14
             0.259E+01             0.596E-14
             0.260E+01             0.580E-14
             0.261E+01             0.316E-14
             0.262E+01             0.193E-14
             0.263E+01             0.221E-14
             0.264E+01             0.456E-14
             0.265E+01             0.278E-14
             0.267E+01             0.266E-14
             0.268E+01            -0.295E-14
             0.269E+01            -0.267E-15
             0.270E+01             0.113E-15
             0.271E+01             0.171E-15
             0.272E+01            -0.393E-14
             0.273E+01            -0.505E-14
             0.274E+01            -0.431E-14
             0.275E+01            -0.140E-14
             0.276E+01             0.269E-14
             0.277E+01            -0.193E-14
             0.278E+01            -0.324E-14
             0.279E+01             0.273E-14
             0.280E+01             0.145E-14
             0.281E+01             0.118E-14
             0.282E+01            -0.101E-14
             0.283E+01            -0.366E-15
             0.285E+01            -0.125E-14
             0.286E+01             0.722E-15
             0.287E+01            -0.542E-15
             0.288E+01            -0.103E-14
             0.289E+01            -0.794E-15
             0.290E+01            -0.353E-14
             0.291E+01            -0.131E-14
             0.292E+01            -0.876E-15
             0.293E+01             0.109E-14
             0.294E+01            -0.233E-14
             0.295E+01             0.906E-15
             0.296E+01             0.146E-14
             0.297E+01             0.298E-14
             0.298E+01             0.582E-15
             0.299E+01             0.585E-15
             0.300E+01             0.189E-14
             0.302E+01             0.247E-14
             0.303E+01            -0.338E-16
             0.304E+01             0.308E-14
             0.305E+01             0.651E-15
             0.306E+01            -0.173E-15
             0.307E+01            -0.170E-14
             0.308E+01            -0.130E-14
             0.309E+01            -0.854E-15
             0.310E+01             0.177E-15
             0.311E+01             0.904E-15
             0.312E+01            -0.973E-15
             0.313E+01            -0.170E-14
             0.314E+01            -0.196E-14
             0.315E+01            -0.245E-15
             0.316E+01            -0.106E-14
             0.317E+01             0.358E-14
             0.318E+01             0.393E-14
             0.320E+01             0.196E-14
             0.321E+01            -0.642E-15
             0.322E+01            -0.155E-14
             0.323E+01            -0.200E-14
             0.324E+01            -0.121E-14
             0.325E+01             0.182E-15
             0.326E+01             0.686E-15
             0.327E+01            -0.266E-15
             0.328E+01             0.114E-14
             0.329E+01            -0.149E-15
             0.330E+01            -0.357E-14
             0.331E+01            -0.400E-14
             0.332E+01             0.895E-15
             0.333E+01             0.148E-14
             0.334E+01             0.266E-14
             0.335E+01             0.634E-15
             0.336E+01            -0.183E-14
             0.338E+01            -0.426E-14
             0.339E+01            -0.539E-14
             0.340E+01            -0.234E-14
             0.341E+01            -0.239E-14
             0.342E+01            -0.283E-14
             0.343E+01            -0.116E-14
             0.344E+01            -0.291E-14
             0.345E+01             0.154E-15
             0.346E+01            -0.434E-15
             0.347E+01            -0.138E-14
             0.348E+01             0.920E-15
             0.349E+01             0.233E-14
             0.350E+01             0.460E-14
             0.351E+01             0.153E-14
             0.352E+01             0.291E-14
             0.353E+01             0.349E-14
             0.355E+01             0.269E-14
             0.356E+01            -0.112E-14
             0.357E+01             0.478E-15
             0.358E+01             0.108E-14
             0.359E+01             0.390E-15
             0.360E+01             0.297E-15
             0.361E+01            -0.744E-15
             0.362E+01            -0.128E-14
             0.363E+01            -0.387E-14
             0.364E+01             0.376E-15
             0.365E+01             0.144E-14
             0.366E+01             0.146E-14
             0.367E+01             0.315E-15
             0.368E+01            -0.383E-15
             0.369E+01            -0.152E-14
             0.370E+01             0.157E-14
             0.371E+01             0.124E-14
             0.373E+01            -0.162E-15
             0.374E+01            -0.173E-14
             0.375E+01             0.209E-14
             0.376E+01             0.267E-14
             0.377E+01             0.563E-15
             0.378E+01            -0.138E-14
             0.379E+01            -0.187E-14
             0.380E+01            -0.118E-14
             0.381E+01             0.165E-14
             0.382E+01            -0.382E-15
             0.383E+01            -0.126E-14
             0.384E+01             0.581E-15
             0.385E+01             0.264E-14
             0.386E+01             0.188E-14
             0.387E+01             0.266E-15
             0.388E+01             0.275E-15
             0.389E+01            -0.128E-16
             0.391E+01            -0.131E-15
             0.392E+01            -0.318E-15
             0.393E+01             0.104E-14
             0.394E+01             0.508E-15
             0.395E+01             0.774E-15
             0.396E+01             0.476E-15
             0.397E+01             0.147E-14
             0.398E+01            -0.166E-14
             0.399E+01            -0.193E-14
             0.400E+01            -0.204E-14
             0.401E+01            -0.422E-15
             0.402E+01             0.609E-15
             0.403E+01            -0.434E-15
             0.404E+01             0.306E-14
             0.405E+01             0.186E-14
             0.406E+01             0.524E-15
             0.407E+01            -0.134E-14
             0.409E+01            -0.650E-16
             0.410E+01            -0.576E-15
             0.411E+01            -0.127E-15
             0.412E+01            -0.649E-15
             0.413E+01             0.222E-14
             0.414E+01             0.271E-14
             0.415E+01             0.253E-14
             0.416E+01            -0.165E-15
             0.417E+01            -0.276E-14
             0.418E+01            -0.473E-14
             0.419E+01            -0.254E-15
             0.420E+01             0.148E-14
             0.421E+01             0.221E-14
             0.422E+01             0.232E-14
             0.423E+01            -0.472E-16
             0.424E+01            -0.681E-15
             0.426E+01            -0.906E-16
             0.427E+01             0.992E-15
             0.428E+01             0.143E-14
             0.429E+01             0.644E-15
             0.430E+01             0.111E-14
             0.431E+01             0.159E-14
             0.432E+01             0.361E-15
             0.433E+01            -0.734E-15
             0.434E+01            -0.665E-15
             0.435E+01             0.846E-15
             0.436E+01            -0.280E-15
             0.437E+01             0.259E-15
             0.438E+01             0.106E-15
             0.439E+01             0.681E-15
             0.440E+01             0.149E-15
             0.441E+01             0.116E-14
             0.442E+01             0.131E-14
             0.444E+01             0.155E-14
             0.445E+01             0.441E-16
             0.446E+01             0.392E-15
             0.447E+01             0.131E-14
             0.448E+01             0.648E-15
             0.449E+01             0.144E-14
             0.450E+01            -0.806E-15
             0.451E+01            -0.121E-14
             0.452E+01             0.260E-14
             0.453E+01             0.234E-14
             0.454E+01             0.187E-14
             0.455E+01            -0.114E-15
             0.456E+01            -0.198E-15
             0.457E+01            -0.170E-14
             0.458E+01            -0.194E-14
             0.459E+01            -0.486E-16
             0.460E+01            -0.184E-14
             0.462E+01            -0.257E-15
             0.463E+01            -0.392E-14
             0.464E+01            -0.266E-15
             0.465E+01            -0.111E-14
             0.466E+01             0.682E-15
             0.467E+01            -0.618E-15
             0.468E+01             0.224E-14
             0.469E+01            -0.240E-14
             0.470E+01            -0.169E-14
             0.471E+01            -0.166E-14
             0.472E+01             0.637E-15
             0.473E+01             0.278E-14
             0.474E+01             0.279E-14
             0.475E+01             0.291E-14
             0.476E+01             0.437E-15
             0.477E+01            -0.249E-16
             0.479E+01             0.532E-15
             0.480E+01             0.320E-15
             0.481E+01             0.935E-15
             0.482E+01            -0.129E-15
             0.483E+01             0.352E-14
             0.484E+01             0.227E-15
             0.485E+01             0.849E-15
             0.486E+01            -0.235E-14
             0.487E+01             0.308E-16
             0.488E+01             0.855E-15
             0.489E+01             0.155E-14
             0.490E+01             0.136E-14
             0.491E+01            -0.975E-15
             0.492E+01            -0.747E-15
             0.493E+01            -0.289E-14
             0.494E+01             0.349E-17
             0.495E+01            -0.747E-15
             0.497E+01             0.196E-14
             0.498E+01             0.723E-15
             0.499E+01            -0.211E-15
             0.500E+01            -0.607E-15
             0.501E+01            -0.270E-14
             0.502E+01             0.984E-16
             0.503E+01            -0.440E-15
             0.504E+01            -0.735E-16
             0.505E+01            -0.343E-14
             0.506E+01            -0.346E-15
             0.507E+01             0.719E-15
             0.508E+01            -0.348E-15
             0.509E+01            -0.111E-14
             0.510E+01            -0.848E-15
             0.511E+01             0.130E-15
             0.512E+01             0.145E-14
             0.513E+01            -0.623E-15
             0.515E+01             0.101E-14
             0.516E+01            -0.722E-15
             0.517E+01            -0.166E-14
             0.518E+01             0.220E-15
             0.519E+01             0.819E-15
             0.520E+01             0.206E-14
             0.521E+01            -0.246E-14
             0.522E+01             0.427E-15
             0.523E+01            -0.178E-14
             0.524E+01             0.133E-14
             0.525E+01            -0.594E-15
             0.526E+01            -0.181E-14
             0.527E+01             0.106E-14
             0.528E+01            -0.166E-14
             0.529E+01             0.311E-14
             0.530E+01            -0.187E-14
             0.531E+01             0.119E-14
             0.533E+01             0.173E-14
             0.534E+01            -0.943E-15
             0.535E+01            -0.340E-14
             0.536E+01            -0.548E-15
             0.537E+01            -0.710E-15
             0.538E+01            -0.983E-15
             0.539E+01            -0.247E-14
             0.540E+01             0.428E-15
             0.541E+01             0.547E-15
             0.542E+01            -0.519E-15
             0.543E+01             0.190E-14
             0.544E+01            -0.108E-14
             0.545E+01             0.205E-14
             0.546E+01            -0.262E-14
             0.547E+01             0.233E-14
             0.548E+01             0.503E-15
             0.550E+01             0.670E-15
             0.551E+01            -0.500E-16
             0.552E+01            -0.153E-14
             0.553E+01             0.122E-14
             0.554E+01            -0.196E-15
             0.555E+01             0.120E-15
             0.556E+01             0.162E-14
             0.557E+01             0.114E-14
             0.558E+01             0.110E-14
             0.559E+01             0.515E-15
             0.560E+01            -0.163E-14
             0.561E+01            -0.160E-14
             0.562E+01            -0.315E-14
             0.563E+01             0.209E-14
             0.564E+01            -0.416E-15
             0.565E+01             0.111E-14
             0.566E+01             0.746E-15
             0.568E+01             0.157E-15
             0.569E+01            -0.162E-14
             0.570E+01            -0.146E-14
             0.571E+01            -0.609E-15
             0.572E+01            -0.959E-15
             0.573E+01             0.140E-14
             0.574E+01            -0.372E-15
             0.575E+01            -0.284E-15
             0.576E+01             0.389E-15
             0.577E+01             0.206E-15
             0.578E+01            -0.885E-15
             0.579E+01            -0.124E-14
             0.580E+01            -0.828E-15
             0.581E+01            -0.130E-14
             0.582E+01             0.617E-15
             0.583E+01            -0.207E-14
             0.584E+01            -0.836E-15
             0.586E+01             0.241E-14
             0.587E+01            -0.234E-14
             0.588E+01            -0.272E-14
             0.589E+01             0.755E-15
             0.590E+01             0.103E-14
             0.591E+01             0.211E-15
             0.592E+01             0.160E-14
             0.593E+01            -0.242E-14
             0.594E+01             0.290E-14
             0.595E+01             0.585E-15
             0.596E+01            -0.196E-14
             0.597E+01             0.488E-16
             0.598E+01            -0.458E-15
             0.599E+01             0.320E-14
             0.600E+01            -0.908E-15
             0.601E+01            -0.103E-14
             0.602E+01             0.766E-15
             0.604E+01            -0.389E-14
             0.605E+01             0.128E-14
             0.606E+01             0.120E-14
             0.607E+01             0.332E-15
             0.608E+01             0.497E-15
             0.609E+01            -0.183E-14
             0.610E+01             0.189E-15
             0.611E+01            -0.198E-14
             0.612E+01             0.117E-14
             0.613E+01             0.907E-16
             0.614E+01            -0.135E-14
             0.615E+01            -0.152E-14
             0.616E+01             0.114E-14
             0.617E+01             0.105E-14
             0.618E+01             0.979E-15
             0.619E+01             0.128E-14
             0.621E+01            -0.236E-14
             0.622E+01             0.265E-14
             0.623E+01            -0.180E-14
             0.624E+01             0.230E-14
             0.625E+01            -0.263E-14
             0.626E+01            -0.307E-14
             0.627E+01             0.125E-14
             0.628E+01            -0.182E-14
             0.629E+01             0.224E-14
             0.630E+01             0.640E-15
             0.631E+01            -0.165E-14
             0.632E+01             0.115E-14
             0.633E+01             0.361E-15
             0.634E+01             0.105E-14
             0.635E+01             0.132E-14
             0.636E+01            -0.964E-15
             0.637E+01            -0.110E-14
             0.639E+01             0.113E-14
             0.640E+01            -0.444E-14
             0.641E+01             0.625E-15
             0.642E+01            -0.140E-14
             0.643E+01             0.147E-14
             0.644E+01             0.258E-14
             0.645E+01             0.300E-14
             0.646E+01            -0.299E-14
             0.647E+01             0.526E-14
             0.648E+01            -0.374E-15
             0.649E+01             0.163E-15
             0.650E+01             0.205E-14
             0.651E+01            -0.153E-14
             0.652E+01            -0.128E-15
             0.653E+01            -0.153E-14
             0.654E+01            -0.123E-14
             0.655E+01            -0.157E-14
             0.657E+01            -0.177E-15
             0.658E+01            -0.812E-15
             0.659E+01             0.182E-14
             0.660E+01            -0.128E-14
             0.661E+01             0.256E-15
             0.662E+01             0.117E-14
             0.663E+01             0.207E-14
             0.664E+01            -0.253E-15
             0.665E+01             0.995E-15
             0.666E+01             0.614E-15
             0.667E+01            -0.207E-16
             0.668E+01             0.105E-14
             0.669E+01            -0.142E-14
             0.670E+01            -0.441E-15
             0.671E+01            -0.296E-14
             0.672E+01            -0.128E-14
             0.674E+01            -0.311E-15
             0.675E+01            -0.310E-14
             0.676E+01             0.268E-14
             0.677E+01             0.494E-15
             0.678E+01            -0.214E-15
             0.679E+01            -0.494E-16
             0.680E+01            -0.503E-15
             0.681E+01             0.452E-15
             0.682E+01             0.968E-16
             0.683E+01            -0.462E-16
             0.684E+01            -0.256E-15
             0.685E+01            -0.378E-15
             0.686E+01            -0.125E-14
             0.687E+01             0.568E-15
             0.688E+01             0.100E-14
             0.689E+01             0.758E-17
             0.690E+01             0.327E-15
             0.692E+01            -0.133E-14
             0.693E+01            -0.178E-14
             0.694E+01             0.210E-14
             0.695E+01             0.115E-14
             0.696E+01            -0.111E-14
             0.697E+01             0.241E-14
             0.698E+01            -0.634E-15
             0.699E+01            -0.256E-14
             0.700E+01             0.959E-15
