            -0.299E+01             0.143E-30
            -0.299E+01             0.404E-31
            -0.298E+01             0.620E-31
            -0.298E+01             0.272E-31
            -0.297E+01             0.575E-31
            -0.297E+01             0.163E-30
            -0.296E+01             0.533E-31
            -0.295E+01             0.453E-31
            -0.295E+01            -0.866E-31
            -0.294E+01             0.670E-31
            -0.294E+01             0.903E-31
            -0.293E+01             0.122E-30
            -0.293E+01             0.129E-31
            -0.292E+01            -0.677E-31
            -0.291E+01             0.227E-31
            -0.291E+01             0.595E-31
            -0.290E+01            -0.480E-31
            -0.290E+01            -0.429E-32
            -0.289E+01             0.964E-31
            -0.288E+01            -0.335E-31
            -0.288E+01            -0.139E-30
            -0.287E+01            -0.317E-31
            -0.287E+01             0.208E-31
            -0.286E+01             0.383E-32
            -0.286E+01            -0.571E-31
            -0.285E+01            -0.190E-30
            -0.284E+01            -0.162E-30
            -0.284E+01            -0.533E-31
            -0.283E+01             0.674E-31
            -0.283E+01            -0.812E-31
            -0.282E+01            -0.124E-30
            -0.282E+01             0.130E-31
            -0.281E+01             0.672E-31
            -0.280E+01            -0.889E-31
            -0.280E+01             0.282E-31
            -0.279E+01             0.901E-31
            -0.279E+01            -0.593E-31
            -0.278E+01            -0.793E-31
            -0.278E+01             0.710E-31
            -0.277E+01             0.138E-31
            -0.276E+01            -0.192E-30
            -0.276E+01            -0.139E-30
            -0.275E+01            -0.454E-31
            -0.275E+01            -0.399E-31
            -0.274E+01            -0.116E-30
            -0.273E+01             0.298E-32
            -0.273E+01             0.143E-30
            -0.272E+01             0.248E-31
            -0.272E+01             0.152E-32
            -0.271E+01             0.189E-31
            -0.271E+01            -0.175E-30
            -0.270E+01             0.261E-31
            -0.269E+01             0.644E-31
            -0.269E+01             0.939E-31
            -0.268E+01             0.402E-31
            -0.268E+01             0.932E-31
            -0.267E+01             0.155E-30
            -0.267E+01             0.259E-30
            -0.266E+01             0.352E-30
            -0.265E+01             0.452E-30
            -0.265E+01             0.561E-30
            -0.264E+01             0.619E-30
            -0.264E+01             0.980E-30
            -0.263E+01             0.138E-29
            -0.263E+01             0.180E-29
            -0.262E+01             0.237E-29
            -0.261E+01             0.322E-29
            -0.261E+01             0.446E-29
            -0.260E+01             0.595E-29
            -0.260E+01             0.807E-29
            -0.259E+01             0.109E-28
            -0.259E+01             0.145E-28
            -0.258E+01             0.197E-28
            -0.257E+01             0.263E-28
            -0.257E+01             0.356E-28
            -0.256E+01             0.479E-28
            -0.256E+01             0.642E-28
            -0.255E+01             0.860E-28
            -0.254E+01             0.115E-27
            -0.254E+01             0.155E-27
            -0.253E+01             0.207E-27
            -0.253E+01             0.277E-27
            -0.252E+01             0.370E-27
            -0.252E+01             0.494E-27
            -0.251E+01             0.660E-27
            -0.250E+01             0.880E-27
            -0.250E+01             0.117E-26
            -0.249E+01             0.156E-26
            -0.249E+01             0.208E-26
            -0.248E+01             0.277E-26
            -0.248E+01             0.369E-26
            -0.247E+01             0.490E-26
            -0.246E+01             0.651E-26
            -0.246E+01             0.864E-26
            -0.245E+01             0.115E-25
            -0.245E+01             0.152E-25
            -0.244E+01             0.201E-25
            -0.244E+01             0.266E-25
            -0.243E+01             0.352E-25
            -0.242E+01             0.466E-25
            -0.242E+01             0.615E-25
            -0.241E+01             0.812E-25
            -0.241E+01             0.107E-24
            -0.240E+01             0.141E-24
            -0.239E+01             0.186E-24
            -0.239E+01             0.245E-24
            -0.238E+01             0.323E-24
            -0.238E+01             0.424E-24
            -0.237E+01             0.558E-24
            -0.237E+01             0.733E-24
            -0.236E+01             0.962E-24
            -0.235E+01             0.126E-23
            -0.235E+01             0.165E-23
            -0.234E+01             0.217E-23
            -0.234E+01             0.283E-23
            -0.233E+01             0.371E-23
            -0.233E+01             0.485E-23
            -0.232E+01             0.633E-23
            -0.231E+01             0.827E-23
            -0.231E+01             0.108E-22
            -0.230E+01             0.141E-22
            -0.230E+01             0.183E-22
            -0.229E+01             0.239E-22
            -0.229E+01             0.311E-22
            -0.228E+01             0.404E-22
            -0.227E+01             0.525E-22
            -0.227E+01             0.682E-22
            -0.226E+01             0.885E-22
            -0.226E+01             0.115E-21
            -0.225E+01             0.149E-21
            -0.224E+01             0.193E-21
            -0.224E+01             0.249E-21
            -0.223E+01             0.323E-21
            -0.223E+01             0.417E-21
            -0.222E+01             0.539E-21
            -0.222E+01             0.696E-21
            -0.221E+01             0.898E-21
            -0.220E+01             0.116E-20
            -0.220E+01             0.149E-20
            -0.219E+01             0.192E-20
            -0.219E+01             0.247E-20
            -0.218E+01             0.318E-20
            -0.218E+01             0.408E-20
            -0.217E+01             0.524E-20
            -0.216E+01             0.673E-20
            -0.216E+01             0.863E-20
            -0.215E+01             0.111E-19
            -0.215E+01             0.142E-19
            -0.214E+01             0.181E-19
            -0.214E+01             0.232E-19
            -0.213E+01             0.297E-19
            -0.212E+01             0.379E-19
            -0.212E+01             0.484E-19
            -0.211E+01             0.617E-19
            -0.211E+01             0.787E-19
            -0.210E+01             0.100E-18
            -0.210E+01             0.128E-18
            -0.209E+01             0.162E-18
            -0.208E+01             0.207E-18
            -0.208E+01             0.263E-18
            -0.207E+01             0.333E-18
            -0.207E+01             0.423E-18
            -0.206E+01             0.537E-18
            -0.205E+01             0.680E-18
            -0.205E+01             0.862E-18
            -0.204E+01             0.109E-17
            -0.204E+01             0.138E-17
            -0.203E+01             0.174E-17
            -0.203E+01             0.220E-17
            -0.202E+01             0.278E-17
            -0.201E+01             0.351E-17
            -0.201E+01             0.442E-17
            -0.200E+01             0.557E-17
            -0.200E+01             0.702E-17
            -0.199E+01             0.883E-17
            -0.199E+01             0.111E-16
            -0.198E+01             0.140E-16
            -0.197E+01             0.175E-16
            -0.197E+01             0.220E-16
            -0.196E+01             0.276E-16
            -0.196E+01             0.346E-16
            -0.195E+01             0.433E-16
            -0.195E+01             0.542E-16
            -0.194E+01             0.678E-16
            -0.193E+01             0.847E-16
            -0.193E+01             0.106E-15
            -0.192E+01             0.132E-15
            -0.192E+01             0.165E-15
            -0.191E+01             0.205E-15
            -0.190E+01             0.256E-15
            -0.190E+01             0.319E-15
            -0.189E+01             0.397E-15
            -0.189E+01             0.493E-15
            -0.188E+01             0.613E-15
            -0.188E+01             0.761E-15
            -0.187E+01             0.944E-15
            -0.186E+01             0.117E-14
            -0.186E+01             0.145E-14
            -0.185E+01             0.180E-14
            -0.185E+01             0.222E-14
            -0.184E+01             0.275E-14
            -0.184E+01             0.340E-14
            -0.183E+01             0.420E-14
            -0.182E+01             0.518E-14
            -0.182E+01             0.640E-14
            -0.181E+01             0.788E-14
            -0.181E+01             0.971E-14
            -0.180E+01             0.120E-13
            -0.180E+01             0.147E-13
            -0.179E+01             0.181E-13
            -0.178E+01             0.222E-13
            -0.178E+01             0.273E-13
            -0.177E+01             0.335E-13
            -0.177E+01             0.411E-13
            -0.176E+01             0.503E-13
            -0.176E+01             0.616E-13
            -0.175E+01             0.754E-13
            -0.174E+01             0.922E-13
            -0.174E+01             0.113E-12
            -0.173E+01             0.138E-12
            -0.173E+01             0.168E-12
            -0.172E+01             0.205E-12
            -0.171E+01             0.250E-12
            -0.171E+01             0.304E-12
            -0.170E+01             0.371E-12
            -0.170E+01             0.451E-12
            -0.169E+01             0.548E-12
            -0.169E+01             0.666E-12
            -0.168E+01             0.809E-12
            -0.167E+01             0.981E-12
            -0.167E+01             0.119E-11
            -0.166E+01             0.144E-11
            -0.166E+01             0.175E-11
            -0.165E+01             0.211E-11
            -0.165E+01             0.256E-11
            -0.164E+01             0.309E-11
            -0.163E+01             0.373E-11
            -0.163E+01             0.450E-11
            -0.162E+01             0.543E-11
            -0.162E+01             0.654E-11
            -0.161E+01             0.788E-11
            -0.161E+01             0.949E-11
            -0.160E+01             0.114E-10
            -0.159E+01             0.137E-10
            -0.159E+01             0.165E-10
            -0.158E+01             0.198E-10
            -0.158E+01             0.237E-10
            -0.157E+01             0.285E-10
            -0.156E+01             0.341E-10
            -0.156E+01             0.409E-10
            -0.155E+01             0.489E-10
            -0.155E+01             0.585E-10
            -0.154E+01             0.699E-10
            -0.154E+01             0.834E-10
            -0.153E+01             0.996E-10
            -0.152E+01             0.119E-09
            -0.152E+01             0.142E-09
            -0.151E+01             0.169E-09
            -0.151E+01             0.201E-09
            -0.150E+01             0.239E-09
            -0.150E+01             0.284E-09
            -0.149E+01             0.337E-09
            -0.148E+01             0.400E-09
            -0.148E+01             0.475E-09
            -0.147E+01             0.563E-09
            -0.147E+01             0.667E-09
            -0.146E+01             0.790E-09
            -0.146E+01             0.934E-09
            -0.145E+01             0.110E-08
            -0.144E+01             0.131E-08
            -0.144E+01             0.154E-08
            -0.143E+01             0.182E-08
            -0.143E+01             0.215E-08
            -0.142E+01             0.253E-08
            -0.141E+01             0.298E-08
            -0.141E+01             0.350E-08
            -0.140E+01             0.412E-08
            -0.140E+01             0.485E-08
            -0.139E+01             0.569E-08
            -0.139E+01             0.668E-08
            -0.138E+01             0.784E-08
            -0.137E+01             0.919E-08
            -0.137E+01             0.108E-07
            -0.136E+01             0.126E-07
            -0.136E+01             0.147E-07
            -0.135E+01             0.172E-07
            -0.135E+01             0.201E-07
            -0.134E+01             0.235E-07
            -0.133E+01             0.274E-07
            -0.133E+01             0.320E-07
            -0.132E+01             0.373E-07
            -0.132E+01             0.434E-07
            -0.131E+01             0.506E-07
            -0.131E+01             0.588E-07
            -0.130E+01             0.683E-07
            -0.129E+01             0.794E-07
            -0.129E+01             0.921E-07
            -0.128E+01             0.107E-06
            -0.128E+01             0.124E-06
            -0.127E+01             0.143E-06
            -0.127E+01             0.166E-06
            -0.126E+01             0.192E-06
            -0.125E+01             0.222E-06
            -0.125E+01             0.257E-06
            -0.124E+01             0.296E-06
            -0.124E+01             0.342E-06
            -0.123E+01             0.394E-06
            -0.122E+01             0.454E-06
            -0.122E+01             0.523E-06
            -0.121E+01             0.602E-06
            -0.121E+01             0.692E-06
            -0.120E+01             0.796E-06
            -0.120E+01             0.914E-06
            -0.119E+01             0.105E-05
            -0.118E+01             0.120E-05
            -0.118E+01             0.138E-05
            -0.117E+01             0.158E-05
            -0.117E+01             0.181E-05
            -0.116E+01             0.207E-05
            -0.116E+01             0.236E-05
            -0.115E+01             0.270E-05
            -0.114E+01             0.308E-05
            -0.114E+01             0.352E-05
            -0.113E+01             0.401E-05
            -0.113E+01             0.457E-05
            -0.112E+01             0.520E-05
            -0.112E+01             0.592E-05
            -0.111E+01             0.673E-05
            -0.110E+01             0.765E-05
            -0.110E+01             0.869E-05
            -0.109E+01             0.986E-05
            -0.109E+01             0.112E-04
            -0.108E+01             0.127E-04
            -0.107E+01             0.144E-04
            -0.107E+01             0.162E-04
            -0.106E+01             0.184E-04
            -0.106E+01             0.208E-04
            -0.105E+01             0.235E-04
            -0.105E+01             0.265E-04
            -0.104E+01             0.299E-04
            -0.103E+01             0.337E-04
            -0.103E+01             0.379E-04
            -0.102E+01             0.427E-04
            -0.102E+01             0.481E-04
            -0.101E+01             0.540E-04
            -0.101E+01             0.607E-04
            -0.100E+01             0.682E-04
            -0.994E+00             0.765E-04
            -0.988E+00             0.858E-04
            -0.983E+00             0.961E-04
            -0.977E+00             0.108E-03
            -0.971E+00             0.120E-03
            -0.965E+00             0.135E-03
            -0.960E+00             0.151E-03
            -0.954E+00             0.168E-03
            -0.948E+00             0.188E-03
            -0.942E+00             0.209E-03
            -0.937E+00             0.233E-03
            -0.931E+00             0.260E-03
            -0.925E+00             0.290E-03
            -0.919E+00             0.322E-03
            -0.914E+00             0.358E-03
            -0.908E+00             0.398E-03
            -0.902E+00             0.442E-03
            -0.896E+00             0.490E-03
            -0.890E+00             0.543E-03
            -0.885E+00             0.602E-03
            -0.879E+00             0.667E-03
            -0.873E+00             0.738E-03
            -0.867E+00             0.816E-03
            -0.862E+00             0.902E-03
            -0.856E+00             0.996E-03
            -0.850E+00             0.110E-02
            -0.844E+00             0.121E-02
            -0.839E+00             0.134E-02
            -0.833E+00             0.147E-02
            -0.827E+00             0.162E-02
            -0.821E+00             0.178E-02
            -0.816E+00             0.196E-02
            -0.810E+00             0.215E-02
            -0.804E+00             0.236E-02
            -0.798E+00             0.259E-02
            -0.793E+00             0.284E-02
            -0.787E+00             0.311E-02
            -0.781E+00             0.341E-02
            -0.775E+00             0.373E-02
            -0.769E+00             0.408E-02
            -0.764E+00             0.446E-02
            -0.758E+00             0.487E-02
            -0.752E+00             0.531E-02
            -0.746E+00             0.579E-02
            -0.741E+00             0.631E-02
            -0.735E+00             0.687E-02
            -0.729E+00             0.748E-02
            -0.723E+00             0.814E-02
            -0.718E+00             0.885E-02
            -0.712E+00             0.961E-02
            -0.706E+00             0.104E-01
            -0.700E+00             0.113E-01
            -0.695E+00             0.123E-01
            -0.689E+00             0.133E-01
            -0.683E+00             0.144E-01
            -0.677E+00             0.156E-01
            -0.671E+00             0.168E-01
            -0.666E+00             0.182E-01
            -0.660E+00             0.196E-01
            -0.654E+00             0.212E-01
            -0.648E+00             0.228E-01
            -0.643E+00             0.246E-01
            -0.637E+00             0.265E-01
            -0.631E+00             0.285E-01
            -0.625E+00             0.307E-01
            -0.620E+00             0.330E-01
            -0.614E+00             0.354E-01
            -0.608E+00             0.380E-01
            -0.602E+00             0.408E-01
            -0.597E+00             0.437E-01
            -0.591E+00             0.468E-01
            -0.585E+00             0.501E-01
            -0.579E+00             0.536E-01
            -0.573E+00             0.573E-01
            -0.568E+00             0.612E-01
            -0.562E+00             0.654E-01
            -0.556E+00             0.697E-01
            -0.550E+00             0.744E-01
            -0.545E+00             0.792E-01
            -0.539E+00             0.844E-01
            -0.533E+00             0.898E-01
            -0.527E+00             0.955E-01
            -0.522E+00             0.101E+00
            -0.516E+00             0.108E+00
            -0.510E+00             0.114E+00
            -0.504E+00             0.121E+00
            -0.499E+00             0.129E+00
            -0.493E+00             0.136E+00
            -0.487E+00             0.144E+00
            -0.481E+00             0.152E+00
            -0.476E+00             0.161E+00
            -0.470E+00             0.170E+00
            -0.464E+00             0.180E+00
            -0.458E+00             0.189E+00
            -0.452E+00             0.200E+00
            -0.447E+00             0.210E+00
            -0.441E+00             0.222E+00
            -0.435E+00             0.233E+00
            -0.429E+00             0.245E+00
            -0.424E+00             0.258E+00
            -0.418E+00             0.270E+00
            -0.412E+00             0.284E+00
            -0.406E+00             0.298E+00
            -0.401E+00             0.312E+00
            -0.395E+00             0.327E+00
            -0.389E+00             0.342E+00
            -0.383E+00             0.358E+00
            -0.378E+00             0.374E+00
            -0.372E+00             0.390E+00
            -0.366E+00             0.407E+00
            -0.360E+00             0.425E+00
            -0.354E+00             0.443E+00
            -0.349E+00             0.461E+00
            -0.343E+00             0.480E+00
            -0.337E+00             0.500E+00
            -0.331E+00             0.520E+00
            -0.326E+00             0.540E+00
            -0.320E+00             0.560E+00
            -0.314E+00             0.581E+00
            -0.308E+00             0.603E+00
            -0.303E+00             0.625E+00
            -0.297E+00             0.647E+00
            -0.291E+00             0.669E+00
            -0.285E+00             0.692E+00
            -0.280E+00             0.715E+00
            -0.274E+00             0.739E+00
            -0.268E+00             0.763E+00
            -0.262E+00             0.786E+00
            -0.256E+00             0.811E+00
            -0.251E+00             0.835E+00
            -0.245E+00             0.859E+00
            -0.239E+00             0.884E+00
            -0.233E+00             0.909E+00
            -0.228E+00             0.934E+00
            -0.222E+00             0.958E+00
            -0.216E+00             0.983E+00
            -0.210E+00             0.101E+01
            -0.205E+00             0.103E+01
            -0.199E+00             0.106E+01
            -0.193E+00             0.108E+01
            -0.187E+00             0.111E+01
            -0.182E+00             0.113E+01
            -0.176E+00             0.115E+01
            -0.170E+00             0.118E+01
            -0.164E+00             0.120E+01
            -0.159E+00             0.122E+01
            -0.153E+00             0.125E+01
            -0.147E+00             0.127E+01
            -0.141E+00             0.129E+01
            -0.135E+00             0.131E+01
            -0.130E+00             0.133E+01
            -0.124E+00             0.135E+01
            -0.118E+00             0.137E+01
            -0.112E+00             0.139E+01
            -0.107E+00             0.141E+01
            -0.101E+00             0.143E+01
            -0.951E-01             0.144E+01
            -0.893E-01             0.146E+01
            -0.836E-01             0.147E+01
            -0.778E-01             0.149E+01
            -0.720E-01             0.150E+01
            -0.663E-01             0.151E+01
            -0.605E-01             0.153E+01
            -0.548E-01             0.154E+01
            -0.490E-01             0.155E+01
            -0.432E-01             0.156E+01
            -0.375E-01             0.156E+01
            -0.317E-01             0.157E+01
            -0.259E-01             0.158E+01
            -0.202E-01             0.158E+01
            -0.144E-01             0.158E+01
            -0.865E-02             0.159E+01
            -0.288E-02             0.159E+01
             0.288E-02             0.159E+01
             0.865E-02             0.159E+01
             0.144E-01             0.159E+01
             0.202E-01             0.158E+01
             0.259E-01             0.158E+01
             0.317E-01             0.158E+01
             0.375E-01             0.157E+01
             0.432E-01             0.156E+01
             0.490E-01             0.156E+01
             0.548E-01             0.155E+01
             0.605E-01             0.154E+01
             0.663E-01             0.153E+01
             0.720E-01             0.151E+01
             0.778E-01             0.150E+01
             0.836E-01             0.149E+01
             0.893E-01             0.147E+01
             0.951E-01             0.146E+01
             0.101E+00             0.144E+01
             0.107E+00             0.143E+01
             0.112E+00             0.141E+01
             0.118E+00             0.139E+01
             0.124E+00             0.137E+01
             0.130E+00             0.135E+01
             0.135E+00             0.133E+01
             0.141E+00             0.131E+01
             0.147E+00             0.129E+01
             0.153E+00             0.127E+01
             0.159E+00             0.125E+01
             0.164E+00             0.122E+01
             0.170E+00             0.120E+01
             0.176E+00             0.118E+01
             0.182E+00             0.115E+01
             0.187E+00             0.113E+01
             0.193E+00             0.111E+01
             0.199E+00             0.108E+01
             0.205E+00             0.106E+01
             0.210E+00             0.103E+01
             0.216E+00             0.101E+01
             0.222E+00             0.983E+00
             0.228E+00             0.958E+00
             0.233E+00             0.934E+00
             0.239E+00             0.909E+00
             0.245E+00             0.884E+00
             0.251E+00             0.859E+00
             0.256E+00             0.835E+00
             0.262E+00             0.811E+00
             0.268E+00             0.786E+00
             0.274E+00             0.763E+00
             0.280E+00             0.739E+00
             0.285E+00             0.715E+00
             0.291E+00             0.692E+00
             0.297E+00             0.669E+00
             0.303E+00             0.647E+00
             0.308E+00             0.625E+00
             0.314E+00             0.603E+00
             0.320E+00             0.581E+00
             0.326E+00             0.560E+00
             0.331E+00             0.540E+00
             0.337E+00             0.520E+00
             0.343E+00             0.500E+00
             0.349E+00             0.480E+00
             0.354E+00             0.461E+00
             0.360E+00             0.443E+00
             0.366E+00             0.425E+00
             0.372E+00             0.407E+00
             0.378E+00             0.390E+00
             0.383E+00             0.374E+00
             0.389E+00             0.358E+00
             0.395E+00             0.342E+00
             0.401E+00             0.327E+00
             0.406E+00             0.312E+00
             0.412E+00             0.298E+00
             0.418E+00             0.284E+00
             0.424E+00             0.270E+00
             0.429E+00             0.258E+00
             0.435E+00             0.245E+00
             0.441E+00             0.233E+00
             0.447E+00             0.222E+00
             0.452E+00             0.210E+00
             0.458E+00             0.200E+00
             0.464E+00             0.189E+00
             0.470E+00             0.180E+00
             0.476E+00             0.170E+00
             0.481E+00             0.161E+00
             0.487E+00             0.152E+00
             0.493E+00             0.144E+00
             0.499E+00             0.136E+00
             0.504E+00             0.129E+00
             0.510E+00             0.121E+00
             0.516E+00             0.114E+00
             0.522E+00             0.108E+00
             0.527E+00             0.101E+00
             0.533E+00             0.955E-01
             0.539E+00             0.898E-01
             0.545E+00             0.844E-01
             0.550E+00             0.792E-01
             0.556E+00             0.744E-01
             0.562E+00             0.697E-01
             0.568E+00             0.654E-01
             0.573E+00             0.612E-01
             0.579E+00             0.573E-01
             0.585E+00             0.536E-01
             0.591E+00             0.501E-01
             0.597E+00             0.468E-01
             0.602E+00             0.437E-01
             0.608E+00             0.408E-01
             0.614E+00             0.380E-01
             0.620E+00             0.354E-01
             0.625E+00             0.330E-01
             0.631E+00             0.307E-01
             0.637E+00             0.285E-01
             0.643E+00             0.265E-01
             0.648E+00             0.246E-01
             0.654E+00             0.228E-01
             0.660E+00             0.212E-01
             0.666E+00             0.196E-01
             0.671E+00             0.182E-01
             0.677E+00             0.168E-01
             0.683E+00             0.156E-01
             0.689E+00             0.144E-01
             0.695E+00             0.133E-01
             0.700E+00             0.123E-01
             0.706E+00             0.113E-01
             0.712E+00             0.104E-01
             0.718E+00             0.961E-02
             0.723E+00             0.885E-02
             0.729E+00             0.814E-02
             0.735E+00             0.748E-02
             0.741E+00             0.687E-02
             0.746E+00             0.631E-02
             0.752E+00             0.579E-02
             0.758E+00             0.531E-02
             0.764E+00             0.487E-02
             0.769E+00             0.446E-02
             0.775E+00             0.408E-02
             0.781E+00             0.373E-02
             0.787E+00             0.341E-02
             0.793E+00             0.311E-02
             0.798E+00             0.284E-02
             0.804E+00             0.259E-02
             0.810E+00             0.236E-02
             0.816E+00             0.215E-02
             0.821E+00             0.196E-02
             0.827E+00             0.178E-02
             0.833E+00             0.162E-02
             0.839E+00             0.147E-02
             0.844E+00             0.134E-02
             0.850E+00             0.121E-02
             0.856E+00             0.110E-02
             0.862E+00             0.996E-03
             0.867E+00             0.902E-03
             0.873E+00             0.816E-03
             0.879E+00             0.738E-03
             0.885E+00             0.667E-03
             0.890E+00             0.602E-03
             0.896E+00             0.543E-03
             0.902E+00             0.490E-03
             0.908E+00             0.442E-03
             0.914E+00             0.398E-03
             0.919E+00             0.358E-03
             0.925E+00             0.322E-03
             0.931E+00             0.290E-03
             0.937E+00             0.260E-03
             0.942E+00             0.233E-03
             0.948E+00             0.209E-03
             0.954E+00             0.188E-03
             0.960E+00             0.168E-03
             0.965E+00             0.151E-03
             0.971E+00             0.135E-03
             0.977E+00             0.120E-03
             0.983E+00             0.108E-03
             0.988E+00             0.961E-04
             0.994E+00             0.858E-04
             0.100E+01             0.765E-04
             0.101E+01             0.682E-04
             0.101E+01             0.607E-04
             0.102E+01             0.540E-04
             0.102E+01             0.481E-04
             0.103E+01             0.427E-04
             0.103E+01             0.379E-04
             0.104E+01             0.337E-04
             0.105E+01             0.299E-04
             0.105E+01             0.265E-04
             0.106E+01             0.235E-04
             0.106E+01             0.208E-04
             0.107E+01             0.184E-04
             0.107E+01             0.162E-04
             0.108E+01             0.144E-04
             0.109E+01             0.127E-04
             0.109E+01             0.112E-04
             0.110E+01             0.986E-05
             0.110E+01             0.869E-05
             0.111E+01             0.765E-05
             0.112E+01             0.673E-05
             0.112E+01             0.592E-05
             0.113E+01             0.520E-05
             0.113E+01             0.457E-05
             0.114E+01             0.401E-05
             0.114E+01             0.352E-05
             0.115E+01             0.308E-05
             0.116E+01             0.270E-05
             0.116E+01             0.236E-05
             0.117E+01             0.207E-05
             0.117E+01             0.181E-05
             0.118E+01             0.158E-05
             0.118E+01             0.138E-05
             0.119E+01             0.120E-05
             0.120E+01             0.105E-05
             0.120E+01             0.914E-06
             0.121E+01             0.796E-06
             0.121E+01             0.692E-06
             0.122E+01             0.602E-06
             0.122E+01             0.523E-06
             0.123E+01             0.454E-06
             0.124E+01             0.394E-06
             0.124E+01             0.342E-06
             0.125E+01             0.296E-06
             0.125E+01             0.257E-06
             0.126E+01             0.222E-06
             0.127E+01             0.192E-06
             0.127E+01             0.166E-06
             0.128E+01             0.143E-06
             0.128E+01             0.124E-06
             0.129E+01             0.107E-06
             0.129E+01             0.921E-07
             0.130E+01             0.794E-07
             0.131E+01             0.683E-07
             0.131E+01             0.588E-07
             0.132E+01             0.506E-07
             0.132E+01             0.434E-07
             0.133E+01             0.373E-07
             0.133E+01             0.320E-07
             0.134E+01             0.274E-07
             0.135E+01             0.235E-07
             0.135E+01             0.201E-07
             0.136E+01             0.172E-07
             0.136E+01             0.147E-07
             0.137E+01             0.126E-07
             0.137E+01             0.108E-07
             0.138E+01             0.919E-08
             0.139E+01             0.784E-08
             0.139E+01             0.668E-08
             0.140E+01             0.569E-08
             0.140E+01             0.485E-08
             0.141E+01             0.412E-08
             0.141E+01             0.350E-08
             0.142E+01             0.298E-08
             0.143E+01             0.253E-08
             0.143E+01             0.215E-08
             0.144E+01             0.182E-08
             0.144E+01             0.154E-08
             0.145E+01             0.131E-08
             0.146E+01             0.110E-08
             0.146E+01             0.934E-09
             0.147E+01             0.790E-09
             0.147E+01             0.667E-09
             0.148E+01             0.563E-09
             0.148E+01             0.475E-09
             0.149E+01             0.400E-09
             0.150E+01             0.337E-09
             0.150E+01             0.284E-09
             0.151E+01             0.239E-09
             0.151E+01             0.201E-09
             0.152E+01             0.169E-09
             0.152E+01             0.142E-09
             0.153E+01             0.119E-09
             0.154E+01             0.996E-10
             0.154E+01             0.834E-10
             0.155E+01             0.699E-10
             0.155E+01             0.585E-10
             0.156E+01             0.489E-10
             0.156E+01             0.409E-10
             0.157E+01             0.341E-10
             0.158E+01             0.285E-10
             0.158E+01             0.238E-10
             0.159E+01             0.198E-10
             0.159E+01             0.165E-10
             0.160E+01             0.137E-10
             0.161E+01             0.114E-10
             0.161E+01             0.949E-11
             0.162E+01             0.788E-11
             0.162E+01             0.654E-11
             0.163E+01             0.542E-11
             0.163E+01             0.450E-11
             0.164E+01             0.372E-11
             0.165E+01             0.308E-11
             0.165E+01             0.256E-11
             0.166E+01             0.211E-11
             0.166E+01             0.175E-11
             0.167E+01             0.144E-11
             0.167E+01             0.119E-11
             0.168E+01             0.986E-12
             0.169E+01             0.814E-12
             0.169E+01             0.672E-12
             0.170E+01             0.551E-12
             0.170E+01             0.449E-12
             0.171E+01             0.369E-12
             0.171E+01             0.300E-12
             0.172E+01             0.250E-12
             0.173E+01             0.207E-12
             0.173E+01             0.170E-12
             0.174E+01             0.137E-12
             0.174E+01             0.114E-12
             0.175E+01             0.942E-13
             0.176E+01             0.739E-13
             0.176E+01             0.607E-13
             0.177E+01             0.515E-13
             0.177E+01             0.410E-13
             0.178E+01             0.345E-13
             0.178E+01             0.269E-13
             0.179E+01             0.230E-13
             0.180E+01             0.134E-13
             0.180E+01             0.119E-13
             0.181E+01             0.990E-14
             0.181E+01             0.452E-14
             0.182E+01             0.113E-13
             0.182E+01             0.576E-14
             0.183E+01             0.284E-14
             0.184E+01             0.386E-14
             0.184E+01             0.396E-16
             0.185E+01            -0.370E-14
             0.185E+01            -0.524E-16
             0.186E+01             0.429E-15
             0.186E+01             0.125E-14
             0.187E+01             0.486E-14
             0.188E+01             0.468E-15
             0.188E+01            -0.222E-14
             0.189E+01            -0.781E-15
             0.189E+01             0.444E-14
             0.190E+01             0.345E-14
             0.190E+01             0.477E-14
             0.191E+01             0.375E-14
             0.192E+01             0.375E-14
             0.192E+01             0.629E-15
             0.193E+01             0.468E-15
             0.193E+01             0.691E-15
             0.194E+01             0.770E-15
             0.195E+01            -0.894E-15
             0.195E+01            -0.156E-14
             0.196E+01            -0.609E-15
             0.196E+01             0.175E-15
             0.197E+01             0.541E-15
             0.197E+01             0.568E-15
             0.198E+01             0.478E-15
             0.199E+01            -0.503E-15
             0.199E+01             0.233E-14
             0.200E+01             0.425E-14
             0.200E+01            -0.114E-14
             0.201E+01            -0.300E-14
             0.201E+01            -0.318E-17
             0.202E+01             0.165E-15
             0.203E+01             0.310E-14
             0.203E+01             0.541E-14
             0.204E+01             0.236E-14
             0.204E+01             0.342E-14
             0.205E+01            -0.493E-14
             0.205E+01            -0.781E-14
             0.206E+01            -0.664E-14
             0.207E+01            -0.234E-14
             0.207E+01            -0.453E-14
             0.208E+01             0.137E-14
             0.208E+01             0.256E-15
             0.209E+01             0.719E-14
             0.210E+01             0.767E-15
             0.210E+01            -0.146E-14
             0.211E+01            -0.326E-14
             0.211E+01            -0.178E-14
             0.212E+01            -0.208E-14
             0.212E+01            -0.147E-14
             0.213E+01             0.115E-14
             0.214E+01             0.353E-14
             0.214E+01            -0.923E-15
             0.215E+01            -0.695E-14
             0.215E+01            -0.142E-14
             0.216E+01            -0.129E-14
             0.216E+01             0.155E-15
             0.217E+01            -0.143E-14
             0.218E+01             0.587E-15
             0.218E+01            -0.451E-15
             0.219E+01             0.874E-15
             0.219E+01            -0.203E-15
             0.220E+01            -0.124E-15
             0.220E+01            -0.188E-14
             0.221E+01             0.566E-15
             0.222E+01             0.322E-15
             0.222E+01             0.106E-14
             0.223E+01            -0.125E-14
             0.223E+01             0.188E-14
             0.224E+01             0.803E-15
             0.224E+01             0.276E-14
             0.225E+01             0.160E-14
             0.226E+01            -0.171E-15
             0.226E+01            -0.236E-15
             0.227E+01            -0.284E-14
             0.227E+01             0.547E-15
             0.228E+01            -0.279E-14
             0.229E+01            -0.196E-14
             0.229E+01            -0.243E-14
             0.230E+01            -0.707E-15
             0.230E+01            -0.134E-14
             0.231E+01            -0.242E-15
             0.231E+01             0.140E-14
             0.232E+01             0.103E-14
             0.233E+01            -0.978E-15
             0.233E+01            -0.414E-14
             0.234E+01            -0.760E-16
             0.234E+01            -0.653E-15
             0.235E+01            -0.122E-14
             0.235E+01             0.331E-14
             0.236E+01            -0.240E-14
             0.237E+01             0.579E-14
             0.237E+01             0.274E-14
             0.238E+01            -0.116E-14
             0.238E+01            -0.365E-16
             0.239E+01             0.285E-14
             0.239E+01            -0.558E-15
             0.240E+01             0.387E-15
             0.241E+01             0.268E-14
             0.241E+01             0.665E-15
             0.242E+01            -0.337E-14
             0.242E+01             0.157E-14
             0.243E+01            -0.431E-16
             0.244E+01             0.159E-14
             0.244E+01            -0.569E-17
             0.245E+01             0.142E-14
             0.245E+01             0.845E-15
             0.246E+01             0.410E-14
             0.246E+01             0.338E-16
             0.247E+01             0.987E-15
             0.248E+01             0.989E-15
             0.248E+01             0.372E-15
             0.249E+01            -0.116E-14
             0.249E+01             0.326E-14
             0.250E+01             0.282E-14
             0.250E+01            -0.254E-14
             0.251E+01            -0.396E-14
             0.252E+01             0.176E-14
             0.252E+01            -0.136E-14
             0.253E+01             0.288E-15
             0.253E+01            -0.596E-15
             0.254E+01             0.216E-14
             0.254E+01             0.414E-14
             0.255E+01             0.144E-14
             0.256E+01             0.923E-15
             0.256E+01             0.316E-14
             0.257E+01            -0.978E-15
             0.257E+01            -0.403E-14
             0.258E+01             0.146E-15
             0.259E+01             0.118E-14
             0.259E+01            -0.233E-15
             0.260E+01            -0.266E-14
             0.260E+01             0.248E-14
             0.261E+01            -0.162E-14
             0.261E+01            -0.392E-14
             0.262E+01             0.199E-16
             0.263E+01             0.988E-15
             0.263E+01             0.296E-15
             0.264E+01             0.251E-14
             0.264E+01            -0.479E-15
             0.265E+01             0.203E-14
             0.265E+01            -0.185E-14
             0.266E+01            -0.316E-14
             0.267E+01            -0.214E-14
             0.267E+01             0.335E-14
             0.268E+01             0.685E-15
             0.268E+01            -0.265E-14
             0.269E+01            -0.221E-14
             0.269E+01             0.265E-14
             0.270E+01            -0.167E-14
             0.271E+01            -0.321E-14
             0.271E+01             0.121E-14
             0.272E+01             0.395E-14
             0.272E+01            -0.115E-14
             0.273E+01            -0.185E-14
             0.273E+01             0.673E-15
             0.274E+01             0.264E-14
             0.275E+01             0.137E-14
             0.275E+01             0.393E-15
             0.276E+01             0.709E-15
             0.276E+01             0.939E-15
             0.277E+01             0.311E-14
             0.278E+01             0.210E-14
             0.278E+01            -0.221E-16
             0.279E+01            -0.269E-14
             0.279E+01             0.489E-14
             0.280E+01             0.169E-14
             0.280E+01            -0.859E-15
             0.281E+01            -0.185E-14
             0.282E+01            -0.158E-14
             0.282E+01            -0.665E-15
             0.283E+01            -0.102E-14
             0.283E+01             0.291E-14
             0.284E+01            -0.213E-14
             0.284E+01            -0.973E-15
             0.285E+01            -0.982E-15
             0.286E+01            -0.762E-15
             0.286E+01             0.695E-15
             0.287E+01            -0.309E-14
             0.287E+01             0.353E-14
             0.288E+01             0.286E-15
             0.288E+01             0.822E-15
             0.289E+01             0.143E-14
             0.290E+01            -0.255E-14
             0.290E+01             0.615E-15
             0.291E+01             0.128E-14
             0.291E+01            -0.581E-15
             0.292E+01            -0.312E-14
             0.293E+01             0.191E-14
             0.293E+01             0.567E-15
             0.294E+01            -0.154E-14
             0.294E+01             0.130E-14
             0.295E+01             0.156E-14
             0.295E+01             0.821E-15
             0.296E+01             0.511E-16
             0.297E+01             0.888E-15
             0.297E+01            -0.847E-15
             0.298E+01             0.117E-14
             0.298E+01             0.226E-14
             0.299E+01             0.913E-15
             0.299E+01             0.727E-15
             0.300E+01            -0.960E-15
