            -0.699E+01            -0.783E-16
            -0.697E+01             0.367E-15
            -0.696E+01            -0.166E-15
            -0.695E+01            -0.745E-16
            -0.693E+01             0.153E-15
            -0.692E+01            -0.746E-16
            -0.691E+01             0.349E-15
            -0.689E+01            -0.309E-15
            -0.688E+01             0.601E-16
            -0.687E+01            -0.331E-15
            -0.685E+01            -0.420E-16
            -0.684E+01            -0.215E-15
            -0.683E+01             0.260E-15
            -0.681E+01             0.341E-15
            -0.680E+01            -0.188E-15
            -0.678E+01             0.148E-15
            -0.677E+01            -0.154E-15
            -0.676E+01            -0.943E-16
            -0.674E+01            -0.122E-15
            -0.673E+01             0.300E-15
            -0.672E+01            -0.193E-16
            -0.670E+01             0.397E-15
            -0.669E+01            -0.651E-16
            -0.668E+01             0.541E-17
            -0.666E+01            -0.145E-15
            -0.665E+01             0.391E-16
            -0.664E+01            -0.182E-16
            -0.662E+01             0.419E-16
            -0.661E+01            -0.282E-16
            -0.660E+01             0.164E-16
            -0.658E+01            -0.158E-16
            -0.657E+01             0.699E-17
            -0.656E+01             0.105E-17
            -0.654E+01             0.542E-17
            -0.653E+01            -0.321E-17
            -0.652E+01             0.870E-18
            -0.650E+01            -0.729E-18
            -0.649E+01             0.142E-17
            -0.648E+01            -0.634E-18
            -0.646E+01            -0.342E-19
            -0.645E+01            -0.336E-18
            -0.644E+01             0.639E-19
            -0.642E+01            -0.123E-18
            -0.641E+01             0.601E-19
            -0.639E+01            -0.108E-19
            -0.638E+01            -0.119E-19
            -0.637E+01            -0.851E-20
            -0.635E+01             0.952E-20
            -0.634E+01            -0.449E-20
            -0.633E+01             0.351E-20
            -0.631E+01            -0.582E-21
            -0.630E+01             0.831E-21
            -0.629E+01            -0.275E-21
            -0.627E+01             0.310E-21
            -0.626E+01            -0.307E-22
            -0.625E+01             0.660E-22
            -0.623E+01            -0.336E-22
            -0.622E+01             0.176E-22
            -0.621E+01            -0.779E-23
            -0.619E+01             0.452E-23
            -0.618E+01            -0.134E-23
            -0.617E+01             0.786E-24
            -0.615E+01            -0.675E-24
            -0.614E+01            -0.606E-25
            -0.613E+01             0.167E-26
            -0.611E+01            -0.517E-25
            -0.610E+01            -0.413E-25
            -0.609E+01             0.206E-25
            -0.607E+01            -0.525E-26
            -0.606E+01             0.350E-26
            -0.605E+01             0.219E-27
            -0.603E+01             0.252E-27
            -0.602E+01             0.899E-29
            -0.600E+01             0.358E-28
            -0.599E+01             0.180E-28
            -0.598E+01             0.215E-28
            -0.596E+01            -0.139E-28
            -0.595E+01             0.357E-29
            -0.594E+01            -0.637E-30
            -0.592E+01             0.138E-29
            -0.591E+01            -0.143E-30
            -0.590E+01            -0.491E-31
            -0.588E+01             0.743E-31
            -0.587E+01             0.320E-30
            -0.586E+01             0.770E-31
            -0.584E+01            -0.742E-31
            -0.583E+01            -0.147E-30
            -0.582E+01             0.748E-31
            -0.580E+01            -0.200E-30
            -0.579E+01             0.190E-30
            -0.578E+01            -0.254E-31
            -0.576E+01             0.215E-30
            -0.575E+01            -0.779E-31
            -0.574E+01            -0.314E-30
            -0.572E+01             0.433E-30
            -0.571E+01            -0.331E-30
            -0.570E+01             0.600E-31
            -0.568E+01             0.131E-30
            -0.567E+01            -0.265E-30
            -0.566E+01             0.227E-30
            -0.564E+01             0.344E-30
            -0.563E+01             0.436E-30
            -0.561E+01             0.611E-31
            -0.560E+01             0.185E-31
            -0.559E+01            -0.408E-31
            -0.557E+01            -0.131E-30
            -0.556E+01            -0.823E-31
            -0.555E+01             0.114E-31
            -0.553E+01             0.142E-30
            -0.552E+01             0.846E-31
            -0.551E+01            -0.471E-31
            -0.549E+01            -0.306E-31
            -0.548E+01             0.150E-31
            -0.547E+01             0.106E-30
            -0.545E+01             0.325E-31
            -0.544E+01             0.222E-31
            -0.543E+01             0.611E-31
            -0.541E+01            -0.116E-30
            -0.540E+01            -0.768E-31
            -0.539E+01            -0.397E-30
            -0.537E+01             0.114E-30
            -0.536E+01             0.139E-30
            -0.535E+01             0.292E-30
            -0.533E+01            -0.366E-30
            -0.532E+01            -0.429E-31
            -0.531E+01             0.987E-31
            -0.529E+01            -0.203E-30
            -0.528E+01             0.202E-30
            -0.527E+01             0.152E-30
            -0.525E+01             0.108E-30
            -0.524E+01            -0.717E-32
            -0.522E+01            -0.159E-30
            -0.521E+01             0.254E-31
            -0.520E+01            -0.397E-30
            -0.518E+01             0.186E-30
            -0.517E+01            -0.262E-31
            -0.516E+01            -0.298E-30
            -0.514E+01             0.419E-31
            -0.513E+01            -0.677E-31
            -0.512E+01            -0.150E-31
            -0.510E+01             0.565E-31
            -0.509E+01             0.118E-31
            -0.508E+01             0.567E-30
            -0.506E+01            -0.413E-30
            -0.505E+01            -0.876E-32
            -0.504E+01            -0.139E-32
            -0.502E+01             0.254E-30
            -0.501E+01             0.614E-31
            -0.500E+01            -0.675E-31
            -0.498E+01             0.235E-30
            -0.497E+01            -0.387E-31
            -0.496E+01             0.182E-30
            -0.494E+01            -0.282E-31
            -0.493E+01            -0.136E-30
            -0.492E+01            -0.108E-30
            -0.490E+01             0.545E-31
            -0.489E+01            -0.262E-30
            -0.488E+01            -0.379E-31
            -0.486E+01            -0.856E-31
            -0.485E+01            -0.467E-31
            -0.483E+01             0.698E-32
            -0.482E+01             0.573E-33
            -0.481E+01             0.184E-30
            -0.479E+01            -0.228E-31
            -0.478E+01             0.434E-31
            -0.477E+01             0.554E-31
            -0.475E+01            -0.337E-31
            -0.474E+01            -0.332E-32
            -0.473E+01            -0.451E-30
            -0.471E+01            -0.395E-31
            -0.470E+01             0.226E-30
            -0.469E+01            -0.633E-31
            -0.467E+01             0.397E-30
            -0.466E+01             0.229E-30
            -0.465E+01            -0.136E-31
            -0.463E+01             0.268E-30
            -0.462E+01             0.178E-30
            -0.461E+01             0.320E-31
            -0.459E+01            -0.775E-31
            -0.458E+01             0.491E-31
            -0.457E+01             0.154E-30
            -0.455E+01            -0.207E-30
            -0.454E+01            -0.244E-31
            -0.453E+01            -0.718E-31
            -0.451E+01            -0.122E-30
            -0.450E+01            -0.304E-31
            -0.449E+01            -0.259E-30
            -0.447E+01             0.102E-30
            -0.446E+01            -0.842E-31
            -0.444E+01             0.532E-31
            -0.443E+01             0.223E-30
            -0.442E+01            -0.247E-30
            -0.440E+01            -0.142E-30
            -0.439E+01             0.990E-31
            -0.438E+01            -0.332E-31
            -0.436E+01            -0.953E-31
            -0.435E+01             0.187E-30
            -0.434E+01             0.137E-31
            -0.432E+01            -0.871E-31
            -0.431E+01            -0.149E-30
            -0.430E+01             0.191E-30
            -0.428E+01             0.735E-31
            -0.427E+01            -0.237E-30
            -0.426E+01            -0.955E-31
            -0.424E+01            -0.177E-30
            -0.423E+01            -0.253E-30
            -0.422E+01            -0.447E-30
            -0.420E+01            -0.117E-30
            -0.419E+01            -0.483E-31
            -0.418E+01            -0.220E-30
            -0.416E+01            -0.276E-30
            -0.415E+01            -0.102E-30
            -0.414E+01            -0.754E-30
            -0.412E+01            -0.369E-30
            -0.411E+01             0.268E-30
            -0.410E+01             0.336E-31
            -0.408E+01            -0.565E-30
            -0.407E+01             0.270E-30
            -0.405E+01             0.398E-30
            -0.404E+01             0.187E-30
            -0.403E+01            -0.492E-30
            -0.401E+01            -0.580E-30
            -0.400E+01            -0.175E-31
            -0.399E+01            -0.135E-30
            -0.397E+01             0.601E-30
            -0.396E+01             0.709E-30
            -0.395E+01             0.259E-30
            -0.393E+01             0.739E-30
            -0.392E+01             0.579E-30
            -0.391E+01             0.815E-30
            -0.389E+01             0.526E-30
            -0.388E+01             0.906E-30
            -0.387E+01             0.721E-30
            -0.385E+01             0.343E-31
            -0.384E+01            -0.625E-30
            -0.383E+01             0.375E-30
            -0.381E+01             0.368E-30
            -0.380E+01             0.565E-30
            -0.379E+01            -0.372E-30
            -0.377E+01            -0.357E-30
            -0.376E+01            -0.859E-30
            -0.375E+01            -0.604E-30
            -0.373E+01            -0.894E-30
            -0.372E+01            -0.571E-30
            -0.371E+01            -0.216E-30
            -0.369E+01            -0.887E-30
            -0.368E+01             0.186E-30
            -0.366E+01             0.467E-31
            -0.365E+01             0.348E-30
            -0.364E+01             0.171E-30
            -0.362E+01            -0.245E-30
            -0.361E+01             0.569E-30
            -0.360E+01            -0.266E-30
            -0.358E+01            -0.192E-30
            -0.357E+01            -0.627E-30
            -0.356E+01            -0.771E-30
            -0.354E+01            -0.225E-30
            -0.353E+01             0.442E-30
            -0.352E+01             0.349E-30
            -0.350E+01            -0.201E-30
            -0.349E+01            -0.523E-30
            -0.348E+01             0.606E-30
            -0.346E+01            -0.348E-30
            -0.345E+01            -0.209E-30
            -0.344E+01             0.251E-30
            -0.342E+01             0.108E-29
            -0.341E+01            -0.571E-30
            -0.340E+01            -0.423E-30
            -0.338E+01             0.444E-30
            -0.337E+01            -0.129E-31
            -0.336E+01            -0.285E-30
            -0.334E+01             0.192E-30
            -0.333E+01            -0.172E-30
            -0.332E+01            -0.864E-30
            -0.330E+01            -0.402E-30
            -0.329E+01            -0.366E-30
            -0.327E+01            -0.792E-30
            -0.326E+01             0.104E-29
            -0.325E+01            -0.609E-30
            -0.323E+01             0.988E-30
            -0.322E+01             0.129E-29
            -0.321E+01             0.108E-29
            -0.319E+01            -0.864E-30
            -0.318E+01             0.774E-30
            -0.317E+01            -0.428E-31
            -0.315E+01             0.872E-30
            -0.314E+01            -0.864E-30
            -0.313E+01            -0.785E-33
            -0.311E+01            -0.261E-30
            -0.310E+01             0.310E-30
            -0.309E+01            -0.355E-30
            -0.307E+01            -0.107E-29
            -0.306E+01            -0.114E-29
            -0.305E+01            -0.116E-29
            -0.303E+01            -0.656E-30
            -0.302E+01            -0.758E-30
            -0.301E+01             0.112E-30
            -0.299E+01            -0.170E-30
            -0.298E+01            -0.306E-30
            -0.297E+01             0.519E-30
            -0.295E+01             0.659E-30
            -0.294E+01             0.317E-30
            -0.293E+01             0.330E-30
            -0.291E+01             0.694E-30
            -0.290E+01             0.149E-30
            -0.288E+01            -0.482E-30
            -0.287E+01             0.358E-30
            -0.286E+01             0.244E-30
            -0.284E+01             0.733E-30
            -0.283E+01             0.742E-31
            -0.282E+01             0.645E-30
            -0.280E+01            -0.124E-29
            -0.279E+01            -0.426E-30
            -0.278E+01            -0.254E-30
            -0.276E+01            -0.151E-29
            -0.275E+01            -0.590E-31
            -0.274E+01            -0.457E-30
            -0.272E+01            -0.188E-30
            -0.271E+01            -0.302E-30
            -0.270E+01             0.883E-30
            -0.268E+01            -0.416E-30
            -0.267E+01            -0.246E-30
            -0.266E+01             0.322E-30
            -0.264E+01             0.771E-30
            -0.263E+01             0.189E-29
            -0.262E+01             0.360E-29
            -0.260E+01             0.844E-29
            -0.259E+01             0.173E-28
            -0.258E+01             0.318E-28
            -0.256E+01             0.647E-28
            -0.255E+01             0.125E-27
            -0.254E+01             0.244E-27
            -0.252E+01             0.478E-27
            -0.251E+01             0.931E-27
            -0.249E+01             0.181E-26
            -0.248E+01             0.349E-26
            -0.247E+01             0.673E-26
            -0.245E+01             0.129E-25
            -0.244E+01             0.247E-25
            -0.243E+01             0.472E-25
            -0.241E+01             0.897E-25
            -0.240E+01             0.170E-24
            -0.239E+01             0.321E-24
            -0.237E+01             0.603E-24
            -0.236E+01             0.113E-23
            -0.235E+01             0.211E-23
            -0.233E+01             0.393E-23
            -0.232E+01             0.730E-23
            -0.231E+01             0.135E-22
            -0.229E+01             0.249E-22
            -0.228E+01             0.457E-22
            -0.227E+01             0.836E-22
            -0.225E+01             0.152E-21
            -0.224E+01             0.277E-21
            -0.223E+01             0.502E-21
            -0.221E+01             0.905E-21
            -0.220E+01             0.163E-20
            -0.219E+01             0.292E-20
            -0.217E+01             0.521E-20
            -0.216E+01             0.928E-20
            -0.215E+01             0.165E-19
            -0.213E+01             0.291E-19
            -0.212E+01             0.512E-19
            -0.210E+01             0.899E-19
            -0.209E+01             0.157E-18
            -0.208E+01             0.274E-18
            -0.206E+01             0.476E-18
            -0.205E+01             0.825E-18
            -0.204E+01             0.142E-17
            -0.202E+01             0.245E-17
            -0.201E+01             0.419E-17
            -0.200E+01             0.715E-17
            -0.198E+01             0.122E-16
            -0.197E+01             0.206E-16
            -0.196E+01             0.348E-16
            -0.194E+01             0.586E-16
            -0.193E+01             0.983E-16
            -0.192E+01             0.164E-15
            -0.190E+01             0.274E-15
            -0.189E+01             0.454E-15
            -0.188E+01             0.752E-15
            -0.186E+01             0.124E-14
            -0.185E+01             0.204E-14
            -0.184E+01             0.333E-14
            -0.182E+01             0.543E-14
            -0.181E+01             0.883E-14
            -0.180E+01             0.143E-13
            -0.178E+01             0.231E-13
            -0.177E+01             0.371E-13
            -0.176E+01             0.595E-13
            -0.174E+01             0.950E-13
            -0.173E+01             0.151E-12
            -0.171E+01             0.240E-12
            -0.170E+01             0.379E-12
            -0.169E+01             0.596E-12
            -0.167E+01             0.936E-12
            -0.166E+01             0.146E-11
            -0.165E+01             0.228E-11
            -0.163E+01             0.354E-11
            -0.162E+01             0.547E-11
            -0.161E+01             0.844E-11
            -0.159E+01             0.130E-10
            -0.158E+01             0.198E-10
            -0.157E+01             0.303E-10
            -0.155E+01             0.460E-10
            -0.154E+01             0.697E-10
            -0.153E+01             0.105E-09
            -0.151E+01             0.158E-09
            -0.150E+01             0.237E-09
            -0.149E+01             0.354E-09
            -0.147E+01             0.526E-09
            -0.146E+01             0.780E-09
            -0.145E+01             0.115E-08
            -0.143E+01             0.170E-08
            -0.142E+01             0.249E-08
            -0.141E+01             0.364E-08
            -0.139E+01             0.530E-08
            -0.138E+01             0.769E-08
            -0.137E+01             0.111E-07
            -0.135E+01             0.160E-07
            -0.134E+01             0.230E-07
            -0.132E+01             0.329E-07
            -0.131E+01             0.470E-07
            -0.130E+01             0.667E-07
            -0.128E+01             0.944E-07
            -0.127E+01             0.133E-06
            -0.126E+01             0.187E-06
            -0.124E+01             0.262E-06
            -0.123E+01             0.366E-06
            -0.122E+01             0.509E-06
            -0.120E+01             0.705E-06
            -0.119E+01             0.974E-06
            -0.118E+01             0.134E-05
            -0.116E+01             0.184E-05
            -0.115E+01             0.251E-05
            -0.114E+01             0.341E-05
            -0.112E+01             0.463E-05
            -0.111E+01             0.626E-05
            -0.110E+01             0.842E-05
            -0.108E+01             0.113E-04
            -0.107E+01             0.151E-04
            -0.106E+01             0.201E-04
            -0.104E+01             0.267E-04
            -0.103E+01             0.353E-04
            -0.102E+01             0.466E-04
            -0.100E+01             0.612E-04
            -0.988E+00             0.800E-04
            -0.975E+00             0.104E-03
            -0.962E+00             0.136E-03
            -0.948E+00             0.175E-03
            -0.935E+00             0.226E-03
            -0.921E+00             0.291E-03
            -0.908E+00             0.372E-03
            -0.894E+00             0.475E-03
            -0.881E+00             0.604E-03
            -0.867E+00             0.765E-03
            -0.854E+00             0.966E-03
            -0.841E+00             0.122E-02
            -0.827E+00             0.152E-02
            -0.814E+00             0.190E-02
            -0.800E+00             0.237E-02
            -0.787E+00             0.293E-02
            -0.773E+00             0.362E-02
            -0.760E+00             0.446E-02
            -0.746E+00             0.547E-02
            -0.733E+00             0.669E-02
            -0.720E+00             0.814E-02
            -0.706E+00             0.988E-02
            -0.693E+00             0.119E-01
            -0.679E+00             0.144E-01
            -0.666E+00             0.173E-01
            -0.652E+00             0.207E-01
            -0.639E+00             0.246E-01
            -0.625E+00             0.292E-01
            -0.612E+00             0.346E-01
            -0.598E+00             0.408E-01
            -0.585E+00             0.479E-01
            -0.572E+00             0.560E-01
            -0.558E+00             0.653E-01
            -0.545E+00             0.759E-01
            -0.531E+00             0.879E-01
            -0.518E+00             0.101E+00
            -0.504E+00             0.117E+00
            -0.491E+00             0.133E+00
            -0.477E+00             0.152E+00
            -0.464E+00             0.173E+00
            -0.451E+00             0.196E+00
            -0.437E+00             0.221E+00
            -0.424E+00             0.249E+00
            -0.410E+00             0.279E+00
            -0.397E+00             0.312E+00
            -0.383E+00             0.347E+00
            -0.370E+00             0.385E+00
            -0.356E+00             0.425E+00
            -0.343E+00             0.467E+00
            -0.329E+00             0.513E+00
            -0.316E+00             0.560E+00
            -0.303E+00             0.610E+00
            -0.289E+00             0.662E+00
            -0.276E+00             0.715E+00
            -0.262E+00             0.770E+00
            -0.249E+00             0.827E+00
            -0.235E+00             0.884E+00
            -0.222E+00             0.942E+00
            -0.208E+00             0.100E+01
            -0.195E+00             0.106E+01
            -0.182E+00             0.111E+01
            -0.168E+00             0.117E+01
            -0.155E+00             0.122E+01
            -0.141E+00             0.128E+01
            -0.128E+00             0.133E+01
            -0.114E+00             0.137E+01
            -0.101E+00             0.141E+01
            -0.874E-01             0.145E+01
            -0.740E-01             0.149E+01
            -0.605E-01             0.152E+01
            -0.471E-01             0.154E+01
            -0.336E-01             0.156E+01
            -0.202E-01             0.158E+01
            -0.672E-02             0.159E+01
             0.672E-02             0.159E+01
             0.202E-01             0.159E+01
             0.336E-01             0.158E+01
             0.471E-01             0.156E+01
             0.605E-01             0.154E+01
             0.740E-01             0.152E+01
             0.874E-01             0.149E+01
             0.101E+00             0.145E+01
             0.114E+00             0.141E+01
             0.128E+00             0.137E+01
             0.141E+00             0.133E+01
             0.155E+00             0.128E+01
             0.168E+00             0.122E+01
             0.182E+00             0.117E+01
             0.195E+00             0.111E+01
             0.208E+00             0.106E+01
             0.222E+00             0.100E+01
             0.235E+00             0.942E+00
             0.249E+00             0.884E+00
             0.262E+00             0.827E+00
             0.276E+00             0.770E+00
             0.289E+00             0.715E+00
             0.303E+00             0.662E+00
             0.316E+00             0.610E+00
             0.329E+00             0.560E+00
             0.343E+00             0.513E+00
             0.356E+00             0.467E+00
             0.370E+00             0.425E+00
             0.383E+00             0.385E+00
             0.397E+00             0.347E+00
             0.410E+00             0.312E+00
             0.424E+00             0.279E+00
             0.437E+00             0.249E+00
             0.451E+00             0.221E+00
             0.464E+00             0.196E+00
             0.477E+00             0.173E+00
             0.491E+00             0.152E+00
             0.504E+00             0.133E+00
             0.518E+00             0.117E+00
             0.531E+00             0.101E+00
             0.545E+00             0.879E-01
             0.558E+00             0.759E-01
             0.572E+00             0.653E-01
             0.585E+00             0.560E-01
             0.598E+00             0.479E-01
             0.612E+00             0.408E-01
             0.625E+00             0.346E-01
             0.639E+00             0.292E-01
             0.652E+00             0.246E-01
             0.666E+00             0.207E-01
             0.679E+00             0.173E-01
             0.693E+00             0.144E-01
             0.706E+00             0.119E-01
             0.720E+00             0.988E-02
             0.733E+00             0.814E-02
             0.746E+00             0.669E-02
             0.760E+00             0.547E-02
             0.773E+00             0.446E-02
             0.787E+00             0.362E-02
             0.800E+00             0.293E-02
             0.814E+00             0.237E-02
             0.827E+00             0.190E-02
             0.841E+00             0.152E-02
             0.854E+00             0.122E-02
             0.867E+00             0.966E-03
             0.881E+00             0.765E-03
             0.894E+00             0.604E-03
             0.908E+00             0.475E-03
             0.921E+00             0.372E-03
             0.935E+00             0.291E-03
             0.948E+00             0.226E-03
             0.962E+00             0.175E-03
             0.975E+00             0.136E-03
             0.988E+00             0.104E-03
             0.100E+01             0.800E-04
             0.102E+01             0.612E-04
             0.103E+01             0.466E-04
             0.104E+01             0.353E-04
             0.106E+01             0.267E-04
             0.107E+01             0.201E-04
             0.108E+01             0.151E-04
             0.110E+01             0.113E-04
             0.111E+01             0.842E-05
             0.112E+01             0.626E-05
             0.114E+01             0.463E-05
             0.115E+01             0.341E-05
             0.116E+01             0.251E-05
             0.118E+01             0.184E-05
             0.119E+01             0.134E-05
             0.120E+01             0.974E-06
             0.122E+01             0.705E-06
             0.123E+01             0.509E-06
             0.124E+01             0.366E-06
             0.126E+01             0.262E-06
             0.127E+01             0.187E-06
             0.128E+01             0.133E-06
             0.130E+01             0.944E-07
             0.131E+01             0.667E-07
             0.132E+01             0.470E-07
             0.134E+01             0.329E-07
             0.135E+01             0.230E-07
             0.137E+01             0.160E-07
             0.138E+01             0.111E-07
             0.139E+01             0.769E-08
             0.141E+01             0.530E-08
             0.142E+01             0.364E-08
             0.143E+01             0.249E-08
             0.145E+01             0.170E-08
             0.146E+01             0.115E-08
             0.147E+01             0.780E-09
             0.149E+01             0.526E-09
             0.150E+01             0.354E-09
             0.151E+01             0.237E-09
             0.153E+01             0.158E-09
             0.154E+01             0.105E-09
             0.155E+01             0.697E-10
             0.157E+01             0.460E-10
             0.158E+01             0.303E-10
             0.159E+01             0.198E-10
             0.161E+01             0.130E-10
             0.162E+01             0.843E-11
             0.163E+01             0.547E-11
             0.165E+01             0.354E-11
             0.166E+01             0.229E-11
             0.167E+01             0.147E-11
             0.169E+01             0.938E-12
             0.170E+01             0.603E-12
             0.171E+01             0.383E-12
             0.173E+01             0.243E-12
             0.174E+01             0.154E-12
             0.176E+01             0.995E-13
             0.177E+01             0.571E-13
             0.178E+01             0.341E-13
             0.180E+01             0.249E-13
             0.181E+01             0.183E-13
             0.182E+01             0.111E-13
             0.184E+01             0.672E-14
             0.185E+01            -0.135E-14
             0.186E+01            -0.518E-14
             0.188E+01            -0.656E-14
             0.189E+01            -0.636E-14
             0.190E+01             0.528E-15
             0.192E+01            -0.170E-14
             0.193E+01             0.338E-14
             0.194E+01             0.123E-14
             0.196E+01            -0.141E-14
             0.197E+01             0.326E-14
             0.198E+01            -0.521E-15
             0.200E+01             0.519E-14
             0.201E+01             0.131E-14
             0.202E+01            -0.148E-14
             0.204E+01             0.186E-15
             0.205E+01            -0.729E-15
             0.206E+01            -0.319E-14
             0.208E+01             0.259E-15
             0.209E+01             0.172E-14
             0.210E+01             0.384E-14
             0.212E+01             0.151E-15
             0.213E+01            -0.175E-14
             0.215E+01            -0.275E-14
             0.216E+01             0.164E-14
             0.217E+01             0.311E-14
             0.219E+01             0.407E-14
             0.220E+01             0.189E-14
             0.221E+01            -0.274E-15
             0.223E+01             0.530E-14
             0.224E+01             0.291E-14
             0.225E+01             0.176E-15
             0.227E+01             0.234E-15
             0.228E+01            -0.147E-14
             0.229E+01            -0.139E-14
             0.231E+01             0.576E-15
             0.232E+01             0.685E-15
             0.233E+01            -0.434E-14
             0.235E+01            -0.331E-14
             0.236E+01            -0.255E-14
             0.237E+01             0.150E-14
             0.239E+01             0.173E-15
             0.240E+01             0.206E-14
             0.241E+01             0.208E-15
             0.243E+01            -0.222E-14
             0.244E+01             0.225E-14
             0.245E+01             0.628E-14
             0.247E+01             0.523E-14
             0.248E+01             0.984E-15
             0.249E+01            -0.506E-15
             0.251E+01            -0.107E-14
             0.252E+01             0.209E-14
             0.254E+01            -0.216E-14
             0.255E+01             0.131E-14
             0.256E+01             0.158E-14
             0.258E+01             0.170E-14
             0.259E+01             0.236E-15
             0.260E+01             0.307E-14
             0.262E+01            -0.221E-14
             0.263E+01            -0.101E-14
             0.264E+01             0.138E-14
             0.266E+01             0.202E-14
             0.267E+01             0.113E-14
             0.268E+01             0.132E-14
             0.270E+01             0.663E-15
             0.271E+01            -0.211E-14
             0.272E+01            -0.156E-14
             0.274E+01            -0.132E-14
             0.275E+01            -0.109E-14
             0.276E+01            -0.214E-14
             0.278E+01            -0.377E-14
             0.279E+01            -0.355E-14
             0.280E+01             0.380E-14
             0.282E+01             0.387E-14
             0.283E+01             0.284E-14
             0.284E+01             0.127E-14
             0.286E+01            -0.142E-14
             0.287E+01            -0.418E-14
             0.288E+01            -0.546E-15
             0.290E+01            -0.325E-16
             0.291E+01            -0.915E-15
             0.293E+01            -0.211E-15
             0.294E+01             0.552E-15
             0.295E+01            -0.930E-15
             0.297E+01            -0.171E-15
             0.298E+01            -0.126E-14
             0.299E+01             0.151E-14
             0.301E+01            -0.121E-14
             0.302E+01            -0.994E-15
             0.303E+01            -0.344E-15
             0.305E+01             0.133E-14
             0.306E+01            -0.228E-14
             0.307E+01            -0.266E-14
             0.309E+01            -0.171E-14
             0.310E+01             0.100E-14
             0.311E+01            -0.207E-14
             0.313E+01            -0.284E-15
             0.314E+01             0.323E-14
             0.315E+01             0.370E-14
             0.317E+01             0.814E-15
             0.318E+01            -0.716E-15
             0.319E+01            -0.761E-15
             0.321E+01            -0.354E-15
             0.322E+01             0.334E-14
             0.323E+01            -0.174E-15
             0.325E+01            -0.104E-14
             0.326E+01            -0.127E-14
             0.327E+01            -0.112E-14
             0.329E+01            -0.127E-14
             0.330E+01             0.186E-14
             0.332E+01             0.201E-14
             0.333E+01             0.102E-14
             0.334E+01             0.916E-15
             0.336E+01            -0.114E-15
             0.337E+01            -0.152E-14
             0.338E+01            -0.192E-14
             0.340E+01             0.992E-15
             0.341E+01            -0.968E-16
             0.342E+01             0.487E-15
             0.344E+01             0.527E-15
             0.345E+01            -0.519E-15
             0.346E+01            -0.168E-15
             0.348E+01            -0.745E-15
             0.349E+01             0.106E-15
             0.350E+01             0.445E-15
             0.352E+01            -0.101E-14
             0.353E+01            -0.985E-15
             0.354E+01            -0.116E-14
             0.356E+01             0.694E-15
             0.357E+01             0.396E-15
             0.358E+01             0.453E-15
             0.360E+01            -0.127E-14
             0.361E+01            -0.789E-15
             0.362E+01            -0.327E-15
             0.364E+01            -0.214E-15
             0.365E+01            -0.312E-15
             0.366E+01             0.922E-15
             0.368E+01             0.259E-15
             0.369E+01            -0.490E-15
             0.371E+01             0.480E-16
             0.372E+01             0.855E-15
             0.373E+01            -0.105E-15
             0.375E+01             0.205E-14
             0.376E+01             0.207E-14
             0.377E+01            -0.452E-15
             0.379E+01            -0.123E-14
             0.380E+01            -0.669E-15
             0.381E+01             0.135E-14
             0.383E+01            -0.111E-14
             0.384E+01            -0.114E-14
             0.385E+01            -0.117E-14
             0.387E+01            -0.492E-15
             0.388E+01             0.957E-15
             0.389E+01             0.188E-14
             0.391E+01             0.887E-15
             0.392E+01            -0.110E-14
             0.393E+01            -0.364E-16
             0.395E+01             0.157E-15
             0.396E+01             0.411E-15
             0.397E+01             0.116E-14
             0.399E+01            -0.114E-15
             0.400E+01            -0.581E-15
             0.401E+01            -0.191E-14
             0.403E+01             0.204E-15
             0.404E+01             0.734E-15
             0.405E+01             0.215E-14
             0.407E+01            -0.126E-14
             0.408E+01            -0.175E-14
             0.410E+01            -0.721E-15
             0.411E+01            -0.816E-15
             0.412E+01             0.533E-15
             0.414E+01             0.904E-15
             0.415E+01             0.154E-15
             0.416E+01             0.557E-15
             0.418E+01            -0.242E-14
             0.419E+01            -0.171E-14
             0.420E+01            -0.783E-15
             0.422E+01            -0.895E-15
             0.423E+01            -0.130E-14
             0.424E+01            -0.117E-15
             0.426E+01            -0.224E-15
             0.427E+01            -0.128E-14
             0.428E+01            -0.176E-14
             0.430E+01             0.126E-15
             0.431E+01            -0.631E-15
             0.432E+01             0.234E-15
             0.434E+01            -0.157E-14
             0.435E+01             0.620E-15
             0.436E+01             0.598E-15
             0.438E+01             0.126E-15
             0.439E+01             0.588E-15
             0.440E+01             0.566E-15
             0.442E+01            -0.121E-14
             0.443E+01             0.101E-15
             0.444E+01             0.201E-14
             0.446E+01            -0.113E-14
             0.447E+01            -0.821E-15
             0.449E+01             0.239E-15
             0.450E+01             0.548E-15
             0.451E+01            -0.457E-15
             0.453E+01            -0.143E-14
             0.454E+01            -0.447E-15
             0.455E+01            -0.122E-15
             0.457E+01             0.103E-14
             0.458E+01            -0.738E-16
             0.459E+01             0.986E-15
             0.461E+01            -0.249E-15
             0.462E+01             0.243E-15
             0.463E+01            -0.509E-15
             0.465E+01            -0.680E-17
             0.466E+01            -0.427E-15
             0.467E+01             0.280E-15
             0.469E+01             0.553E-15
             0.470E+01            -0.131E-15
             0.471E+01             0.574E-15
             0.473E+01            -0.125E-14
             0.474E+01            -0.231E-15
             0.475E+01            -0.713E-15
             0.477E+01            -0.570E-15
             0.478E+01            -0.679E-15
             0.479E+01            -0.146E-14
             0.481E+01            -0.105E-14
             0.482E+01            -0.161E-14
             0.483E+01             0.145E-14
             0.485E+01            -0.283E-14
             0.486E+01             0.671E-15
             0.488E+01            -0.128E-14
             0.489E+01             0.933E-15
             0.490E+01             0.253E-15
             0.492E+01            -0.600E-15
             0.493E+01            -0.102E-14
             0.494E+01             0.377E-15
             0.496E+01            -0.548E-15
             0.497E+01            -0.440E-15
             0.498E+01             0.112E-14
             0.500E+01            -0.175E-14
             0.501E+01             0.190E-14
             0.502E+01            -0.813E-16
             0.504E+01             0.109E-14
             0.505E+01             0.483E-15
             0.506E+01             0.112E-14
             0.508E+01             0.271E-15
             0.509E+01            -0.180E-15
             0.510E+01             0.483E-15
             0.512E+01            -0.478E-15
             0.513E+01             0.153E-14
             0.514E+01            -0.125E-14
             0.516E+01            -0.290E-15
             0.517E+01            -0.180E-14
             0.518E+01             0.472E-15
             0.520E+01            -0.203E-14
             0.521E+01             0.120E-14
             0.522E+01             0.475E-15
             0.524E+01             0.651E-15
             0.525E+01             0.394E-15
             0.527E+01             0.177E-15
             0.528E+01            -0.626E-15
             0.529E+01             0.114E-14
             0.531E+01            -0.403E-15
             0.532E+01             0.231E-15
             0.533E+01            -0.254E-16
             0.535E+01             0.197E-15
             0.536E+01            -0.387E-15
             0.537E+01             0.123E-14
             0.539E+01             0.162E-14
             0.540E+01             0.770E-15
             0.541E+01             0.440E-15
             0.543E+01             0.203E-17
             0.544E+01            -0.602E-15
             0.545E+01            -0.352E-14
             0.547E+01             0.648E-15
             0.548E+01            -0.151E-15
             0.549E+01             0.575E-15
             0.551E+01             0.602E-15
             0.552E+01             0.776E-15
             0.553E+01             0.180E-14
             0.555E+01            -0.460E-15
             0.556E+01             0.167E-15
             0.557E+01            -0.100E-15
             0.559E+01            -0.170E-14
             0.560E+01            -0.321E-15
             0.561E+01            -0.272E-15
             0.563E+01            -0.340E-15
             0.564E+01             0.111E-14
             0.566E+01             0.459E-15
             0.567E+01             0.113E-14
             0.568E+01            -0.510E-15
             0.570E+01             0.252E-15
             0.571E+01            -0.405E-15
             0.572E+01            -0.131E-14
             0.574E+01             0.102E-16
             0.575E+01            -0.798E-15
             0.576E+01             0.128E-14
             0.578E+01            -0.417E-15
             0.579E+01            -0.657E-15
             0.580E+01             0.397E-15
             0.582E+01             0.161E-14
             0.583E+01            -0.129E-15
             0.584E+01             0.200E-15
             0.586E+01             0.151E-14
             0.587E+01            -0.469E-15
             0.588E+01             0.143E-14
             0.590E+01            -0.170E-14
             0.591E+01            -0.785E-16
             0.592E+01            -0.747E-15
             0.594E+01             0.161E-14
             0.595E+01            -0.107E-14
             0.596E+01             0.130E-14
             0.598E+01             0.289E-15
             0.599E+01             0.153E-14
             0.600E+01             0.182E-14
             0.602E+01            -0.218E-14
             0.603E+01             0.222E-14
             0.605E+01            -0.287E-14
             0.606E+01            -0.172E-14
             0.607E+01            -0.196E-14
             0.609E+01             0.625E-15
             0.610E+01             0.342E-15
             0.611E+01            -0.126E-14
             0.613E+01            -0.127E-14
             0.614E+01             0.840E-15
             0.615E+01            -0.238E-14
             0.617E+01             0.134E-14
             0.618E+01            -0.218E-15
             0.619E+01             0.851E-15
             0.621E+01             0.232E-14
             0.622E+01             0.855E-15
             0.623E+01            -0.166E-14
             0.625E+01             0.101E-14
             0.626E+01            -0.965E-15
             0.627E+01             0.327E-15
             0.629E+01             0.149E-14
             0.630E+01            -0.606E-15
             0.631E+01             0.159E-14
             0.633E+01            -0.182E-14
             0.634E+01             0.908E-15
             0.635E+01             0.858E-15
             0.637E+01             0.910E-15
             0.638E+01             0.581E-15
             0.639E+01             0.676E-15
             0.641E+01             0.161E-14
             0.642E+01            -0.599E-15
             0.644E+01             0.189E-14
             0.645E+01            -0.800E-15
             0.646E+01            -0.257E-14
             0.648E+01             0.213E-14
             0.649E+01            -0.646E-15
             0.650E+01            -0.890E-15
             0.652E+01            -0.532E-15
             0.653E+01            -0.674E-16
             0.654E+01             0.574E-15
             0.656E+01            -0.820E-15
             0.657E+01             0.436E-15
             0.658E+01             0.127E-14
             0.660E+01            -0.122E-14
             0.661E+01             0.181E-15
             0.662E+01             0.197E-16
             0.664E+01            -0.208E-14
             0.665E+01             0.680E-15
             0.666E+01             0.149E-15
             0.668E+01            -0.218E-15
             0.669E+01             0.312E-15
             0.670E+01             0.149E-15
             0.672E+01             0.670E-15
             0.673E+01            -0.195E-16
             0.674E+01            -0.121E-14
             0.676E+01             0.109E-14
             0.677E+01            -0.782E-15
             0.678E+01            -0.793E-15
             0.680E+01             0.112E-14
             0.681E+01             0.181E-14
             0.683E+01            -0.442E-15
             0.684E+01             0.806E-16
             0.685E+01             0.149E-14
             0.687E+01            -0.248E-15
             0.688E+01            -0.527E-15
             0.689E+01            -0.238E-15
             0.691E+01             0.115E-14
             0.692E+01             0.125E-15
             0.693E+01            -0.574E-16
             0.695E+01             0.355E-15
             0.696E+01             0.927E-15
             0.697E+01            -0.770E-15
             0.699E+01            -0.730E-15
             0.700E+01             0.251E-15
