            -0.299E+01            -0.165E-30
            -0.298E+01             0.237E-30
            -0.298E+01             0.399E-30
            -0.297E+01             0.258E-30
            -0.296E+01            -0.117E-31
            -0.295E+01            -0.290E-30
            -0.294E+01            -0.223E-30
            -0.294E+01            -0.566E-31
            -0.293E+01            -0.261E-30
            -0.292E+01            -0.229E-30
            -0.291E+01            -0.156E-30
            -0.291E+01            -0.628E-30
            -0.290E+01             0.324E-31
            -0.289E+01            -0.675E-30
            -0.288E+01             0.131E-30
            -0.287E+01             0.585E-31
            -0.287E+01             0.967E-31
            -0.286E+01             0.152E-30
            -0.285E+01             0.138E-30
            -0.284E+01             0.522E-31
            -0.283E+01            -0.615E-32
            -0.283E+01            -0.222E-30
            -0.282E+01            -0.279E-30
            -0.281E+01            -0.337E-31
            -0.280E+01            -0.336E-30
            -0.280E+01            -0.194E-30
            -0.279E+01            -0.737E-31
            -0.278E+01            -0.286E-30
            -0.277E+01            -0.284E-30
            -0.276E+01            -0.279E-30
            -0.276E+01            -0.297E-30
            -0.275E+01             0.186E-30
            -0.274E+01            -0.922E-30
            -0.273E+01            -0.145E-29
            -0.272E+01            -0.202E-29
            -0.272E+01            -0.337E-29
            -0.271E+01            -0.465E-29
            -0.270E+01            -0.706E-29
            -0.269E+01            -0.102E-28
            -0.268E+01            -0.165E-28
            -0.268E+01            -0.249E-28
            -0.267E+01            -0.378E-28
            -0.266E+01            -0.572E-28
            -0.265E+01            -0.860E-28
            -0.265E+01            -0.129E-27
            -0.264E+01            -0.195E-27
            -0.263E+01            -0.292E-27
            -0.262E+01            -0.439E-27
            -0.261E+01            -0.658E-27
            -0.261E+01            -0.984E-27
            -0.260E+01            -0.147E-26
            -0.259E+01            -0.220E-26
            -0.258E+01            -0.328E-26
            -0.257E+01            -0.488E-26
            -0.257E+01            -0.727E-26
            -0.256E+01            -0.108E-25
            -0.255E+01            -0.160E-25
            -0.254E+01            -0.237E-25
            -0.253E+01            -0.352E-25
            -0.253E+01            -0.520E-25
            -0.252E+01            -0.768E-25
            -0.251E+01            -0.113E-24
            -0.250E+01            -0.167E-24
            -0.250E+01            -0.245E-24
            -0.249E+01            -0.361E-24
            -0.248E+01            -0.529E-24
            -0.247E+01            -0.775E-24
            -0.246E+01            -0.114E-23
            -0.246E+01            -0.166E-23
            -0.245E+01            -0.242E-23
            -0.244E+01            -0.354E-23
            -0.243E+01            -0.515E-23
            -0.242E+01            -0.749E-23
            -0.242E+01            -0.109E-22
            -0.241E+01            -0.158E-22
            -0.240E+01            -0.229E-22
            -0.239E+01            -0.332E-22
            -0.239E+01            -0.479E-22
            -0.238E+01            -0.692E-22
            -0.237E+01            -0.998E-22
            -0.236E+01            -0.144E-21
            -0.235E+01            -0.207E-21
            -0.235E+01            -0.297E-21
            -0.234E+01            -0.427E-21
            -0.233E+01            -0.612E-21
            -0.232E+01            -0.875E-21
            -0.231E+01            -0.125E-20
            -0.231E+01            -0.179E-20
            -0.230E+01            -0.255E-20
            -0.229E+01            -0.363E-20
            -0.228E+01            -0.517E-20
            -0.227E+01            -0.734E-20
            -0.227E+01            -0.104E-19
            -0.226E+01            -0.148E-19
            -0.225E+01            -0.209E-19
            -0.224E+01            -0.295E-19
            -0.224E+01            -0.417E-19
            -0.223E+01            -0.588E-19
            -0.222E+01            -0.829E-19
            -0.221E+01            -0.117E-18
            -0.220E+01            -0.164E-18
            -0.220E+01            -0.230E-18
            -0.219E+01            -0.322E-18
            -0.218E+01            -0.451E-18
            -0.217E+01            -0.630E-18
            -0.216E+01            -0.880E-18
            -0.216E+01            -0.123E-17
            -0.215E+01            -0.171E-17
            -0.214E+01            -0.238E-17
            -0.213E+01            -0.330E-17
            -0.212E+01            -0.458E-17
            -0.212E+01            -0.635E-17
            -0.211E+01            -0.879E-17
            -0.210E+01            -0.121E-16
            -0.209E+01            -0.168E-16
            -0.209E+01            -0.231E-16
            -0.208E+01            -0.318E-16
            -0.207E+01            -0.438E-16
            -0.206E+01            -0.601E-16
            -0.205E+01            -0.825E-16
            -0.205E+01            -0.113E-15
            -0.204E+01            -0.155E-15
            -0.203E+01            -0.211E-15
            -0.202E+01            -0.289E-15
            -0.201E+01            -0.393E-15
            -0.201E+01            -0.536E-15
            -0.200E+01            -0.728E-15
            -0.199E+01            -0.989E-15
            -0.198E+01            -0.134E-14
            -0.198E+01            -0.182E-14
            -0.197E+01            -0.246E-14
            -0.196E+01            -0.332E-14
            -0.195E+01            -0.448E-14
            -0.194E+01            -0.604E-14
            -0.194E+01            -0.814E-14
            -0.193E+01            -0.109E-13
            -0.192E+01            -0.147E-13
            -0.191E+01            -0.197E-13
            -0.190E+01            -0.264E-13
            -0.190E+01            -0.353E-13
            -0.189E+01            -0.472E-13
            -0.188E+01            -0.629E-13
            -0.187E+01            -0.839E-13
            -0.186E+01            -0.112E-12
            -0.186E+01            -0.148E-12
            -0.185E+01            -0.197E-12
            -0.184E+01            -0.261E-12
            -0.183E+01            -0.346E-12
            -0.183E+01            -0.457E-12
            -0.182E+01            -0.604E-12
            -0.181E+01            -0.797E-12
            -0.180E+01            -0.105E-11
            -0.179E+01            -0.138E-11
            -0.179E+01            -0.182E-11
            -0.178E+01            -0.238E-11
            -0.177E+01            -0.312E-11
            -0.176E+01            -0.409E-11
            -0.175E+01            -0.535E-11
            -0.175E+01            -0.698E-11
            -0.174E+01            -0.911E-11
            -0.173E+01            -0.119E-10
            -0.172E+01            -0.154E-10
            -0.171E+01            -0.200E-10
            -0.171E+01            -0.260E-10
            -0.170E+01            -0.337E-10
            -0.169E+01            -0.436E-10
            -0.168E+01            -0.564E-10
            -0.168E+01            -0.728E-10
            -0.167E+01            -0.938E-10
            -0.166E+01            -0.121E-09
            -0.165E+01            -0.155E-09
            -0.164E+01            -0.200E-09
            -0.164E+01            -0.256E-09
            -0.163E+01            -0.328E-09
            -0.162E+01            -0.420E-09
            -0.161E+01            -0.536E-09
            -0.160E+01            -0.684E-09
            -0.160E+01            -0.872E-09
            -0.159E+01            -0.111E-08
            -0.158E+01            -0.141E-08
            -0.157E+01            -0.179E-08
            -0.157E+01            -0.227E-08
            -0.156E+01            -0.288E-08
            -0.155E+01            -0.364E-08
            -0.154E+01            -0.459E-08
            -0.153E+01            -0.579E-08
            -0.153E+01            -0.730E-08
            -0.152E+01            -0.919E-08
            -0.151E+01            -0.115E-07
            -0.150E+01            -0.145E-07
            -0.149E+01            -0.182E-07
            -0.149E+01            -0.227E-07
            -0.148E+01            -0.284E-07
            -0.147E+01            -0.355E-07
            -0.146E+01            -0.442E-07
            -0.145E+01            -0.551E-07
            -0.145E+01            -0.685E-07
            -0.144E+01            -0.851E-07
            -0.143E+01            -0.106E-06
            -0.142E+01            -0.131E-06
            -0.142E+01            -0.162E-06
            -0.141E+01            -0.200E-06
            -0.140E+01            -0.247E-06
            -0.139E+01            -0.304E-06
            -0.138E+01            -0.374E-06
            -0.138E+01            -0.460E-06
            -0.137E+01            -0.564E-06
            -0.136E+01            -0.692E-06
            -0.135E+01            -0.847E-06
            -0.134E+01            -0.104E-05
            -0.134E+01            -0.126E-05
            -0.133E+01            -0.154E-05
            -0.132E+01            -0.188E-05
            -0.131E+01            -0.228E-05
            -0.130E+01            -0.278E-05
            -0.130E+01            -0.337E-05
            -0.129E+01            -0.408E-05
            -0.128E+01            -0.494E-05
            -0.127E+01            -0.597E-05
            -0.127E+01            -0.720E-05
            -0.126E+01            -0.868E-05
            -0.125E+01            -0.104E-04
            -0.124E+01            -0.126E-04
            -0.123E+01            -0.151E-04
            -0.123E+01            -0.181E-04
            -0.122E+01            -0.216E-04
            -0.121E+01            -0.259E-04
            -0.120E+01            -0.309E-04
            -0.119E+01            -0.368E-04
            -0.119E+01            -0.439E-04
            -0.118E+01            -0.522E-04
            -0.117E+01            -0.620E-04
            -0.116E+01            -0.735E-04
            -0.116E+01            -0.871E-04
            -0.115E+01            -0.103E-03
            -0.114E+01            -0.122E-03
            -0.113E+01            -0.144E-03
            -0.112E+01            -0.169E-03
            -0.112E+01            -0.199E-03
            -0.111E+01            -0.234E-03
            -0.110E+01            -0.275E-03
            -0.109E+01            -0.322E-03
            -0.108E+01            -0.377E-03
            -0.108E+01            -0.440E-03
            -0.107E+01            -0.514E-03
            -0.106E+01            -0.599E-03
            -0.105E+01            -0.697E-03
            -0.104E+01            -0.810E-03
            -0.104E+01            -0.941E-03
            -0.103E+01            -0.109E-02
            -0.102E+01            -0.126E-02
            -0.101E+01            -0.146E-02
            -0.101E+01            -0.169E-02
            -0.997E+00            -0.194E-02
            -0.989E+00            -0.224E-02
            -0.982E+00            -0.257E-02
            -0.974E+00            -0.295E-02
            -0.966E+00            -0.339E-02
            -0.958E+00            -0.388E-02
            -0.950E+00            -0.443E-02
            -0.942E+00            -0.506E-02
            -0.934E+00            -0.577E-02
            -0.926E+00            -0.657E-02
            -0.919E+00            -0.748E-02
            -0.911E+00            -0.849E-02
            -0.903E+00            -0.963E-02
            -0.895E+00            -0.109E-01
            -0.887E+00            -0.123E-01
            -0.879E+00            -0.139E-01
            -0.871E+00            -0.157E-01
            -0.863E+00            -0.177E-01
            -0.855E+00            -0.199E-01
            -0.848E+00            -0.223E-01
            -0.840E+00            -0.250E-01
            -0.832E+00            -0.280E-01
            -0.824E+00            -0.313E-01
            -0.816E+00            -0.349E-01
            -0.808E+00            -0.389E-01
            -0.800E+00            -0.434E-01
            -0.792E+00            -0.482E-01
            -0.784E+00            -0.535E-01
            -0.777E+00            -0.593E-01
            -0.769E+00            -0.656E-01
            -0.761E+00            -0.725E-01
            -0.753E+00            -0.799E-01
            -0.745E+00            -0.881E-01
            -0.737E+00            -0.969E-01
            -0.729E+00            -0.106E+00
            -0.721E+00            -0.117E+00
            -0.714E+00            -0.128E+00
            -0.706E+00            -0.140E+00
            -0.698E+00            -0.153E+00
            -0.690E+00            -0.166E+00
            -0.682E+00            -0.181E+00
            -0.674E+00            -0.197E+00
            -0.666E+00            -0.213E+00
            -0.658E+00            -0.231E+00
            -0.650E+00            -0.250E+00
            -0.643E+00            -0.270E+00
            -0.635E+00            -0.291E+00
            -0.627E+00            -0.313E+00
            -0.619E+00            -0.337E+00
            -0.611E+00            -0.361E+00
            -0.603E+00            -0.387E+00
            -0.595E+00            -0.414E+00
            -0.587E+00            -0.442E+00
            -0.580E+00            -0.471E+00
            -0.572E+00            -0.501E+00
            -0.564E+00            -0.532E+00
            -0.556E+00            -0.564E+00
            -0.548E+00            -0.597E+00
            -0.540E+00            -0.631E+00
            -0.532E+00            -0.665E+00
            -0.524E+00            -0.700E+00
            -0.516E+00            -0.736E+00
            -0.509E+00            -0.772E+00
            -0.501E+00            -0.808E+00
            -0.493E+00            -0.845E+00
            -0.485E+00            -0.881E+00
            -0.477E+00            -0.917E+00
            -0.469E+00            -0.952E+00
            -0.461E+00            -0.987E+00
            -0.453E+00            -0.102E+01
            -0.445E+00            -0.105E+01
            -0.438E+00            -0.109E+01
            -0.430E+00            -0.112E+01
            -0.422E+00            -0.115E+01
            -0.414E+00            -0.117E+01
            -0.406E+00            -0.120E+01
            -0.398E+00            -0.122E+01
            -0.390E+00            -0.124E+01
            -0.382E+00            -0.125E+01
            -0.375E+00            -0.127E+01
            -0.367E+00            -0.128E+01
            -0.359E+00            -0.128E+01
            -0.351E+00            -0.129E+01
            -0.343E+00            -0.129E+01
            -0.335E+00            -0.128E+01
            -0.327E+00            -0.127E+01
            -0.319E+00            -0.126E+01
            -0.311E+00            -0.124E+01
            -0.304E+00            -0.121E+01
            -0.296E+00            -0.119E+01
            -0.288E+00            -0.115E+01
            -0.280E+00            -0.112E+01
            -0.272E+00            -0.107E+01
            -0.264E+00            -0.103E+01
            -0.256E+00            -0.975E+00
            -0.248E+00            -0.919E+00
            -0.240E+00            -0.859E+00
            -0.233E+00            -0.795E+00
            -0.225E+00            -0.727E+00
            -0.217E+00            -0.655E+00
            -0.209E+00            -0.581E+00
            -0.201E+00            -0.503E+00
            -0.193E+00            -0.422E+00
            -0.185E+00            -0.340E+00
            -0.177E+00            -0.255E+00
            -0.170E+00            -0.169E+00
            -0.162E+00            -0.827E-01
            -0.154E+00             0.445E-02
            -0.146E+00             0.916E-01
            -0.138E+00             0.178E+00
            -0.130E+00             0.264E+00
            -0.122E+00             0.348E+00
            -0.114E+00             0.430E+00
            -0.106E+00             0.510E+00
            -0.986E-01             0.586E+00
            -0.907E-01             0.659E+00
            -0.828E-01             0.728E+00
            -0.749E-01             0.793E+00
            -0.670E-01             0.853E+00
            -0.591E-01             0.908E+00
            -0.512E-01             0.957E+00
            -0.434E-01             0.100E+01
            -0.355E-01             0.104E+01
            -0.276E-01             0.107E+01
            -0.197E-01             0.109E+01
            -0.118E-01             0.111E+01
            -0.394E-02             0.112E+01
             0.394E-02             0.112E+01
             0.118E-01             0.112E+01
             0.197E-01             0.111E+01
             0.276E-01             0.109E+01
             0.355E-01             0.107E+01
             0.434E-01             0.104E+01
             0.512E-01             0.100E+01
             0.591E-01             0.957E+00
             0.670E-01             0.908E+00
             0.749E-01             0.853E+00
             0.828E-01             0.793E+00
             0.907E-01             0.728E+00
             0.986E-01             0.659E+00
             0.106E+00             0.586E+00
             0.114E+00             0.510E+00
             0.122E+00             0.430E+00
             0.130E+00             0.348E+00
             0.138E+00             0.264E+00
             0.146E+00             0.178E+00
             0.154E+00             0.916E-01
             0.162E+00             0.445E-02
             0.170E+00            -0.827E-01
             0.177E+00            -0.169E+00
             0.185E+00            -0.255E+00
             0.193E+00            -0.340E+00
             0.201E+00            -0.422E+00
             0.209E+00            -0.503E+00
             0.217E+00            -0.581E+00
             0.225E+00            -0.655E+00
             0.233E+00            -0.727E+00
             0.240E+00            -0.795E+00
             0.248E+00            -0.859E+00
             0.256E+00            -0.919E+00
             0.264E+00            -0.975E+00
             0.272E+00            -0.103E+01
             0.280E+00            -0.107E+01
             0.288E+00            -0.112E+01
             0.296E+00            -0.115E+01
             0.304E+00            -0.119E+01
             0.311E+00            -0.121E+01
             0.319E+00            -0.124E+01
             0.327E+00            -0.126E+01
             0.335E+00            -0.127E+01
             0.343E+00            -0.128E+01
             0.351E+00            -0.129E+01
             0.359E+00            -0.129E+01
             0.367E+00            -0.128E+01
             0.375E+00            -0.128E+01
             0.382E+00            -0.127E+01
             0.390E+00            -0.125E+01
             0.398E+00            -0.124E+01
             0.406E+00            -0.122E+01
             0.414E+00            -0.120E+01
             0.422E+00            -0.117E+01
             0.430E+00            -0.115E+01
             0.438E+00            -0.112E+01
             0.445E+00            -0.109E+01
             0.453E+00            -0.105E+01
             0.461E+00            -0.102E+01
             0.469E+00            -0.987E+00
             0.477E+00            -0.952E+00
             0.485E+00            -0.917E+00
             0.493E+00            -0.881E+00
             0.501E+00            -0.845E+00
             0.509E+00            -0.808E+00
             0.516E+00            -0.772E+00
             0.524E+00            -0.736E+00
             0.532E+00            -0.700E+00
             0.540E+00            -0.665E+00
             0.548E+00            -0.631E+00
             0.556E+00            -0.597E+00
             0.564E+00            -0.564E+00
             0.572E+00            -0.532E+00
             0.580E+00            -0.501E+00
             0.587E+00            -0.471E+00
             0.595E+00            -0.442E+00
             0.603E+00            -0.414E+00
             0.611E+00            -0.387E+00
             0.619E+00            -0.361E+00
             0.627E+00            -0.337E+00
             0.635E+00            -0.313E+00
             0.643E+00            -0.291E+00
             0.650E+00            -0.270E+00
             0.658E+00            -0.250E+00
             0.666E+00            -0.231E+00
             0.674E+00            -0.213E+00
             0.682E+00            -0.197E+00
             0.690E+00            -0.181E+00
             0.698E+00            -0.166E+00
             0.706E+00            -0.153E+00
             0.714E+00            -0.140E+00
             0.721E+00            -0.128E+00
             0.729E+00            -0.117E+00
             0.737E+00            -0.106E+00
             0.745E+00            -0.969E-01
             0.753E+00            -0.881E-01
             0.761E+00            -0.799E-01
             0.769E+00            -0.725E-01
             0.777E+00            -0.656E-01
             0.784E+00            -0.593E-01
             0.792E+00            -0.535E-01
             0.800E+00            -0.482E-01
             0.808E+00            -0.434E-01
             0.816E+00            -0.389E-01
             0.824E+00            -0.349E-01
             0.832E+00            -0.313E-01
             0.840E+00            -0.280E-01
             0.848E+00            -0.250E-01
             0.855E+00            -0.223E-01
             0.863E+00            -0.199E-01
             0.871E+00            -0.177E-01
             0.879E+00            -0.157E-01
             0.887E+00            -0.139E-01
             0.895E+00            -0.123E-01
             0.903E+00            -0.109E-01
             0.911E+00            -0.963E-02
             0.919E+00            -0.849E-02
             0.926E+00            -0.748E-02
             0.934E+00            -0.657E-02
             0.942E+00            -0.577E-02
             0.950E+00            -0.506E-02
             0.958E+00            -0.443E-02
             0.966E+00            -0.388E-02
             0.974E+00            -0.339E-02
             0.982E+00            -0.295E-02
             0.989E+00            -0.257E-02
             0.997E+00            -0.224E-02
             0.101E+01            -0.194E-02
             0.101E+01            -0.169E-02
             0.102E+01            -0.146E-02
             0.103E+01            -0.126E-02
             0.104E+01            -0.109E-02
             0.104E+01            -0.941E-03
             0.105E+01            -0.810E-03
             0.106E+01            -0.697E-03
             0.107E+01            -0.599E-03
             0.108E+01            -0.514E-03
             0.108E+01            -0.440E-03
             0.109E+01            -0.377E-03
             0.110E+01            -0.322E-03
             0.111E+01            -0.275E-03
             0.112E+01            -0.234E-03
             0.112E+01            -0.199E-03
             0.113E+01            -0.169E-03
             0.114E+01            -0.144E-03
             0.115E+01            -0.122E-03
             0.116E+01            -0.103E-03
             0.116E+01            -0.871E-04
             0.117E+01            -0.735E-04
             0.118E+01            -0.620E-04
             0.119E+01            -0.522E-04
             0.119E+01            -0.439E-04
             0.120E+01            -0.368E-04
             0.121E+01            -0.309E-04
             0.122E+01            -0.259E-04
             0.123E+01            -0.216E-04
             0.123E+01            -0.181E-04
             0.124E+01            -0.151E-04
             0.125E+01            -0.126E-04
             0.126E+01            -0.104E-04
             0.127E+01            -0.868E-05
             0.127E+01            -0.720E-05
             0.128E+01            -0.597E-05
             0.129E+01            -0.494E-05
             0.130E+01            -0.408E-05
             0.130E+01            -0.337E-05
             0.131E+01            -0.278E-05
             0.132E+01            -0.228E-05
             0.133E+01            -0.188E-05
             0.134E+01            -0.154E-05
             0.134E+01            -0.126E-05
             0.135E+01            -0.104E-05
             0.136E+01            -0.847E-06
             0.137E+01            -0.692E-06
             0.138E+01            -0.564E-06
             0.138E+01            -0.460E-06
             0.139E+01            -0.374E-06
             0.140E+01            -0.304E-06
             0.141E+01            -0.247E-06
             0.142E+01            -0.200E-06
             0.142E+01            -0.162E-06
             0.143E+01            -0.131E-06
             0.144E+01            -0.106E-06
             0.145E+01            -0.851E-07
             0.145E+01            -0.685E-07
             0.146E+01            -0.551E-07
             0.147E+01            -0.442E-07
             0.148E+01            -0.355E-07
             0.149E+01            -0.284E-07
             0.149E+01            -0.227E-07
             0.150E+01            -0.182E-07
             0.151E+01            -0.145E-07
             0.152E+01            -0.115E-07
             0.153E+01            -0.919E-08
             0.153E+01            -0.730E-08
             0.154E+01            -0.579E-08
             0.155E+01            -0.459E-08
             0.156E+01            -0.364E-08
             0.157E+01            -0.288E-08
             0.157E+01            -0.227E-08
             0.158E+01            -0.179E-08
             0.159E+01            -0.141E-08
             0.160E+01            -0.111E-08
             0.160E+01            -0.872E-09
             0.161E+01            -0.684E-09
             0.162E+01            -0.536E-09
             0.163E+01            -0.420E-09
             0.164E+01            -0.328E-09
             0.164E+01            -0.256E-09
             0.165E+01            -0.200E-09
             0.166E+01            -0.155E-09
             0.167E+01            -0.121E-09
             0.168E+01            -0.938E-10
             0.168E+01            -0.728E-10
             0.169E+01            -0.564E-10
             0.170E+01            -0.436E-10
             0.171E+01            -0.337E-10
             0.171E+01            -0.260E-10
             0.172E+01            -0.200E-10
             0.173E+01            -0.154E-10
             0.174E+01            -0.119E-10
             0.175E+01            -0.911E-11
             0.175E+01            -0.699E-11
             0.176E+01            -0.534E-11
             0.177E+01            -0.408E-11
             0.178E+01            -0.312E-11
             0.179E+01            -0.238E-11
             0.179E+01            -0.181E-11
             0.180E+01            -0.138E-11
             0.181E+01            -0.105E-11
             0.182E+01            -0.795E-12
             0.183E+01            -0.604E-12
             0.183E+01            -0.456E-12
             0.184E+01            -0.347E-12
             0.185E+01            -0.263E-12
             0.186E+01            -0.195E-12
             0.186E+01            -0.147E-12
             0.187E+01            -0.111E-12
             0.188E+01            -0.850E-13
             0.189E+01            -0.645E-13
             0.190E+01            -0.443E-13
             0.190E+01            -0.347E-13
             0.191E+01            -0.242E-13
             0.192E+01            -0.208E-13
             0.193E+01            -0.141E-13
             0.194E+01            -0.116E-13
             0.194E+01            -0.892E-14
             0.195E+01            -0.503E-14
             0.196E+01            -0.529E-14
             0.197E+01            -0.592E-14
             0.198E+01            -0.319E-14
             0.198E+01             0.486E-15
             0.199E+01            -0.248E-14
             0.200E+01            -0.165E-14
             0.201E+01             0.152E-14
             0.201E+01             0.268E-14
             0.202E+01            -0.568E-15
             0.203E+01            -0.352E-14
             0.204E+01            -0.208E-14
             0.205E+01            -0.492E-14
             0.205E+01            -0.208E-14
             0.206E+01            -0.772E-15
             0.207E+01             0.220E-14
             0.208E+01             0.250E-14
             0.209E+01             0.390E-14
             0.209E+01             0.742E-14
             0.210E+01             0.549E-14
             0.211E+01             0.237E-14
             0.212E+01            -0.414E-15
             0.212E+01             0.119E-14
             0.213E+01             0.148E-14
             0.214E+01            -0.377E-14
             0.215E+01            -0.353E-14
             0.216E+01            -0.258E-14
             0.216E+01             0.237E-15
             0.217E+01            -0.628E-15
             0.218E+01             0.166E-14
             0.219E+01            -0.841E-15
             0.220E+01             0.217E-14
             0.220E+01            -0.177E-14
             0.221E+01            -0.138E-14
             0.222E+01            -0.591E-15
             0.223E+01             0.123E-17
             0.224E+01             0.532E-15
             0.224E+01            -0.200E-14
             0.225E+01            -0.125E-14
             0.226E+01             0.717E-15
             0.227E+01            -0.276E-14
             0.227E+01            -0.133E-14
             0.228E+01            -0.851E-15
             0.229E+01             0.918E-15
             0.230E+01            -0.189E-14
             0.231E+01            -0.149E-14
             0.231E+01             0.318E-14
             0.232E+01            -0.581E-15
             0.233E+01             0.201E-14
             0.234E+01             0.203E-14
             0.235E+01            -0.188E-14
             0.235E+01            -0.135E-14
             0.236E+01            -0.125E-14
             0.237E+01             0.766E-15
             0.238E+01            -0.794E-15
             0.239E+01             0.232E-15
             0.239E+01            -0.109E-14
             0.240E+01            -0.339E-15
             0.241E+01            -0.662E-15
             0.242E+01             0.231E-14
             0.242E+01             0.104E-14
             0.243E+01             0.143E-14
             0.244E+01            -0.129E-14
             0.245E+01            -0.889E-16
             0.246E+01            -0.228E-14
             0.246E+01             0.270E-14
             0.247E+01             0.243E-14
             0.248E+01             0.131E-14
             0.249E+01            -0.190E-14
             0.250E+01            -0.230E-14
             0.250E+01            -0.329E-14
             0.251E+01            -0.691E-15
             0.252E+01             0.231E-14
             0.253E+01            -0.977E-15
             0.253E+01            -0.114E-14
             0.254E+01             0.426E-15
             0.255E+01            -0.473E-16
             0.256E+01             0.286E-15
             0.257E+01             0.131E-14
             0.257E+01            -0.117E-14
             0.258E+01             0.144E-14
             0.259E+01             0.624E-15
             0.260E+01            -0.883E-15
             0.261E+01            -0.117E-14
             0.261E+01             0.208E-14
             0.262E+01             0.174E-15
             0.263E+01            -0.707E-15
             0.264E+01             0.306E-14
             0.265E+01             0.141E-14
             0.265E+01             0.469E-15
             0.266E+01             0.504E-15
             0.267E+01             0.421E-14
             0.268E+01             0.241E-14
             0.268E+01             0.137E-14
             0.269E+01             0.333E-15
             0.270E+01            -0.153E-14
             0.271E+01            -0.142E-14
             0.272E+01            -0.504E-15
             0.272E+01            -0.508E-15
             0.273E+01             0.149E-14
             0.274E+01             0.227E-14
             0.275E+01             0.312E-15
             0.276E+01             0.317E-14
             0.276E+01             0.593E-15
             0.277E+01            -0.101E-14
             0.278E+01            -0.170E-14
             0.279E+01             0.107E-14
             0.280E+01            -0.987E-15
             0.280E+01            -0.720E-15
             0.281E+01            -0.410E-15
             0.282E+01             0.207E-14
             0.283E+01             0.127E-15
             0.283E+01             0.586E-15
             0.284E+01            -0.346E-15
             0.285E+01             0.310E-14
             0.286E+01            -0.312E-15
             0.287E+01            -0.926E-15
             0.287E+01            -0.176E-14
             0.288E+01             0.170E-14
             0.289E+01            -0.176E-14
             0.290E+01            -0.633E-15
             0.291E+01            -0.236E-15
             0.291E+01            -0.971E-15
             0.292E+01            -0.107E-14
             0.293E+01            -0.256E-14
             0.294E+01            -0.170E-14
             0.294E+01             0.641E-15
             0.295E+01             0.789E-15
             0.296E+01            -0.101E-14
             0.297E+01             0.140E-15
             0.298E+01            -0.531E-15
             0.298E+01            -0.170E-15
             0.299E+01             0.269E-15
             0.300E+01             0.599E-15
