            -0.300E+01            -0.134E-37
            -0.299E+01            -0.277E-37
            -0.299E+01            -0.441E-37
            -0.298E+01            -0.636E-37
            -0.298E+01            -0.878E-37
            -0.297E+01            -0.118E-36
            -0.297E+01            -0.157E-36
            -0.296E+01            -0.207E-36
            -0.296E+01            -0.272E-36
            -0.295E+01            -0.357E-36
            -0.295E+01            -0.467E-36
            -0.295E+01            -0.609E-36
            -0.294E+01            -0.795E-36
            -0.294E+01            -0.104E-35
            -0.293E+01            -0.135E-35
            -0.293E+01            -0.176E-35
            -0.292E+01            -0.229E-35
            -0.292E+01            -0.298E-35
            -0.291E+01            -0.387E-35
            -0.291E+01            -0.504E-35
            -0.290E+01            -0.654E-35
            -0.290E+01            -0.850E-35
            -0.290E+01            -0.110E-34
            -0.289E+01            -0.143E-34
            -0.289E+01            -0.186E-34
            -0.288E+01            -0.241E-34
            -0.288E+01            -0.312E-34
            -0.287E+01            -0.405E-34
            -0.287E+01            -0.524E-34
            -0.286E+01            -0.679E-34
            -0.286E+01            -0.879E-34
            -0.285E+01            -0.114E-33
            -0.285E+01            -0.147E-33
            -0.285E+01            -0.190E-33
            -0.284E+01            -0.245E-33
            -0.284E+01            -0.317E-33
            -0.283E+01            -0.409E-33
            -0.283E+01            -0.528E-33
            -0.282E+01            -0.681E-33
            -0.282E+01            -0.878E-33
            -0.281E+01            -0.113E-32
            -0.281E+01            -0.146E-32
            -0.280E+01            -0.188E-32
            -0.280E+01            -0.242E-32
            -0.280E+01            -0.311E-32
            -0.279E+01            -0.400E-32
            -0.279E+01            -0.514E-32
            -0.278E+01            -0.661E-32
            -0.278E+01            -0.849E-32
            -0.277E+01            -0.109E-31
            -0.277E+01            -0.140E-31
            -0.276E+01            -0.180E-31
            -0.276E+01            -0.230E-31
            -0.275E+01            -0.295E-31
            -0.275E+01            -0.378E-31
            -0.275E+01            -0.485E-31
            -0.274E+01            -0.620E-31
            -0.274E+01            -0.794E-31
            -0.273E+01            -0.102E-30
            -0.273E+01            -0.130E-30
            -0.272E+01            -0.166E-30
            -0.272E+01            -0.212E-30
            -0.271E+01            -0.271E-30
            -0.271E+01            -0.346E-30
            -0.270E+01            -0.442E-30
            -0.270E+01            -0.563E-30
            -0.270E+01            -0.718E-30
            -0.269E+01            -0.915E-30
            -0.269E+01            -0.117E-29
            -0.268E+01            -0.149E-29
            -0.268E+01            -0.189E-29
            -0.267E+01            -0.241E-29
            -0.267E+01            -0.306E-29
            -0.266E+01            -0.389E-29
            -0.266E+01            -0.494E-29
            -0.265E+01            -0.628E-29
            -0.265E+01            -0.798E-29
            -0.265E+01            -0.101E-28
            -0.264E+01            -0.128E-28
            -0.264E+01            -0.163E-28
            -0.263E+01            -0.207E-28
            -0.263E+01            -0.262E-28
            -0.262E+01            -0.332E-28
            -0.262E+01            -0.420E-28
            -0.261E+01            -0.531E-28
            -0.261E+01            -0.672E-28
            -0.260E+01            -0.850E-28
            -0.260E+01            -0.107E-27
            -0.260E+01            -0.136E-27
            -0.259E+01            -0.172E-27
            -0.259E+01            -0.217E-27
            -0.258E+01            -0.273E-27
            -0.258E+01            -0.345E-27
            -0.257E+01            -0.435E-27
            -0.257E+01            -0.548E-27
            -0.256E+01            -0.690E-27
            -0.256E+01            -0.870E-27
            -0.255E+01            -0.109E-26
            -0.255E+01            -0.138E-26
            -0.255E+01            -0.173E-26
            -0.254E+01            -0.218E-26
            -0.254E+01            -0.274E-26
            -0.253E+01            -0.344E-26
            -0.253E+01            -0.432E-26
            -0.252E+01            -0.542E-26
            -0.252E+01            -0.680E-26
            -0.251E+01            -0.853E-26
            -0.251E+01            -0.107E-25
            -0.250E+01            -0.134E-25
            -0.250E+01            -0.168E-25
            -0.250E+01            -0.210E-25
            -0.249E+01            -0.263E-25
            -0.249E+01            -0.329E-25
            -0.248E+01            -0.412E-25
            -0.248E+01            -0.515E-25
            -0.247E+01            -0.643E-25
            -0.247E+01            -0.803E-25
            -0.246E+01            -0.100E-24
            -0.246E+01            -0.125E-24
            -0.245E+01            -0.156E-24
            -0.245E+01            -0.195E-24
            -0.245E+01            -0.243E-24
            -0.244E+01            -0.302E-24
            -0.244E+01            -0.377E-24
            -0.243E+01            -0.469E-24
            -0.243E+01            -0.584E-24
            -0.242E+01            -0.726E-24
            -0.242E+01            -0.903E-24
            -0.241E+01            -0.112E-23
            -0.241E+01            -0.139E-23
            -0.240E+01            -0.173E-23
            -0.240E+01            -0.215E-23
            -0.240E+01            -0.267E-23
            -0.239E+01            -0.331E-23
            -0.239E+01            -0.410E-23
            -0.238E+01            -0.508E-23
            -0.238E+01            -0.629E-23
            -0.237E+01            -0.779E-23
            -0.237E+01            -0.964E-23
            -0.236E+01            -0.119E-22
            -0.236E+01            -0.148E-22
            -0.236E+01            -0.182E-22
            -0.235E+01            -0.225E-22
            -0.235E+01            -0.278E-22
            -0.234E+01            -0.344E-22
            -0.234E+01            -0.424E-22
            -0.233E+01            -0.523E-22
            -0.233E+01            -0.645E-22
            -0.232E+01            -0.796E-22
            -0.232E+01            -0.980E-22
            -0.231E+01            -0.121E-21
            -0.231E+01            -0.149E-21
            -0.231E+01            -0.183E-21
            -0.230E+01            -0.225E-21
            -0.230E+01            -0.277E-21
            -0.229E+01            -0.340E-21
            -0.229E+01            -0.418E-21
            -0.228E+01            -0.513E-21
            -0.228E+01            -0.630E-21
            -0.227E+01            -0.772E-21
            -0.227E+01            -0.947E-21
            -0.226E+01            -0.116E-20
            -0.226E+01            -0.142E-20
            -0.226E+01            -0.174E-20
            -0.225E+01            -0.214E-20
            -0.225E+01            -0.261E-20
            -0.224E+01            -0.320E-20
            -0.224E+01            -0.391E-20
            -0.223E+01            -0.478E-20
            -0.223E+01            -0.584E-20
            -0.222E+01            -0.713E-20
            -0.222E+01            -0.871E-20
            -0.221E+01            -0.106E-19
            -0.221E+01            -0.130E-19
            -0.221E+01            -0.158E-19
            -0.220E+01            -0.193E-19
            -0.220E+01            -0.235E-19
            -0.219E+01            -0.286E-19
            -0.219E+01            -0.348E-19
            -0.218E+01            -0.424E-19
            -0.218E+01            -0.515E-19
            -0.217E+01            -0.627E-19
            -0.217E+01            -0.762E-19
            -0.216E+01            -0.925E-19
            -0.216E+01            -0.112E-18
            -0.216E+01            -0.136E-18
            -0.215E+01            -0.165E-18
            -0.215E+01            -0.201E-18
            -0.214E+01            -0.243E-18
            -0.214E+01            -0.295E-18
            -0.213E+01            -0.357E-18
            -0.213E+01            -0.432E-18
            -0.212E+01            -0.523E-18
            -0.212E+01            -0.633E-18
            -0.211E+01            -0.766E-18
            -0.211E+01            -0.926E-18
            -0.211E+01            -0.112E-17
            -0.210E+01            -0.135E-17
            -0.210E+01            -0.163E-17
            -0.209E+01            -0.197E-17
            -0.209E+01            -0.237E-17
            -0.208E+01            -0.286E-17
            -0.208E+01            -0.345E-17
            -0.207E+01            -0.416E-17
            -0.207E+01            -0.501E-17
            -0.206E+01            -0.603E-17
            -0.206E+01            -0.725E-17
            -0.206E+01            -0.873E-17
            -0.205E+01            -0.105E-16
            -0.205E+01            -0.126E-16
            -0.204E+01            -0.151E-16
            -0.204E+01            -0.182E-16
            -0.203E+01            -0.218E-16
            -0.203E+01            -0.262E-16
            -0.202E+01            -0.314E-16
            -0.202E+01            -0.377E-16
            -0.201E+01            -0.451E-16
            -0.201E+01            -0.541E-16
            -0.201E+01            -0.647E-16
            -0.200E+01            -0.775E-16
            -0.200E+01            -0.927E-16
            -0.199E+01            -0.111E-15
            -0.199E+01            -0.132E-15
            -0.198E+01            -0.158E-15
            -0.198E+01            -0.189E-15
            -0.197E+01            -0.226E-15
            -0.197E+01            -0.269E-15
            -0.196E+01            -0.321E-15
            -0.196E+01            -0.383E-15
            -0.196E+01            -0.456E-15
            -0.195E+01            -0.544E-15
            -0.195E+01            -0.648E-15
            -0.194E+01            -0.771E-15
            -0.194E+01            -0.917E-15
            -0.193E+01            -0.109E-14
            -0.193E+01            -0.130E-14
            -0.192E+01            -0.154E-14
            -0.192E+01            -0.183E-14
            -0.191E+01            -0.217E-14
            -0.191E+01            -0.258E-14
            -0.191E+01            -0.306E-14
            -0.190E+01            -0.363E-14
            -0.190E+01            -0.430E-14
            -0.189E+01            -0.510E-14
            -0.189E+01            -0.604E-14
            -0.188E+01            -0.715E-14
            -0.188E+01            -0.846E-14
            -0.187E+01            -0.100E-13
            -0.187E+01            -0.118E-13
            -0.186E+01            -0.140E-13
            -0.186E+01            -0.165E-13
            -0.186E+01            -0.195E-13
            -0.185E+01            -0.230E-13
            -0.185E+01            -0.272E-13
            -0.184E+01            -0.321E-13
            -0.184E+01            -0.378E-13
            -0.183E+01            -0.446E-13
            -0.183E+01            -0.525E-13
            -0.182E+01            -0.618E-13
            -0.182E+01            -0.728E-13
            -0.181E+01            -0.856E-13
            -0.181E+01            -0.101E-12
            -0.181E+01            -0.118E-12
            -0.180E+01            -0.139E-12
            -0.180E+01            -0.163E-12
            -0.179E+01            -0.192E-12
            -0.179E+01            -0.225E-12
            -0.178E+01            -0.264E-12
            -0.178E+01            -0.310E-12
            -0.177E+01            -0.363E-12
            -0.177E+01            -0.425E-12
            -0.176E+01            -0.498E-12
            -0.176E+01            -0.583E-12
            -0.176E+01            -0.682E-12
            -0.175E+01            -0.798E-12
            -0.175E+01            -0.933E-12
            -0.174E+01            -0.109E-11
            -0.174E+01            -0.127E-11
            -0.173E+01            -0.149E-11
            -0.173E+01            -0.174E-11
            -0.172E+01            -0.203E-11
            -0.172E+01            -0.236E-11
            -0.171E+01            -0.275E-11
            -0.171E+01            -0.321E-11
            -0.171E+01            -0.374E-11
            -0.170E+01            -0.435E-11
            -0.170E+01            -0.507E-11
            -0.169E+01            -0.589E-11
            -0.169E+01            -0.685E-11
            -0.168E+01            -0.797E-11
            -0.168E+01            -0.925E-11
            -0.167E+01            -0.107E-10
            -0.167E+01            -0.125E-10
            -0.166E+01            -0.145E-10
            -0.166E+01            -0.168E-10
            -0.166E+01            -0.195E-10
            -0.165E+01            -0.226E-10
            -0.165E+01            -0.261E-10
            -0.164E+01            -0.303E-10
            -0.164E+01            -0.350E-10
            -0.163E+01            -0.405E-10
            -0.163E+01            -0.469E-10
            -0.162E+01            -0.542E-10
            -0.162E+01            -0.626E-10
            -0.161E+01            -0.724E-10
            -0.161E+01            -0.836E-10
            -0.161E+01            -0.964E-10
            -0.160E+01            -0.111E-09
            -0.160E+01            -0.128E-09
            -0.159E+01            -0.148E-09
            -0.159E+01            -0.170E-09
            -0.158E+01            -0.196E-09
            -0.158E+01            -0.226E-09
            -0.157E+01            -0.260E-09
            -0.157E+01            -0.299E-09
            -0.156E+01            -0.344E-09
            -0.156E+01            -0.395E-09
            -0.156E+01            -0.454E-09
            -0.155E+01            -0.521E-09
            -0.155E+01            -0.598E-09
            -0.154E+01            -0.686E-09
            -0.154E+01            -0.787E-09
            -0.153E+01            -0.902E-09
            -0.153E+01            -0.103E-08
            -0.152E+01            -0.118E-08
            -0.152E+01            -0.136E-08
            -0.151E+01            -0.155E-08
            -0.151E+01            -0.178E-08
            -0.151E+01            -0.203E-08
            -0.150E+01            -0.232E-08
            -0.150E+01            -0.265E-08
            -0.149E+01            -0.303E-08
            -0.149E+01            -0.346E-08
            -0.148E+01            -0.394E-08
            -0.148E+01            -0.450E-08
            -0.147E+01            -0.513E-08
            -0.147E+01            -0.585E-08
            -0.146E+01            -0.666E-08
            -0.146E+01            -0.758E-08
            -0.146E+01            -0.863E-08
            -0.145E+01            -0.982E-08
            -0.145E+01            -0.112E-07
            -0.144E+01            -0.127E-07
            -0.144E+01            -0.144E-07
            -0.143E+01            -0.164E-07
            -0.143E+01            -0.186E-07
            -0.142E+01            -0.211E-07
            -0.142E+01            -0.239E-07
            -0.141E+01            -0.272E-07
            -0.141E+01            -0.308E-07
            -0.141E+01            -0.349E-07
            -0.140E+01            -0.395E-07
            -0.140E+01            -0.447E-07
            -0.139E+01            -0.506E-07
            -0.139E+01            -0.572E-07
            -0.138E+01            -0.647E-07
            -0.138E+01            -0.731E-07
            -0.137E+01            -0.826E-07
            -0.137E+01            -0.932E-07
            -0.136E+01            -0.105E-06
            -0.136E+01            -0.119E-06
            -0.136E+01            -0.134E-06
            -0.135E+01            -0.151E-06
            -0.135E+01            -0.170E-06
            -0.134E+01            -0.191E-06
            -0.134E+01            -0.216E-06
            -0.133E+01            -0.243E-06
            -0.133E+01            -0.273E-06
            -0.132E+01            -0.307E-06
            -0.132E+01            -0.345E-06
            -0.131E+01            -0.387E-06
            -0.131E+01            -0.435E-06
            -0.131E+01            -0.488E-06
            -0.130E+01            -0.548E-06
            -0.130E+01            -0.614E-06
            -0.129E+01            -0.689E-06
            -0.129E+01            -0.772E-06
            -0.128E+01            -0.864E-06
            -0.128E+01            -0.968E-06
            -0.127E+01            -0.108E-05
            -0.127E+01            -0.121E-05
            -0.126E+01            -0.135E-05
            -0.126E+01            -0.151E-05
            -0.126E+01            -0.169E-05
            -0.125E+01            -0.189E-05
            -0.125E+01            -0.211E-05
            -0.124E+01            -0.235E-05
            -0.124E+01            -0.262E-05
            -0.123E+01            -0.293E-05
            -0.123E+01            -0.326E-05
            -0.122E+01            -0.363E-05
            -0.122E+01            -0.404E-05
            -0.121E+01            -0.450E-05
            -0.121E+01            -0.501E-05
            -0.121E+01            -0.557E-05
            -0.120E+01            -0.619E-05
            -0.120E+01            -0.687E-05
            -0.119E+01            -0.763E-05
            -0.119E+01            -0.848E-05
            -0.118E+01            -0.940E-05
            -0.118E+01            -0.104E-04
            -0.117E+01            -0.116E-04
            -0.117E+01            -0.128E-04
            -0.117E+01            -0.142E-04
            -0.116E+01            -0.157E-04
            -0.116E+01            -0.174E-04
            -0.115E+01            -0.192E-04
            -0.115E+01            -0.213E-04
            -0.114E+01            -0.235E-04
            -0.114E+01            -0.260E-04
            -0.113E+01            -0.287E-04
            -0.113E+01            -0.317E-04
            -0.112E+01            -0.350E-04
            -0.112E+01            -0.386E-04
            -0.112E+01            -0.425E-04
            -0.111E+01            -0.469E-04
            -0.111E+01            -0.516E-04
            -0.110E+01            -0.569E-04
            -0.110E+01            -0.626E-04
            -0.109E+01            -0.689E-04
            -0.109E+01            -0.757E-04
            -0.108E+01            -0.832E-04
            -0.108E+01            -0.915E-04
            -0.107E+01            -0.100E-03
            -0.107E+01            -0.110E-03
            -0.107E+01            -0.121E-03
            -0.106E+01            -0.133E-03
            -0.106E+01            -0.146E-03
            -0.105E+01            -0.159E-03
            -0.105E+01            -0.175E-03
            -0.104E+01            -0.191E-03
            -0.104E+01            -0.209E-03
            -0.103E+01            -0.229E-03
            -0.103E+01            -0.251E-03
            -0.102E+01            -0.274E-03
            -0.102E+01            -0.299E-03
            -0.102E+01            -0.327E-03
            -0.101E+01            -0.357E-03
            -0.101E+01            -0.389E-03
            -0.100E+01            -0.425E-03
            -0.997E+00            -0.463E-03
            -0.992E+00            -0.505E-03
            -0.988E+00            -0.550E-03
            -0.983E+00            -0.598E-03
            -0.979E+00            -0.651E-03
            -0.974E+00            -0.709E-03
            -0.970E+00            -0.770E-03
            -0.965E+00            -0.837E-03
            -0.961E+00            -0.910E-03
            -0.956E+00            -0.988E-03
            -0.952E+00            -0.107E-02
            -0.947E+00            -0.116E-02
            -0.942E+00            -0.126E-02
            -0.938E+00            -0.137E-02
            -0.933E+00            -0.148E-02
            -0.929E+00            -0.161E-02
            -0.924E+00            -0.174E-02
            -0.920E+00            -0.188E-02
            -0.915E+00            -0.204E-02
            -0.911E+00            -0.220E-02
            -0.906E+00            -0.238E-02
            -0.902E+00            -0.257E-02
            -0.897E+00            -0.278E-02
            -0.893E+00            -0.300E-02
            -0.888E+00            -0.323E-02
            -0.883E+00            -0.349E-02
            -0.879E+00            -0.376E-02
            -0.874E+00            -0.405E-02
            -0.870E+00            -0.436E-02
            -0.865E+00            -0.470E-02
            -0.861E+00            -0.505E-02
            -0.856E+00            -0.544E-02
            -0.852E+00            -0.585E-02
            -0.847E+00            -0.628E-02
            -0.843E+00            -0.675E-02
            -0.838E+00            -0.725E-02
            -0.833E+00            -0.778E-02
            -0.829E+00            -0.834E-02
            -0.824E+00            -0.895E-02
            -0.820E+00            -0.959E-02
            -0.815E+00            -0.103E-01
            -0.811E+00            -0.110E-01
            -0.806E+00            -0.118E-01
            -0.802E+00            -0.126E-01
            -0.797E+00            -0.135E-01
            -0.793E+00            -0.144E-01
            -0.788E+00            -0.154E-01
            -0.783E+00            -0.164E-01
            -0.779E+00            -0.175E-01
            -0.774E+00            -0.187E-01
            -0.770E+00            -0.200E-01
            -0.765E+00            -0.213E-01
            -0.761E+00            -0.227E-01
            -0.756E+00            -0.242E-01
            -0.752E+00            -0.257E-01
            -0.747E+00            -0.274E-01
            -0.743E+00            -0.291E-01
            -0.738E+00            -0.310E-01
            -0.734E+00            -0.329E-01
            -0.729E+00            -0.350E-01
            -0.724E+00            -0.371E-01
            -0.720E+00            -0.394E-01
            -0.715E+00            -0.418E-01
            -0.711E+00            -0.443E-01
            -0.706E+00            -0.470E-01
            -0.702E+00            -0.498E-01
            -0.697E+00            -0.527E-01
            -0.693E+00            -0.558E-01
            -0.688E+00            -0.590E-01
            -0.684E+00            -0.624E-01
            -0.679E+00            -0.660E-01
            -0.674E+00            -0.697E-01
            -0.670E+00            -0.736E-01
            -0.665E+00            -0.777E-01
            -0.661E+00            -0.820E-01
            -0.656E+00            -0.865E-01
            -0.652E+00            -0.911E-01
            -0.647E+00            -0.960E-01
            -0.643E+00            -0.101E+00
            -0.638E+00            -0.106E+00
            -0.634E+00            -0.112E+00
            -0.629E+00            -0.118E+00
            -0.625E+00            -0.124E+00
            -0.620E+00            -0.130E+00
            -0.615E+00            -0.137E+00
            -0.611E+00            -0.143E+00
            -0.606E+00            -0.150E+00
            -0.602E+00            -0.158E+00
            -0.597E+00            -0.165E+00
            -0.593E+00            -0.173E+00
            -0.588E+00            -0.182E+00
            -0.584E+00            -0.190E+00
            -0.579E+00            -0.199E+00
            -0.575E+00            -0.208E+00
            -0.570E+00            -0.217E+00
            -0.565E+00            -0.227E+00
            -0.561E+00            -0.237E+00
            -0.556E+00            -0.248E+00
            -0.552E+00            -0.258E+00
            -0.547E+00            -0.269E+00
            -0.543E+00            -0.281E+00
            -0.538E+00            -0.292E+00
            -0.534E+00            -0.304E+00
            -0.529E+00            -0.317E+00
            -0.525E+00            -0.330E+00
            -0.520E+00            -0.343E+00
            -0.516E+00            -0.356E+00
            -0.511E+00            -0.370E+00
            -0.506E+00            -0.384E+00
            -0.502E+00            -0.399E+00
            -0.497E+00            -0.414E+00
            -0.493E+00            -0.429E+00
            -0.488E+00            -0.444E+00
            -0.484E+00            -0.460E+00
            -0.479E+00            -0.476E+00
            -0.475E+00            -0.493E+00
            -0.470E+00            -0.510E+00
            -0.466E+00            -0.527E+00
            -0.461E+00            -0.544E+00
            -0.456E+00            -0.562E+00
            -0.452E+00            -0.580E+00
            -0.447E+00            -0.598E+00
            -0.443E+00            -0.617E+00
            -0.438E+00            -0.635E+00
            -0.434E+00            -0.654E+00
            -0.429E+00            -0.674E+00
            -0.425E+00            -0.693E+00
            -0.420E+00            -0.713E+00
            -0.416E+00            -0.732E+00
            -0.411E+00            -0.752E+00
            -0.407E+00            -0.772E+00
            -0.402E+00            -0.792E+00
            -0.397E+00            -0.813E+00
            -0.393E+00            -0.833E+00
            -0.388E+00            -0.853E+00
            -0.384E+00            -0.874E+00
            -0.379E+00            -0.894E+00
            -0.375E+00            -0.914E+00
            -0.370E+00            -0.935E+00
            -0.366E+00            -0.955E+00
            -0.361E+00            -0.975E+00
            -0.357E+00            -0.995E+00
            -0.352E+00            -0.101E+01
            -0.347E+00            -0.103E+01
            -0.343E+00            -0.105E+01
            -0.338E+00            -0.107E+01
            -0.334E+00            -0.109E+01
            -0.329E+00            -0.111E+01
            -0.325E+00            -0.113E+01
            -0.320E+00            -0.115E+01
            -0.316E+00            -0.116E+01
            -0.311E+00            -0.118E+01
            -0.307E+00            -0.120E+01
            -0.302E+00            -0.121E+01
            -0.298E+00            -0.123E+01
            -0.293E+00            -0.124E+01
            -0.288E+00            -0.125E+01
            -0.284E+00            -0.127E+01
            -0.279E+00            -0.128E+01
            -0.275E+00            -0.129E+01
            -0.270E+00            -0.130E+01
            -0.266E+00            -0.131E+01
            -0.261E+00            -0.132E+01
            -0.257E+00            -0.133E+01
            -0.252E+00            -0.134E+01
            -0.248E+00            -0.134E+01
            -0.243E+00            -0.135E+01
            -0.238E+00            -0.135E+01
            -0.234E+00            -0.136E+01
            -0.229E+00            -0.136E+01
            -0.225E+00            -0.136E+01
            -0.220E+00            -0.136E+01
            -0.216E+00            -0.136E+01
            -0.211E+00            -0.136E+01
            -0.207E+00            -0.136E+01
            -0.202E+00            -0.135E+01
            -0.198E+00            -0.135E+01
            -0.193E+00            -0.134E+01
            -0.188E+00            -0.133E+01
            -0.184E+00            -0.132E+01
            -0.179E+00            -0.131E+01
            -0.175E+00            -0.130E+01
            -0.170E+00            -0.129E+01
            -0.166E+00            -0.127E+01
            -0.161E+00            -0.126E+01
            -0.157E+00            -0.124E+01
            -0.152E+00            -0.122E+01
            -0.148E+00            -0.120E+01
            -0.143E+00            -0.118E+01
            -0.139E+00            -0.116E+01
            -0.134E+00            -0.114E+01
            -0.129E+00            -0.111E+01
            -0.125E+00            -0.109E+01
            -0.120E+00            -0.106E+01
            -0.116E+00            -0.103E+01
            -0.111E+00            -0.100E+01
            -0.107E+00            -0.972E+00
            -0.102E+00            -0.941E+00
            -0.977E-01            -0.909E+00
            -0.931E-01            -0.875E+00
            -0.886E-01            -0.840E+00
            -0.840E-01            -0.805E+00
            -0.795E-01            -0.768E+00
            -0.749E-01            -0.731E+00
            -0.704E-01            -0.693E+00
            -0.659E-01            -0.653E+00
            -0.613E-01            -0.614E+00
            -0.568E-01            -0.573E+00
            -0.522E-01            -0.532E+00
            -0.477E-01            -0.490E+00
            -0.431E-01            -0.447E+00
            -0.386E-01            -0.404E+00
            -0.341E-01            -0.360E+00
            -0.295E-01            -0.316E+00
            -0.250E-01            -0.272E+00
            -0.204E-01            -0.227E+00
            -0.159E-01            -0.182E+00
            -0.114E-01            -0.137E+00
            -0.681E-02            -0.912E-01
            -0.227E-02            -0.456E-01
             0.227E-02            -0.165E-11
             0.681E-02             0.456E-01
             0.114E-01             0.912E-01
             0.159E-01             0.137E+00
             0.204E-01             0.182E+00
             0.250E-01             0.227E+00
             0.295E-01             0.272E+00
             0.341E-01             0.316E+00
             0.386E-01             0.360E+00
             0.431E-01             0.404E+00
             0.477E-01             0.447E+00
             0.522E-01             0.490E+00
             0.568E-01             0.532E+00
             0.613E-01             0.573E+00
             0.659E-01             0.614E+00
             0.704E-01             0.653E+00
             0.749E-01             0.693E+00
             0.795E-01             0.731E+00
             0.840E-01             0.768E+00
             0.886E-01             0.805E+00
             0.931E-01             0.840E+00
             0.977E-01             0.875E+00
             0.102E+00             0.909E+00
             0.107E+00             0.941E+00
             0.111E+00             0.972E+00
             0.116E+00             0.100E+01
             0.120E+00             0.103E+01
             0.125E+00             0.106E+01
             0.129E+00             0.109E+01
             0.134E+00             0.111E+01
             0.139E+00             0.114E+01
             0.143E+00             0.116E+01
             0.148E+00             0.118E+01
             0.152E+00             0.120E+01
             0.157E+00             0.122E+01
             0.161E+00             0.124E+01
             0.166E+00             0.126E+01
             0.170E+00             0.127E+01
             0.175E+00             0.129E+01
             0.179E+00             0.130E+01
             0.184E+00             0.131E+01
             0.188E+00             0.132E+01
             0.193E+00             0.133E+01
             0.198E+00             0.134E+01
             0.202E+00             0.135E+01
             0.207E+00             0.135E+01
             0.211E+00             0.136E+01
             0.216E+00             0.136E+01
             0.220E+00             0.136E+01
             0.225E+00             0.136E+01
             0.229E+00             0.136E+01
             0.234E+00             0.136E+01
             0.238E+00             0.136E+01
             0.243E+00             0.135E+01
             0.248E+00             0.135E+01
             0.252E+00             0.134E+01
             0.257E+00             0.134E+01
             0.261E+00             0.133E+01
             0.266E+00             0.132E+01
             0.270E+00             0.131E+01
             0.275E+00             0.130E+01
             0.279E+00             0.129E+01
             0.284E+00             0.128E+01
             0.288E+00             0.127E+01
             0.293E+00             0.125E+01
             0.298E+00             0.124E+01
             0.302E+00             0.123E+01
             0.307E+00             0.121E+01
             0.311E+00             0.120E+01
             0.316E+00             0.118E+01
             0.320E+00             0.116E+01
             0.325E+00             0.115E+01
             0.329E+00             0.113E+01
             0.334E+00             0.111E+01
             0.338E+00             0.109E+01
             0.343E+00             0.107E+01
             0.347E+00             0.105E+01
             0.352E+00             0.103E+01
             0.357E+00             0.101E+01
             0.361E+00             0.995E+00
             0.366E+00             0.975E+00
             0.370E+00             0.955E+00
             0.375E+00             0.935E+00
             0.379E+00             0.914E+00
             0.384E+00             0.894E+00
             0.388E+00             0.874E+00
             0.393E+00             0.853E+00
             0.397E+00             0.833E+00
             0.402E+00             0.813E+00
             0.407E+00             0.792E+00
             0.411E+00             0.772E+00
             0.416E+00             0.752E+00
             0.420E+00             0.732E+00
             0.425E+00             0.713E+00
             0.429E+00             0.693E+00
             0.434E+00             0.674E+00
             0.438E+00             0.654E+00
             0.443E+00             0.635E+00
             0.447E+00             0.617E+00
             0.452E+00             0.598E+00
             0.456E+00             0.580E+00
             0.461E+00             0.562E+00
             0.466E+00             0.544E+00
             0.470E+00             0.527E+00
             0.475E+00             0.510E+00
             0.479E+00             0.493E+00
             0.484E+00             0.476E+00
             0.488E+00             0.460E+00
             0.493E+00             0.444E+00
             0.497E+00             0.429E+00
             0.502E+00             0.414E+00
             0.506E+00             0.399E+00
             0.511E+00             0.384E+00
             0.516E+00             0.370E+00
             0.520E+00             0.356E+00
             0.525E+00             0.343E+00
             0.529E+00             0.330E+00
             0.534E+00             0.317E+00
             0.538E+00             0.304E+00
             0.543E+00             0.292E+00
             0.547E+00             0.281E+00
             0.552E+00             0.269E+00
             0.556E+00             0.258E+00
             0.561E+00             0.248E+00
             0.565E+00             0.237E+00
             0.570E+00             0.227E+00
             0.575E+00             0.217E+00
             0.579E+00             0.208E+00
             0.584E+00             0.199E+00
             0.588E+00             0.190E+00
             0.593E+00             0.182E+00
             0.597E+00             0.173E+00
             0.602E+00             0.165E+00
             0.606E+00             0.158E+00
             0.611E+00             0.150E+00
             0.615E+00             0.143E+00
             0.620E+00             0.137E+00
             0.625E+00             0.130E+00
             0.629E+00             0.124E+00
             0.634E+00             0.118E+00
             0.638E+00             0.112E+00
             0.643E+00             0.106E+00
             0.647E+00             0.101E+00
             0.652E+00             0.960E-01
             0.656E+00             0.911E-01
             0.661E+00             0.865E-01
             0.665E+00             0.820E-01
             0.670E+00             0.777E-01
             0.674E+00             0.736E-01
             0.679E+00             0.697E-01
             0.684E+00             0.660E-01
             0.688E+00             0.624E-01
             0.693E+00             0.590E-01
             0.697E+00             0.558E-01
             0.702E+00             0.527E-01
             0.706E+00             0.498E-01
             0.711E+00             0.470E-01
             0.715E+00             0.443E-01
             0.720E+00             0.418E-01
             0.724E+00             0.394E-01
             0.729E+00             0.371E-01
             0.734E+00             0.350E-01
             0.738E+00             0.329E-01
             0.743E+00             0.310E-01
             0.747E+00             0.291E-01
             0.752E+00             0.274E-01
             0.756E+00             0.257E-01
             0.761E+00             0.242E-01
             0.765E+00             0.227E-01
             0.770E+00             0.213E-01
             0.774E+00             0.200E-01
             0.779E+00             0.187E-01
             0.783E+00             0.175E-01
             0.788E+00             0.164E-01
             0.793E+00             0.154E-01
             0.797E+00             0.144E-01
             0.802E+00             0.135E-01
             0.806E+00             0.126E-01
             0.811E+00             0.118E-01
             0.815E+00             0.110E-01
             0.820E+00             0.103E-01
             0.824E+00             0.959E-02
             0.829E+00             0.895E-02
             0.833E+00             0.834E-02
             0.838E+00             0.778E-02
             0.843E+00             0.725E-02
             0.847E+00             0.675E-02
             0.852E+00             0.628E-02
             0.856E+00             0.585E-02
             0.861E+00             0.544E-02
             0.865E+00             0.505E-02
             0.870E+00             0.470E-02
             0.874E+00             0.436E-02
             0.879E+00             0.405E-02
             0.883E+00             0.376E-02
             0.888E+00             0.349E-02
             0.893E+00             0.323E-02
             0.897E+00             0.300E-02
             0.902E+00             0.278E-02
             0.906E+00             0.257E-02
             0.911E+00             0.238E-02
             0.915E+00             0.220E-02
             0.920E+00             0.204E-02
             0.924E+00             0.188E-02
             0.929E+00             0.174E-02
             0.933E+00             0.161E-02
             0.938E+00             0.148E-02
             0.942E+00             0.137E-02
             0.947E+00             0.126E-02
             0.952E+00             0.116E-02
             0.956E+00             0.107E-02
             0.961E+00             0.988E-03
             0.965E+00             0.910E-03
             0.970E+00             0.837E-03
             0.974E+00             0.770E-03
             0.979E+00             0.709E-03
             0.983E+00             0.651E-03
             0.988E+00             0.598E-03
             0.992E+00             0.550E-03
             0.997E+00             0.505E-03
             0.100E+01             0.463E-03
             0.101E+01             0.425E-03
             0.101E+01             0.389E-03
             0.102E+01             0.357E-03
             0.102E+01             0.327E-03
             0.102E+01             0.299E-03
             0.103E+01             0.274E-03
             0.103E+01             0.251E-03
             0.104E+01             0.229E-03
             0.104E+01             0.209E-03
             0.105E+01             0.191E-03
             0.105E+01             0.175E-03
             0.106E+01             0.159E-03
             0.106E+01             0.146E-03
             0.107E+01             0.133E-03
             0.107E+01             0.121E-03
             0.107E+01             0.110E-03
             0.108E+01             0.100E-03
             0.108E+01             0.915E-04
             0.109E+01             0.832E-04
             0.109E+01             0.757E-04
             0.110E+01             0.689E-04
             0.110E+01             0.626E-04
             0.111E+01             0.569E-04
             0.111E+01             0.516E-04
             0.112E+01             0.469E-04
             0.112E+01             0.425E-04
             0.112E+01             0.386E-04
             0.113E+01             0.350E-04
             0.113E+01             0.317E-04
             0.114E+01             0.287E-04
             0.114E+01             0.260E-04
             0.115E+01             0.235E-04
             0.115E+01             0.213E-04
             0.116E+01             0.192E-04
             0.116E+01             0.174E-04
             0.117E+01             0.157E-04
             0.117E+01             0.142E-04
             0.117E+01             0.128E-04
             0.118E+01             0.116E-04
             0.118E+01             0.104E-04
             0.119E+01             0.940E-05
             0.119E+01             0.848E-05
             0.120E+01             0.763E-05
             0.120E+01             0.687E-05
             0.121E+01             0.619E-05
             0.121E+01             0.557E-05
             0.121E+01             0.501E-05
             0.122E+01             0.450E-05
             0.122E+01             0.404E-05
             0.123E+01             0.363E-05
             0.123E+01             0.326E-05
             0.124E+01             0.293E-05
             0.124E+01             0.262E-05
             0.125E+01             0.235E-05
             0.125E+01             0.211E-05
             0.126E+01             0.189E-05
             0.126E+01             0.169E-05
             0.126E+01             0.151E-05
             0.127E+01             0.135E-05
             0.127E+01             0.121E-05
             0.128E+01             0.108E-05
             0.128E+01             0.968E-06
             0.129E+01             0.864E-06
             0.129E+01             0.772E-06
             0.130E+01             0.689E-06
             0.130E+01             0.614E-06
             0.131E+01             0.548E-06
             0.131E+01             0.488E-06
             0.131E+01             0.435E-06
             0.132E+01             0.387E-06
             0.132E+01             0.345E-06
             0.133E+01             0.307E-06
             0.133E+01             0.273E-06
             0.134E+01             0.243E-06
             0.134E+01             0.216E-06
             0.135E+01             0.191E-06
             0.135E+01             0.170E-06
             0.136E+01             0.151E-06
             0.136E+01             0.134E-06
             0.136E+01             0.119E-06
             0.137E+01             0.105E-06
             0.137E+01             0.932E-07
             0.138E+01             0.826E-07
             0.138E+01             0.731E-07
             0.139E+01             0.647E-07
             0.139E+01             0.572E-07
             0.140E+01             0.506E-07
             0.140E+01             0.447E-07
             0.141E+01             0.395E-07
             0.141E+01             0.349E-07
             0.141E+01             0.308E-07
             0.142E+01             0.272E-07
             0.142E+01             0.239E-07
             0.143E+01             0.211E-07
             0.143E+01             0.186E-07
             0.144E+01             0.164E-07
             0.144E+01             0.144E-07
             0.145E+01             0.127E-07
             0.145E+01             0.112E-07
             0.146E+01             0.982E-08
             0.146E+01             0.863E-08
             0.146E+01             0.758E-08
             0.147E+01             0.666E-08
             0.147E+01             0.585E-08
             0.148E+01             0.513E-08
             0.148E+01             0.450E-08
             0.149E+01             0.394E-08
             0.149E+01             0.346E-08
             0.150E+01             0.303E-08
             0.150E+01             0.265E-08
             0.151E+01             0.232E-08
             0.151E+01             0.203E-08
             0.151E+01             0.178E-08
             0.152E+01             0.155E-08
             0.152E+01             0.136E-08
             0.153E+01             0.118E-08
             0.153E+01             0.103E-08
             0.154E+01             0.902E-09
             0.154E+01             0.787E-09
             0.155E+01             0.686E-09
             0.155E+01             0.598E-09
             0.156E+01             0.521E-09
             0.156E+01             0.454E-09
             0.156E+01             0.395E-09
             0.157E+01             0.344E-09
             0.157E+01             0.299E-09
             0.158E+01             0.260E-09
             0.158E+01             0.226E-09
             0.159E+01             0.196E-09
             0.159E+01             0.170E-09
             0.160E+01             0.148E-09
             0.160E+01             0.128E-09
             0.161E+01             0.111E-09
             0.161E+01             0.964E-10
             0.161E+01             0.835E-10
             0.162E+01             0.724E-10
             0.162E+01             0.626E-10
             0.163E+01             0.542E-10
             0.163E+01             0.469E-10
             0.164E+01             0.405E-10
             0.164E+01             0.350E-10
             0.165E+01             0.303E-10
             0.165E+01             0.261E-10
             0.166E+01             0.226E-10
             0.166E+01             0.195E-10
             0.166E+01             0.168E-10
             0.167E+01             0.145E-10
             0.167E+01             0.125E-10
             0.168E+01             0.108E-10
             0.168E+01             0.926E-11
             0.169E+01             0.796E-11
             0.169E+01             0.686E-11
             0.170E+01             0.590E-11
             0.170E+01             0.507E-11
             0.171E+01             0.436E-11
             0.171E+01             0.374E-11
             0.171E+01             0.321E-11
             0.172E+01             0.275E-11
             0.172E+01             0.237E-11
             0.173E+01             0.203E-11
             0.173E+01             0.173E-11
             0.174E+01             0.149E-11
             0.174E+01             0.128E-11
             0.175E+01             0.110E-11
             0.175E+01             0.927E-12
             0.176E+01             0.796E-12
             0.176E+01             0.680E-12
             0.176E+01             0.574E-12
             0.177E+01             0.494E-12
             0.177E+01             0.428E-12
             0.178E+01             0.359E-12
             0.178E+01             0.301E-12
             0.179E+01             0.261E-12
             0.179E+01             0.224E-12
             0.180E+01             0.196E-12
             0.180E+01             0.165E-12
             0.181E+01             0.145E-12
             0.181E+01             0.118E-12
             0.181E+01             0.106E-12
             0.182E+01             0.900E-13
             0.182E+01             0.756E-13
             0.183E+01             0.666E-13
             0.183E+01             0.530E-13
             0.184E+01             0.462E-13
             0.184E+01             0.436E-13
             0.185E+01             0.283E-13
             0.185E+01             0.263E-13
             0.186E+01             0.238E-13
             0.186E+01             0.226E-13
             0.186E+01             0.896E-14
             0.187E+01             0.979E-14
             0.187E+01             0.527E-14
             0.188E+01             0.505E-14
             0.188E+01             0.117E-14
             0.189E+01             0.937E-14
             0.189E+01             0.357E-14
             0.190E+01             0.574E-14
             0.190E+01             0.596E-15
             0.191E+01             0.145E-14
             0.191E+01             0.585E-15
             0.191E+01             0.213E-14
             0.192E+01             0.153E-14
             0.192E+01             0.591E-15
             0.193E+01             0.572E-15
             0.193E+01             0.253E-14
             0.194E+01             0.954E-14
             0.194E+01            -0.109E-14
             0.195E+01            -0.175E-14
             0.195E+01             0.453E-14
             0.196E+01            -0.970E-15
             0.196E+01             0.559E-14
             0.196E+01            -0.195E-14
             0.197E+01             0.777E-15
             0.197E+01            -0.115E-14
             0.198E+01             0.271E-14
             0.198E+01             0.469E-14
             0.199E+01             0.310E-14
             0.199E+01             0.399E-14
             0.200E+01             0.271E-14
             0.200E+01             0.449E-14
             0.201E+01             0.413E-14
             0.201E+01             0.683E-14
             0.201E+01             0.248E-14
             0.202E+01             0.121E-14
             0.202E+01             0.132E-14
             0.203E+01             0.182E-14
             0.203E+01             0.951E-16
             0.204E+01            -0.153E-14
             0.204E+01             0.708E-15
             0.205E+01            -0.297E-14
             0.205E+01            -0.160E-14
             0.206E+01            -0.232E-14
             0.206E+01            -0.257E-14
             0.206E+01            -0.290E-14
             0.207E+01            -0.350E-14
             0.207E+01            -0.999E-15
             0.208E+01             0.228E-14
             0.208E+01            -0.367E-14
             0.209E+01            -0.226E-14
             0.209E+01            -0.500E-14
             0.210E+01             0.181E-14
             0.210E+01            -0.401E-15
             0.211E+01            -0.194E-14
             0.211E+01             0.418E-14
             0.211E+01            -0.209E-14
             0.212E+01             0.148E-14
             0.212E+01            -0.462E-15
             0.213E+01             0.206E-14
             0.213E+01            -0.384E-15
             0.214E+01            -0.373E-15
             0.214E+01             0.126E-14
             0.215E+01            -0.469E-14
             0.215E+01            -0.150E-14
             0.216E+01            -0.447E-14
             0.216E+01            -0.204E-14
             0.216E+01             0.353E-14
             0.217E+01            -0.334E-14
             0.217E+01             0.186E-14
             0.218E+01             0.311E-14
             0.218E+01             0.517E-15
             0.219E+01            -0.185E-14
             0.219E+01            -0.165E-14
             0.220E+01             0.668E-14
             0.220E+01             0.132E-14
             0.221E+01             0.295E-14
             0.221E+01             0.203E-14
             0.221E+01             0.139E-14
             0.222E+01             0.899E-15
             0.222E+01             0.475E-15
             0.223E+01            -0.432E-17
             0.223E+01             0.119E-14
             0.224E+01             0.746E-14
             0.224E+01             0.435E-14
             0.225E+01            -0.889E-15
             0.225E+01            -0.886E-15
             0.226E+01             0.505E-14
             0.226E+01             0.237E-14
             0.226E+01             0.302E-14
             0.227E+01             0.408E-14
             0.227E+01             0.593E-15
             0.228E+01            -0.247E-14
             0.228E+01            -0.197E-14
             0.229E+01            -0.379E-15
             0.229E+01            -0.583E-14
             0.230E+01             0.180E-14
             0.230E+01            -0.342E-14
             0.231E+01            -0.174E-14
             0.231E+01             0.137E-14
             0.231E+01             0.414E-14
             0.232E+01             0.135E-14
             0.232E+01             0.337E-16
             0.233E+01             0.129E-14
             0.233E+01             0.630E-14
             0.234E+01            -0.497E-15
             0.234E+01            -0.136E-14
             0.235E+01            -0.142E-14
             0.235E+01             0.564E-15
             0.236E+01             0.122E-14
             0.236E+01             0.313E-14
             0.236E+01            -0.456E-14
             0.237E+01            -0.204E-14
             0.237E+01             0.200E-14
             0.238E+01             0.283E-14
             0.238E+01            -0.109E-14
             0.239E+01            -0.101E-14
             0.239E+01            -0.349E-14
             0.240E+01             0.143E-14
             0.240E+01             0.141E-14
             0.240E+01             0.136E-14
             0.241E+01            -0.970E-15
             0.241E+01             0.407E-14
             0.242E+01             0.444E-14
             0.242E+01             0.201E-14
             0.243E+01            -0.317E-14
             0.243E+01            -0.556E-14
             0.244E+01            -0.211E-14
             0.244E+01             0.395E-15
             0.245E+01             0.754E-15
             0.245E+01            -0.647E-14
             0.245E+01            -0.190E-15
             0.246E+01             0.167E-14
             0.246E+01             0.383E-14
             0.247E+01             0.478E-14
             0.247E+01            -0.725E-15
             0.248E+01             0.749E-15
             0.248E+01             0.335E-14
             0.249E+01            -0.365E-14
             0.249E+01             0.579E-15
             0.250E+01             0.985E-15
             0.250E+01            -0.121E-14
             0.250E+01             0.147E-14
             0.251E+01             0.285E-14
             0.251E+01             0.230E-14
             0.252E+01            -0.716E-15
             0.252E+01            -0.150E-14
             0.253E+01             0.701E-15
             0.253E+01            -0.761E-15
             0.254E+01             0.162E-14
             0.254E+01             0.353E-14
             0.255E+01             0.309E-14
             0.255E+01             0.298E-14
             0.255E+01            -0.485E-15
             0.256E+01             0.380E-14
             0.256E+01             0.209E-14
             0.257E+01             0.750E-15
             0.257E+01            -0.186E-14
             0.258E+01            -0.956E-15
             0.258E+01            -0.565E-14
             0.259E+01            -0.267E-14
             0.259E+01            -0.237E-14
             0.260E+01            -0.430E-14
             0.260E+01            -0.195E-14
             0.260E+01            -0.251E-14
             0.261E+01             0.446E-14
             0.261E+01            -0.259E-14
             0.262E+01            -0.236E-15
             0.262E+01            -0.610E-14
             0.263E+01             0.292E-14
             0.263E+01            -0.169E-14
             0.264E+01            -0.240E-15
             0.264E+01             0.169E-15
             0.265E+01             0.154E-14
             0.265E+01             0.765E-16
             0.265E+01             0.300E-14
             0.266E+01            -0.324E-14
             0.266E+01            -0.958E-15
             0.267E+01             0.159E-14
             0.267E+01            -0.507E-15
             0.268E+01            -0.358E-15
             0.268E+01            -0.288E-14
             0.269E+01             0.158E-15
             0.269E+01            -0.301E-14
             0.270E+01            -0.594E-16
             0.270E+01             0.100E-14
             0.270E+01             0.971E-16
             0.271E+01             0.228E-15
             0.271E+01            -0.273E-14
             0.272E+01            -0.466E-14
             0.272E+01             0.417E-14
             0.273E+01             0.119E-14
             0.273E+01            -0.370E-14
             0.274E+01            -0.234E-14
             0.274E+01             0.115E-14
             0.275E+01            -0.188E-14
             0.275E+01            -0.526E-15
             0.275E+01            -0.457E-14
             0.276E+01             0.260E-14
             0.276E+01            -0.183E-15
             0.277E+01             0.540E-15
             0.277E+01            -0.106E-14
             0.278E+01             0.877E-17
             0.278E+01             0.230E-14
             0.279E+01             0.113E-14
             0.279E+01            -0.331E-14
             0.280E+01             0.269E-14
             0.280E+01            -0.114E-14
             0.280E+01            -0.404E-14
             0.281E+01             0.962E-15
             0.281E+01            -0.548E-15
             0.282E+01            -0.190E-14
             0.282E+01            -0.187E-14
             0.283E+01             0.398E-15
             0.283E+01             0.272E-15
             0.284E+01             0.640E-15
             0.284E+01            -0.456E-14
             0.285E+01            -0.124E-14
             0.285E+01            -0.781E-15
             0.285E+01            -0.242E-14
             0.286E+01            -0.147E-14
             0.286E+01             0.991E-15
             0.287E+01            -0.422E-14
             0.287E+01             0.107E-14
             0.288E+01            -0.154E-14
             0.288E+01            -0.281E-14
             0.289E+01            -0.530E-15
             0.289E+01             0.140E-14
             0.290E+01            -0.825E-15
             0.290E+01            -0.146E-14
             0.290E+01             0.175E-14
             0.291E+01            -0.136E-15
             0.291E+01             0.909E-15
             0.292E+01             0.123E-14
             0.292E+01            -0.634E-16
             0.293E+01            -0.713E-15
             0.293E+01            -0.225E-14
             0.294E+01            -0.661E-16
             0.294E+01            -0.379E-14
             0.295E+01            -0.185E-14
             0.295E+01            -0.225E-14
             0.295E+01             0.259E-16
             0.296E+01            -0.424E-15
             0.296E+01             0.155E-14
             0.297E+01             0.123E-14
             0.297E+01            -0.338E-15
             0.298E+01             0.209E-14
             0.298E+01            -0.119E-14
             0.299E+01             0.293E-14
             0.299E+01             0.395E-14
             0.300E+01             0.178E-15
             0.300E+01             0.155E-14
