            -0.399E+01            -0.113E-30
            -0.398E+01             0.154E-30
            -0.397E+01             0.308E-30
            -0.396E+01            -0.188E-30
            -0.396E+01            -0.155E-30
            -0.395E+01            -0.779E-31
            -0.394E+01            -0.580E-30
            -0.393E+01            -0.808E-30
            -0.392E+01            -0.530E-30
            -0.391E+01            -0.164E-30
            -0.390E+01             0.140E-30
            -0.389E+01             0.659E-30
            -0.388E+01             0.145E-30
            -0.388E+01            -0.663E-30
            -0.387E+01            -0.470E-30
            -0.386E+01             0.439E-30
            -0.385E+01             0.588E-30
            -0.384E+01             0.278E-30
            -0.383E+01            -0.753E-31
            -0.382E+01            -0.508E-31
            -0.381E+01             0.170E-30
            -0.380E+01             0.500E-30
            -0.380E+01            -0.333E-30
            -0.379E+01            -0.152E-31
            -0.378E+01            -0.172E-30
            -0.377E+01            -0.115E-30
            -0.376E+01            -0.191E-31
            -0.375E+01             0.840E-30
            -0.374E+01             0.443E-30
            -0.373E+01             0.243E-30
            -0.372E+01            -0.887E-31
            -0.372E+01            -0.390E-30
            -0.371E+01             0.318E-30
            -0.370E+01             0.545E-30
            -0.369E+01             0.445E-30
            -0.368E+01            -0.504E-30
            -0.367E+01             0.174E-31
            -0.366E+01            -0.582E-30
            -0.365E+01             0.567E-30
            -0.364E+01             0.103E-29
            -0.364E+01            -0.709E-30
            -0.363E+01            -0.477E-30
            -0.362E+01            -0.985E-30
            -0.361E+01             0.366E-30
            -0.360E+01             0.581E-30
            -0.359E+01             0.202E-30
            -0.358E+01            -0.287E-30
            -0.357E+01            -0.247E-30
            -0.356E+01            -0.506E-30
            -0.356E+01             0.137E-30
            -0.355E+01            -0.224E-30
            -0.354E+01            -0.334E-30
            -0.353E+01            -0.269E-30
            -0.352E+01             0.572E-31
            -0.351E+01            -0.461E-30
            -0.350E+01            -0.566E-30
            -0.349E+01            -0.338E-30
            -0.349E+01             0.170E-30
            -0.348E+01            -0.173E-30
            -0.347E+01             0.281E-30
            -0.346E+01            -0.347E-30
            -0.345E+01            -0.552E-30
            -0.344E+01            -0.422E-30
            -0.343E+01             0.181E-30
            -0.342E+01            -0.296E-31
            -0.341E+01            -0.171E-30
            -0.341E+01             0.180E-30
            -0.340E+01             0.117E-30
            -0.339E+01            -0.192E-30
            -0.338E+01            -0.135E-29
            -0.337E+01            -0.244E-31
            -0.336E+01             0.732E-30
            -0.335E+01             0.564E-30
            -0.334E+01             0.187E-31
            -0.333E+01            -0.496E-30
            -0.333E+01            -0.592E-30
            -0.332E+01            -0.274E-31
            -0.331E+01            -0.160E-30
            -0.330E+01            -0.336E-30
            -0.329E+01             0.142E-30
            -0.328E+01            -0.217E-31
            -0.327E+01             0.140E-30
            -0.326E+01            -0.279E-30
            -0.325E+01            -0.555E-30
            -0.325E+01             0.607E-30
            -0.324E+01             0.370E-30
            -0.323E+01             0.269E-31
            -0.322E+01            -0.259E-31
            -0.321E+01             0.276E-30
            -0.320E+01             0.584E-30
            -0.319E+01             0.269E-30
            -0.318E+01             0.167E-30
            -0.317E+01            -0.368E-30
            -0.317E+01            -0.134E-30
            -0.316E+01            -0.576E-30
            -0.315E+01             0.143E-30
            -0.314E+01             0.190E-30
            -0.313E+01            -0.876E-31
            -0.312E+01             0.728E-31
            -0.311E+01             0.253E-30
            -0.310E+01             0.419E-31
            -0.309E+01            -0.627E-30
            -0.309E+01            -0.652E-30
            -0.308E+01             0.727E-30
            -0.307E+01             0.129E-29
            -0.306E+01             0.474E-30
            -0.305E+01             0.132E-30
            -0.304E+01            -0.533E-30
            -0.303E+01            -0.772E-31
            -0.302E+01            -0.142E-30
            -0.301E+01            -0.490E-30
            -0.301E+01            -0.986E-30
            -0.300E+01            -0.344E-30
            -0.299E+01            -0.371E-30
            -0.298E+01            -0.367E-30
            -0.297E+01            -0.515E-30
            -0.296E+01             0.205E-30
            -0.295E+01             0.151E-30
            -0.294E+01            -0.542E-30
            -0.293E+01            -0.220E-30
            -0.293E+01             0.605E-30
            -0.292E+01             0.106E-30
            -0.291E+01             0.474E-30
            -0.290E+01            -0.864E-30
            -0.289E+01            -0.337E-30
            -0.288E+01             0.338E-30
            -0.287E+01             0.343E-30
            -0.286E+01            -0.354E-31
            -0.285E+01            -0.417E-30
            -0.285E+01            -0.408E-30
            -0.284E+01            -0.113E-30
            -0.283E+01            -0.121E-30
            -0.282E+01             0.334E-30
            -0.281E+01             0.138E-30
            -0.280E+01            -0.714E-30
            -0.279E+01            -0.671E-30
            -0.278E+01             0.757E-31
            -0.277E+01             0.459E-30
            -0.277E+01             0.361E-30
            -0.276E+01            -0.411E-30
            -0.275E+01            -0.518E-30
            -0.274E+01             0.137E-30
            -0.273E+01             0.578E-30
            -0.272E+01             0.128E-30
            -0.271E+01             0.674E-31
            -0.270E+01            -0.939E-31
            -0.269E+01             0.525E-30
            -0.269E+01             0.502E-30
            -0.268E+01             0.830E-31
            -0.267E+01            -0.823E-30
            -0.266E+01            -0.518E-32
            -0.265E+01             0.101E-29
            -0.264E+01             0.140E-29
            -0.263E+01             0.143E-29
            -0.262E+01             0.179E-29
            -0.261E+01             0.328E-29
            -0.261E+01             0.531E-29
            -0.260E+01             0.875E-29
            -0.259E+01             0.135E-28
            -0.258E+01             0.208E-28
            -0.257E+01             0.334E-28
            -0.256E+01             0.525E-28
            -0.255E+01             0.821E-28
            -0.254E+01             0.128E-27
            -0.253E+01             0.201E-27
            -0.253E+01             0.314E-27
            -0.252E+01             0.491E-27
            -0.251E+01             0.765E-27
            -0.250E+01             0.119E-26
            -0.249E+01             0.185E-26
            -0.248E+01             0.287E-26
            -0.247E+01             0.444E-26
            -0.246E+01             0.687E-26
            -0.246E+01             0.106E-25
            -0.245E+01             0.163E-25
            -0.244E+01             0.252E-25
            -0.243E+01             0.387E-25
            -0.242E+01             0.593E-25
            -0.241E+01             0.909E-25
            -0.240E+01             0.139E-24
            -0.239E+01             0.212E-24
            -0.238E+01             0.324E-24
            -0.238E+01             0.493E-24
            -0.237E+01             0.749E-24
            -0.236E+01             0.114E-23
            -0.235E+01             0.172E-23
            -0.234E+01             0.261E-23
            -0.233E+01             0.394E-23
            -0.232E+01             0.594E-23
            -0.231E+01             0.895E-23
            -0.230E+01             0.135E-22
            -0.230E+01             0.202E-22
            -0.229E+01             0.303E-22
            -0.228E+01             0.454E-22
            -0.227E+01             0.678E-22
            -0.226E+01             0.101E-21
            -0.225E+01             0.151E-21
            -0.224E+01             0.224E-21
            -0.223E+01             0.333E-21
            -0.222E+01             0.494E-21
            -0.222E+01             0.731E-21
            -0.221E+01             0.108E-20
            -0.220E+01             0.160E-20
            -0.219E+01             0.235E-20
            -0.218E+01             0.346E-20
            -0.217E+01             0.509E-20
            -0.216E+01             0.746E-20
            -0.215E+01             0.109E-19
            -0.214E+01             0.160E-19
            -0.214E+01             0.234E-19
            -0.213E+01             0.340E-19
            -0.212E+01             0.496E-19
            -0.211E+01             0.720E-19
            -0.210E+01             0.105E-18
            -0.209E+01             0.152E-18
            -0.208E+01             0.219E-18
            -0.207E+01             0.317E-18
            -0.206E+01             0.457E-18
            -0.206E+01             0.658E-18
            -0.205E+01             0.946E-18
            -0.204E+01             0.136E-17
            -0.203E+01             0.195E-17
            -0.202E+01             0.278E-17
            -0.201E+01             0.398E-17
            -0.200E+01             0.568E-17
            -0.199E+01             0.809E-17
            -0.198E+01             0.115E-16
            -0.198E+01             0.163E-16
            -0.197E+01             0.232E-16
            -0.196E+01             0.328E-16
            -0.195E+01             0.463E-16
            -0.194E+01             0.654E-16
            -0.193E+01             0.921E-16
            -0.192E+01             0.130E-15
            -0.191E+01             0.182E-15
            -0.190E+01             0.255E-15
            -0.190E+01             0.358E-15
            -0.189E+01             0.500E-15
            -0.188E+01             0.698E-15
            -0.187E+01             0.973E-15
            -0.186E+01             0.135E-14
            -0.185E+01             0.188E-14
            -0.184E+01             0.261E-14
            -0.183E+01             0.362E-14
            -0.182E+01             0.500E-14
            -0.182E+01             0.690E-14
            -0.181E+01             0.952E-14
            -0.180E+01             0.131E-13
            -0.179E+01             0.180E-13
            -0.178E+01             0.247E-13
            -0.177E+01             0.339E-13
            -0.176E+01             0.463E-13
            -0.175E+01             0.633E-13
            -0.174E+01             0.863E-13
            -0.174E+01             0.118E-12
            -0.173E+01             0.160E-12
            -0.172E+01             0.217E-12
            -0.171E+01             0.294E-12
            -0.170E+01             0.398E-12
            -0.169E+01             0.537E-12
            -0.168E+01             0.725E-12
            -0.167E+01             0.976E-12
            -0.166E+01             0.131E-11
            -0.166E+01             0.176E-11
            -0.165E+01             0.236E-11
            -0.164E+01             0.316E-11
            -0.163E+01             0.423E-11
            -0.162E+01             0.564E-11
            -0.161E+01             0.751E-11
            -0.160E+01             0.999E-11
            -0.159E+01             0.133E-10
            -0.158E+01             0.176E-10
            -0.158E+01             0.233E-10
            -0.157E+01             0.308E-10
            -0.156E+01             0.407E-10
            -0.155E+01             0.536E-10
            -0.154E+01             0.705E-10
            -0.153E+01             0.926E-10
            -0.152E+01             0.121E-09
            -0.151E+01             0.159E-09
            -0.150E+01             0.208E-09
            -0.150E+01             0.271E-09
            -0.149E+01             0.354E-09
            -0.148E+01             0.460E-09
            -0.147E+01             0.598E-09
            -0.146E+01             0.776E-09
            -0.145E+01             0.101E-08
            -0.144E+01             0.130E-08
            -0.143E+01             0.168E-08
            -0.143E+01             0.216E-08
            -0.142E+01             0.279E-08
            -0.141E+01             0.358E-08
            -0.140E+01             0.459E-08
            -0.139E+01             0.589E-08
            -0.138E+01             0.753E-08
            -0.137E+01             0.962E-08
            -0.136E+01             0.123E-07
            -0.135E+01             0.156E-07
            -0.135E+01             0.198E-07
            -0.134E+01             0.252E-07
            -0.133E+01             0.319E-07
            -0.132E+01             0.404E-07
            -0.131E+01             0.510E-07
            -0.130E+01             0.643E-07
            -0.129E+01             0.810E-07
            -0.128E+01             0.102E-06
            -0.127E+01             0.128E-06
            -0.127E+01             0.160E-06
            -0.126E+01             0.201E-06
            -0.125E+01             0.251E-06
            -0.124E+01             0.313E-06
            -0.123E+01             0.389E-06
            -0.122E+01             0.484E-06
            -0.121E+01             0.601E-06
            -0.120E+01             0.745E-06
            -0.119E+01             0.923E-06
            -0.119E+01             0.114E-05
            -0.118E+01             0.141E-05
            -0.117E+01             0.173E-05
            -0.116E+01             0.213E-05
            -0.115E+01             0.262E-05
            -0.114E+01             0.321E-05
            -0.113E+01             0.393E-05
            -0.112E+01             0.480E-05
            -0.111E+01             0.586E-05
            -0.111E+01             0.714E-05
            -0.110E+01             0.869E-05
            -0.109E+01             0.106E-04
            -0.108E+01             0.128E-04
            -0.107E+01             0.155E-04
            -0.106E+01             0.187E-04
            -0.105E+01             0.226E-04
            -0.104E+01             0.273E-04
            -0.103E+01             0.328E-04
            -0.103E+01             0.394E-04
            -0.102E+01             0.473E-04
            -0.101E+01             0.566E-04
            -0.999E+00             0.677E-04
            -0.990E+00             0.808E-04
            -0.981E+00             0.964E-04
            -0.972E+00             0.115E-03
            -0.963E+00             0.136E-03
            -0.954E+00             0.162E-03
            -0.946E+00             0.192E-03
            -0.937E+00             0.226E-03
            -0.928E+00             0.267E-03
            -0.919E+00             0.315E-03
            -0.910E+00             0.371E-03
            -0.901E+00             0.436E-03
            -0.892E+00             0.512E-03
            -0.883E+00             0.600E-03
            -0.875E+00             0.701E-03
            -0.866E+00             0.819E-03
            -0.857E+00             0.955E-03
            -0.848E+00             0.111E-02
            -0.839E+00             0.129E-02
            -0.830E+00             0.150E-02
            -0.821E+00             0.174E-02
            -0.812E+00             0.201E-02
            -0.804E+00             0.232E-02
            -0.795E+00             0.268E-02
            -0.786E+00             0.309E-02
            -0.777E+00             0.355E-02
            -0.768E+00             0.407E-02
            -0.759E+00             0.467E-02
            -0.750E+00             0.534E-02
            -0.741E+00             0.610E-02
            -0.733E+00             0.696E-02
            -0.724E+00             0.792E-02
            -0.715E+00             0.901E-02
            -0.706E+00             0.102E-01
            -0.697E+00             0.116E-01
            -0.688E+00             0.131E-01
            -0.679E+00             0.148E-01
            -0.670E+00             0.167E-01
            -0.661E+00             0.188E-01
            -0.653E+00             0.212E-01
            -0.644E+00             0.238E-01
            -0.635E+00             0.267E-01
            -0.626E+00             0.299E-01
            -0.617E+00             0.334E-01
            -0.608E+00             0.372E-01
            -0.599E+00             0.415E-01
            -0.590E+00             0.461E-01
            -0.582E+00             0.512E-01
            -0.573E+00             0.568E-01
            -0.564E+00             0.629E-01
            -0.555E+00             0.695E-01
            -0.546E+00             0.767E-01
            -0.537E+00             0.845E-01
            -0.528E+00             0.930E-01
            -0.519E+00             0.102E+00
            -0.511E+00             0.112E+00
            -0.502E+00             0.123E+00
            -0.493E+00             0.134E+00
            -0.484E+00             0.146E+00
            -0.475E+00             0.159E+00
            -0.466E+00             0.173E+00
            -0.457E+00             0.188E+00
            -0.448E+00             0.204E+00
            -0.440E+00             0.221E+00
            -0.431E+00             0.239E+00
            -0.422E+00             0.258E+00
            -0.413E+00             0.278E+00
            -0.404E+00             0.299E+00
            -0.395E+00             0.322E+00
            -0.386E+00             0.345E+00
            -0.377E+00             0.370E+00
            -0.368E+00             0.395E+00
            -0.360E+00             0.422E+00
            -0.351E+00             0.450E+00
            -0.342E+00             0.479E+00
            -0.333E+00             0.509E+00
            -0.324E+00             0.540E+00
            -0.315E+00             0.572E+00
            -0.306E+00             0.605E+00
            -0.297E+00             0.638E+00
            -0.289E+00             0.673E+00
            -0.280E+00             0.708E+00
            -0.271E+00             0.745E+00
            -0.262E+00             0.781E+00
            -0.253E+00             0.818E+00
            -0.244E+00             0.856E+00
            -0.235E+00             0.894E+00
            -0.226E+00             0.932E+00
            -0.218E+00             0.970E+00
            -0.209E+00             0.101E+01
            -0.200E+00             0.105E+01
            -0.191E+00             0.108E+01
            -0.182E+00             0.112E+01
            -0.173E+00             0.116E+01
            -0.164E+00             0.119E+01
            -0.155E+00             0.123E+01
            -0.147E+00             0.126E+01
            -0.138E+00             0.130E+01
            -0.129E+00             0.133E+01
            -0.120E+00             0.136E+01
            -0.111E+00             0.139E+01
            -0.102E+00             0.142E+01
            -0.932E-01             0.144E+01
            -0.844E-01             0.147E+01
            -0.755E-01             0.149E+01
            -0.666E-01             0.151E+01
            -0.577E-01             0.153E+01
            -0.488E-01             0.154E+01
            -0.400E-01             0.156E+01
            -0.311E-01             0.157E+01
            -0.222E-01             0.158E+01
            -0.133E-01             0.158E+01
            -0.444E-02             0.159E+01
             0.444E-02             0.159E+01
             0.133E-01             0.159E+01
             0.222E-01             0.158E+01
             0.311E-01             0.158E+01
             0.400E-01             0.157E+01
             0.488E-01             0.156E+01
             0.577E-01             0.154E+01
             0.666E-01             0.153E+01
             0.755E-01             0.151E+01
             0.844E-01             0.149E+01
             0.932E-01             0.147E+01
             0.102E+00             0.144E+01
             0.111E+00             0.142E+01
             0.120E+00             0.139E+01
             0.129E+00             0.136E+01
             0.138E+00             0.133E+01
             0.147E+00             0.130E+01
             0.155E+00             0.126E+01
             0.164E+00             0.123E+01
             0.173E+00             0.119E+01
             0.182E+00             0.116E+01
             0.191E+00             0.112E+01
             0.200E+00             0.108E+01
             0.209E+00             0.105E+01
             0.218E+00             0.101E+01
             0.226E+00             0.970E+00
             0.235E+00             0.932E+00
             0.244E+00             0.894E+00
             0.253E+00             0.856E+00
             0.262E+00             0.818E+00
             0.271E+00             0.781E+00
             0.280E+00             0.745E+00
             0.289E+00             0.708E+00
             0.297E+00             0.673E+00
             0.306E+00             0.638E+00
             0.315E+00             0.605E+00
             0.324E+00             0.572E+00
             0.333E+00             0.540E+00
             0.342E+00             0.509E+00
             0.351E+00             0.479E+00
             0.360E+00             0.450E+00
             0.368E+00             0.422E+00
             0.377E+00             0.395E+00
             0.386E+00             0.370E+00
             0.395E+00             0.345E+00
             0.404E+00             0.322E+00
             0.413E+00             0.299E+00
             0.422E+00             0.278E+00
             0.431E+00             0.258E+00
             0.440E+00             0.239E+00
             0.448E+00             0.221E+00
             0.457E+00             0.204E+00
             0.466E+00             0.188E+00
             0.475E+00             0.173E+00
             0.484E+00             0.159E+00
             0.493E+00             0.146E+00
             0.502E+00             0.134E+00
             0.511E+00             0.123E+00
             0.519E+00             0.112E+00
             0.528E+00             0.102E+00
             0.537E+00             0.930E-01
             0.546E+00             0.845E-01
             0.555E+00             0.767E-01
             0.564E+00             0.695E-01
             0.573E+00             0.629E-01
             0.582E+00             0.568E-01
             0.590E+00             0.512E-01
             0.599E+00             0.461E-01
             0.608E+00             0.415E-01
             0.617E+00             0.372E-01
             0.626E+00             0.334E-01
             0.635E+00             0.299E-01
             0.644E+00             0.267E-01
             0.653E+00             0.238E-01
             0.661E+00             0.212E-01
             0.670E+00             0.188E-01
             0.679E+00             0.167E-01
             0.688E+00             0.148E-01
             0.697E+00             0.131E-01
             0.706E+00             0.116E-01
             0.715E+00             0.102E-01
             0.724E+00             0.901E-02
             0.733E+00             0.792E-02
             0.741E+00             0.696E-02
             0.750E+00             0.610E-02
             0.759E+00             0.534E-02
             0.768E+00             0.467E-02
             0.777E+00             0.407E-02
             0.786E+00             0.355E-02
             0.795E+00             0.309E-02
             0.804E+00             0.268E-02
             0.812E+00             0.232E-02
             0.821E+00             0.201E-02
             0.830E+00             0.174E-02
             0.839E+00             0.150E-02
             0.848E+00             0.129E-02
             0.857E+00             0.111E-02
             0.866E+00             0.955E-03
             0.875E+00             0.819E-03
             0.883E+00             0.701E-03
             0.892E+00             0.600E-03
             0.901E+00             0.512E-03
             0.910E+00             0.436E-03
             0.919E+00             0.371E-03
             0.928E+00             0.315E-03
             0.937E+00             0.267E-03
             0.946E+00             0.226E-03
             0.954E+00             0.192E-03
             0.963E+00             0.162E-03
             0.972E+00             0.136E-03
             0.981E+00             0.115E-03
             0.990E+00             0.964E-04
             0.999E+00             0.808E-04
             0.101E+01             0.677E-04
             0.102E+01             0.566E-04
             0.103E+01             0.473E-04
             0.103E+01             0.394E-04
             0.104E+01             0.328E-04
             0.105E+01             0.273E-04
             0.106E+01             0.226E-04
             0.107E+01             0.187E-04
             0.108E+01             0.155E-04
             0.109E+01             0.128E-04
             0.110E+01             0.106E-04
             0.111E+01             0.869E-05
             0.111E+01             0.714E-05
             0.112E+01             0.586E-05
             0.113E+01             0.480E-05
             0.114E+01             0.393E-05
             0.115E+01             0.321E-05
             0.116E+01             0.262E-05
             0.117E+01             0.213E-05
             0.118E+01             0.173E-05
             0.119E+01             0.141E-05
             0.119E+01             0.114E-05
             0.120E+01             0.923E-06
             0.121E+01             0.745E-06
             0.122E+01             0.601E-06
             0.123E+01             0.484E-06
             0.124E+01             0.389E-06
             0.125E+01             0.313E-06
             0.126E+01             0.251E-06
             0.127E+01             0.201E-06
             0.127E+01             0.160E-06
             0.128E+01             0.128E-06
             0.129E+01             0.102E-06
             0.130E+01             0.810E-07
             0.131E+01             0.643E-07
             0.132E+01             0.510E-07
             0.133E+01             0.404E-07
             0.134E+01             0.319E-07
             0.135E+01             0.252E-07
             0.135E+01             0.198E-07
             0.136E+01             0.156E-07
             0.137E+01             0.123E-07
             0.138E+01             0.962E-08
             0.139E+01             0.753E-08
             0.140E+01             0.589E-08
             0.141E+01             0.459E-08
             0.142E+01             0.358E-08
             0.143E+01             0.279E-08
             0.143E+01             0.216E-08
             0.144E+01             0.168E-08
             0.145E+01             0.130E-08
             0.146E+01             0.101E-08
             0.147E+01             0.776E-09
             0.148E+01             0.598E-09
             0.149E+01             0.460E-09
             0.150E+01             0.354E-09
             0.150E+01             0.271E-09
             0.151E+01             0.208E-09
             0.152E+01             0.159E-09
             0.153E+01             0.121E-09
             0.154E+01             0.926E-10
             0.155E+01             0.705E-10
             0.156E+01             0.536E-10
             0.157E+01             0.406E-10
             0.158E+01             0.308E-10
             0.158E+01             0.233E-10
             0.159E+01             0.176E-10
             0.160E+01             0.133E-10
             0.161E+01             0.999E-11
             0.162E+01             0.751E-11
             0.163E+01             0.564E-11
             0.164E+01             0.423E-11
             0.165E+01             0.317E-11
             0.166E+01             0.236E-11
             0.166E+01             0.176E-11
             0.167E+01             0.131E-11
             0.168E+01             0.979E-12
             0.169E+01             0.726E-12
             0.170E+01             0.537E-12
             0.171E+01             0.396E-12
             0.172E+01             0.293E-12
             0.173E+01             0.215E-12
             0.174E+01             0.155E-12
             0.174E+01             0.120E-12
             0.175E+01             0.898E-13
             0.176E+01             0.610E-13
             0.177E+01             0.425E-13
             0.178E+01             0.340E-13
             0.179E+01             0.250E-13
             0.180E+01             0.162E-13
             0.181E+01             0.125E-13
             0.182E+01             0.136E-13
             0.182E+01             0.779E-14
             0.183E+01             0.732E-14
             0.184E+01             0.360E-14
             0.185E+01            -0.160E-15
             0.186E+01             0.120E-14
             0.187E+01             0.128E-14
             0.188E+01             0.224E-14
             0.189E+01             0.267E-14
             0.190E+01            -0.211E-14
             0.190E+01             0.286E-14
             0.191E+01             0.225E-14
             0.192E+01             0.420E-14
             0.193E+01             0.200E-14
             0.194E+01            -0.129E-15
             0.195E+01            -0.103E-15
             0.196E+01            -0.518E-14
             0.197E+01            -0.337E-14
             0.198E+01             0.182E-14
             0.198E+01             0.372E-15
             0.199E+01            -0.151E-14
             0.200E+01            -0.184E-14
             0.201E+01             0.334E-14
             0.202E+01             0.712E-14
             0.203E+01             0.529E-14
             0.204E+01             0.109E-14
             0.205E+01            -0.128E-14
             0.206E+01            -0.238E-14
             0.206E+01            -0.696E-14
             0.207E+01            -0.482E-14
             0.208E+01            -0.414E-14
             0.209E+01             0.193E-15
             0.210E+01             0.266E-15
             0.211E+01             0.568E-14
             0.212E+01             0.331E-14
             0.213E+01            -0.111E-15
             0.214E+01            -0.827E-15
             0.214E+01             0.148E-14
             0.215E+01            -0.739E-15
             0.216E+01            -0.206E-14
             0.217E+01            -0.356E-14
             0.218E+01            -0.244E-14
             0.219E+01            -0.663E-15
             0.220E+01             0.214E-15
             0.221E+01             0.892E-15
             0.222E+01             0.798E-15
             0.222E+01             0.140E-14
             0.223E+01             0.116E-14
             0.224E+01            -0.268E-14
             0.225E+01            -0.386E-14
             0.226E+01            -0.542E-15
             0.227E+01             0.269E-14
             0.228E+01             0.411E-14
             0.229E+01            -0.254E-14
             0.230E+01             0.500E-15
             0.230E+01            -0.157E-14
             0.231E+01             0.233E-14
             0.232E+01            -0.352E-14
             0.233E+01            -0.112E-14
             0.234E+01            -0.107E-14
             0.235E+01             0.226E-14
             0.236E+01            -0.145E-14
             0.237E+01             0.311E-14
             0.238E+01             0.329E-14
             0.238E+01             0.340E-14
             0.239E+01             0.902E-15
             0.240E+01             0.102E-14
             0.241E+01            -0.292E-14
             0.242E+01            -0.130E-14
             0.243E+01            -0.698E-15
             0.244E+01            -0.288E-14
             0.245E+01            -0.325E-16
             0.246E+01             0.164E-14
             0.246E+01             0.345E-14
             0.247E+01             0.143E-14
             0.248E+01            -0.732E-15
             0.249E+01             0.230E-14
             0.250E+01            -0.119E-14
             0.251E+01            -0.401E-15
             0.252E+01            -0.911E-15
             0.253E+01             0.231E-14
             0.253E+01             0.222E-14
             0.254E+01             0.749E-15
             0.255E+01             0.911E-16
             0.256E+01             0.751E-15
             0.257E+01            -0.132E-14
             0.258E+01             0.517E-16
             0.259E+01            -0.935E-15
             0.260E+01            -0.135E-14
             0.261E+01            -0.107E-14
             0.261E+01            -0.600E-15
             0.262E+01            -0.210E-14
             0.263E+01            -0.103E-14
             0.264E+01            -0.294E-14
             0.265E+01            -0.177E-14
             0.266E+01             0.315E-14
             0.267E+01             0.208E-14
             0.268E+01            -0.421E-15
             0.269E+01             0.539E-15
             0.269E+01             0.120E-14
             0.270E+01             0.137E-14
             0.271E+01             0.534E-15
             0.272E+01             0.262E-14
             0.273E+01             0.305E-14
             0.274E+01             0.367E-14
             0.275E+01             0.114E-14
             0.276E+01            -0.178E-14
             0.277E+01            -0.434E-14
             0.277E+01            -0.242E-14
             0.278E+01             0.102E-14
             0.279E+01            -0.182E-14
             0.280E+01            -0.108E-14
             0.281E+01            -0.609E-16
             0.282E+01            -0.411E-14
             0.283E+01             0.734E-17
             0.284E+01            -0.721E-15
             0.285E+01             0.108E-14
             0.285E+01             0.112E-14
             0.286E+01            -0.416E-14
             0.287E+01             0.367E-15
             0.288E+01            -0.207E-14
             0.289E+01            -0.125E-14
             0.290E+01            -0.291E-14
             0.291E+01             0.810E-15
             0.292E+01            -0.830E-15
             0.293E+01             0.834E-15
             0.293E+01             0.620E-16
             0.294E+01             0.100E-14
             0.295E+01            -0.307E-14
             0.296E+01            -0.583E-15
             0.297E+01            -0.105E-14
             0.298E+01             0.173E-14
             0.299E+01             0.222E-14
             0.300E+01             0.271E-14
             0.301E+01             0.325E-14
             0.301E+01            -0.169E-14
             0.302E+01             0.103E-15
             0.303E+01            -0.380E-15
             0.304E+01            -0.380E-14
             0.305E+01            -0.142E-14
             0.306E+01             0.220E-15
             0.307E+01            -0.266E-16
             0.308E+01            -0.937E-15
             0.309E+01            -0.166E-14
             0.309E+01            -0.603E-15
             0.310E+01            -0.553E-15
             0.311E+01            -0.905E-15
             0.312E+01             0.121E-14
             0.313E+01             0.192E-14
             0.314E+01            -0.814E-16
             0.315E+01             0.955E-15
             0.316E+01             0.597E-15
             0.317E+01             0.110E-14
             0.317E+01             0.674E-15
             0.318E+01            -0.172E-14
             0.319E+01            -0.732E-15
             0.320E+01            -0.430E-15
             0.321E+01            -0.115E-14
             0.322E+01            -0.217E-15
             0.323E+01            -0.535E-15
             0.324E+01             0.821E-15
             0.325E+01             0.262E-14
             0.325E+01             0.120E-14
             0.326E+01            -0.112E-14
             0.327E+01            -0.822E-15
             0.328E+01            -0.914E-15
             0.329E+01             0.957E-16
             0.330E+01            -0.892E-15
             0.331E+01            -0.328E-15
             0.332E+01             0.942E-15
             0.333E+01            -0.158E-14
             0.333E+01            -0.392E-15
             0.334E+01             0.452E-15
             0.335E+01             0.928E-15
             0.336E+01             0.136E-14
             0.337E+01            -0.371E-14
             0.338E+01            -0.154E-14
             0.339E+01             0.971E-15
             0.340E+01            -0.122E-14
             0.341E+01            -0.984E-15
             0.341E+01            -0.105E-14
             0.342E+01            -0.120E-14
             0.343E+01             0.481E-16
             0.344E+01            -0.302E-15
             0.345E+01             0.956E-15
             0.346E+01            -0.270E-15
             0.347E+01            -0.146E-14
             0.348E+01            -0.818E-15
             0.349E+01            -0.391E-15
             0.349E+01             0.183E-15
             0.350E+01             0.189E-14
             0.351E+01             0.202E-14
             0.352E+01            -0.158E-15
             0.353E+01             0.124E-14
             0.354E+01             0.128E-14
             0.355E+01             0.121E-14
             0.356E+01            -0.106E-14
             0.356E+01            -0.124E-14
             0.357E+01             0.142E-14
             0.358E+01             0.187E-14
             0.359E+01            -0.764E-15
             0.360E+01             0.125E-14
             0.361E+01             0.908E-15
             0.362E+01             0.344E-14
             0.363E+01             0.563E-15
             0.364E+01            -0.106E-14
             0.364E+01            -0.150E-14
             0.365E+01             0.117E-14
             0.366E+01            -0.934E-15
             0.367E+01             0.191E-14
             0.368E+01            -0.449E-15
             0.369E+01             0.359E-15
             0.370E+01            -0.966E-15
             0.371E+01             0.196E-14
             0.372E+01            -0.130E-14
             0.372E+01             0.341E-15
             0.373E+01            -0.613E-15
             0.374E+01             0.235E-16
             0.375E+01            -0.162E-15
             0.376E+01            -0.107E-14
             0.377E+01            -0.229E-15
             0.378E+01             0.993E-15
             0.379E+01             0.992E-15
             0.380E+01            -0.212E-14
             0.380E+01             0.771E-15
             0.381E+01            -0.140E-14
             0.382E+01            -0.161E-16
             0.383E+01            -0.864E-15
             0.384E+01             0.234E-15
             0.385E+01            -0.113E-14
             0.386E+01             0.560E-15
             0.387E+01            -0.173E-14
             0.388E+01             0.169E-14
             0.388E+01             0.696E-15
             0.389E+01            -0.262E-15
             0.390E+01             0.671E-16
             0.391E+01            -0.106E-14
             0.392E+01            -0.948E-15
             0.393E+01            -0.531E-15
             0.394E+01             0.170E-14
             0.395E+01             0.150E-14
             0.396E+01            -0.107E-14
             0.396E+01            -0.257E-14
             0.397E+01             0.106E-14
             0.398E+01            -0.244E-14
             0.399E+01             0.786E-15
             0.400E+01            -0.213E-14
