            -0.999E+01            -0.902E-16
            -0.998E+01             0.752E-15
            -0.996E+01            -0.606E-15
            -0.995E+01             0.375E-15
            -0.994E+01            -0.373E-15
            -0.993E+01             0.349E-15
            -0.991E+01            -0.216E-15
            -0.990E+01             0.258E-15
            -0.989E+01            -0.433E-16
            -0.988E+01             0.163E-15
            -0.986E+01             0.121E-15
            -0.985E+01             0.374E-15
            -0.984E+01            -0.468E-15
            -0.983E+01             0.527E-15
            -0.981E+01            -0.276E-15
            -0.980E+01            -0.151E-15
            -0.979E+01             0.241E-15
            -0.978E+01            -0.236E-15
            -0.976E+01             0.348E-15
            -0.975E+01            -0.804E-15
            -0.974E+01             0.447E-15
            -0.973E+01            -0.337E-15
            -0.971E+01             0.103E-15
            -0.970E+01             0.179E-15
            -0.969E+01            -0.370E-15
            -0.968E+01             0.627E-16
            -0.966E+01             0.129E-16
            -0.965E+01             0.376E-15
            -0.964E+01             0.381E-15
            -0.963E+01            -0.562E-15
            -0.961E+01             0.759E-15
            -0.960E+01            -0.711E-15
            -0.959E+01             0.110E-14
            -0.958E+01            -0.680E-15
            -0.956E+01             0.858E-15
            -0.955E+01            -0.931E-15
            -0.954E+01             0.760E-15
            -0.953E+01            -0.851E-16
            -0.951E+01             0.557E-15
            -0.950E+01            -0.711E-15
            -0.949E+01             0.577E-15
            -0.948E+01            -0.509E-15
            -0.946E+01             0.121E-15
            -0.945E+01             0.150E-16
            -0.944E+01             0.103E-15
            -0.943E+01            -0.156E-15
            -0.941E+01             0.101E-15
            -0.940E+01            -0.945E-16
            -0.939E+01             0.153E-16
            -0.938E+01            -0.356E-16
            -0.936E+01             0.380E-17
            -0.935E+01            -0.124E-16
            -0.934E+01            -0.262E-17
            -0.933E+01             0.252E-17
            -0.931E+01             0.362E-17
            -0.930E+01            -0.570E-17
            -0.929E+01             0.753E-18
            -0.928E+01            -0.134E-17
            -0.926E+01             0.111E-18
            -0.925E+01            -0.265E-18
            -0.924E+01             0.412E-18
            -0.923E+01            -0.132E-18
            -0.921E+01            -0.165E-18
            -0.920E+01            -0.147E-19
            -0.919E+01             0.151E-19
            -0.918E+01             0.180E-19
            -0.916E+01             0.109E-19
            -0.915E+01             0.545E-20
            -0.914E+01            -0.229E-20
            -0.913E+01             0.271E-20
            -0.911E+01             0.960E-21
            -0.910E+01            -0.359E-21
            -0.909E+01            -0.210E-23
            -0.908E+01            -0.180E-21
            -0.906E+01             0.459E-22
            -0.905E+01             0.921E-23
            -0.904E+01            -0.146E-22
            -0.903E+01            -0.120E-22
            -0.901E+01             0.444E-23
            -0.900E+01             0.367E-26
            -0.899E+01             0.853E-24
            -0.898E+01             0.169E-24
            -0.896E+01            -0.174E-24
            -0.895E+01            -0.188E-24
            -0.894E+01            -0.308E-27
            -0.893E+01            -0.962E-26
            -0.891E+01            -0.938E-26
            -0.890E+01            -0.598E-26
            -0.889E+01            -0.637E-27
            -0.888E+01             0.109E-26
            -0.886E+01             0.263E-27
            -0.885E+01             0.447E-28
            -0.884E+01            -0.806E-28
            -0.883E+01            -0.187E-28
            -0.881E+01            -0.129E-29
            -0.880E+01             0.131E-29
            -0.879E+01             0.310E-30
            -0.878E+01            -0.162E-31
            -0.876E+01             0.345E-30
            -0.875E+01             0.866E-30
            -0.874E+01            -0.605E-30
            -0.873E+01             0.499E-30
            -0.871E+01            -0.124E-30
            -0.870E+01             0.946E-31
            -0.869E+01             0.119E-29
            -0.868E+01             0.350E-30
            -0.866E+01            -0.121E-32
            -0.865E+01            -0.186E-30
            -0.864E+01             0.214E-30
            -0.863E+01            -0.224E-30
            -0.861E+01            -0.187E-30
            -0.860E+01            -0.205E-32
            -0.859E+01             0.429E-30
            -0.858E+01             0.673E-30
            -0.856E+01             0.133E-32
            -0.855E+01             0.213E-30
            -0.854E+01             0.117E-30
            -0.853E+01            -0.384E-30
            -0.851E+01            -0.316E-30
            -0.850E+01             0.526E-30
            -0.849E+01            -0.514E-30
            -0.848E+01            -0.193E-30
            -0.846E+01             0.300E-30
            -0.845E+01            -0.584E-30
            -0.844E+01            -0.390E-30
            -0.843E+01            -0.564E-30
            -0.841E+01             0.238E-30
            -0.840E+01            -0.529E-31
            -0.839E+01             0.661E-30
            -0.838E+01             0.175E-30
            -0.836E+01             0.405E-30
            -0.835E+01            -0.107E-30
            -0.834E+01             0.393E-30
            -0.833E+01            -0.544E-30
            -0.831E+01             0.804E-30
            -0.830E+01             0.225E-30
            -0.829E+01            -0.503E-31
            -0.828E+01            -0.126E-29
            -0.826E+01             0.288E-30
            -0.825E+01            -0.629E-30
            -0.824E+01             0.459E-30
            -0.823E+01            -0.167E-30
            -0.821E+01            -0.596E-31
            -0.820E+01            -0.556E-30
            -0.819E+01            -0.702E-30
            -0.818E+01             0.439E-30
            -0.816E+01            -0.547E-30
            -0.815E+01             0.515E-30
            -0.814E+01             0.495E-30
            -0.813E+01             0.365E-30
            -0.811E+01             0.126E-30
            -0.810E+01            -0.117E-29
            -0.809E+01            -0.297E-30
            -0.808E+01             0.325E-30
            -0.806E+01             0.343E-30
            -0.805E+01             0.121E-29
            -0.804E+01             0.580E-30
            -0.803E+01             0.960E-31
            -0.801E+01            -0.249E-30
            -0.800E+01            -0.103E-30
            -0.799E+01             0.659E-30
            -0.798E+01             0.904E-30
            -0.796E+01            -0.178E-29
            -0.795E+01            -0.263E-30
            -0.794E+01            -0.744E-31
            -0.793E+01            -0.325E-30
            -0.791E+01            -0.324E-30
            -0.790E+01            -0.288E-30
            -0.789E+01             0.445E-30
            -0.788E+01            -0.397E-30
            -0.786E+01            -0.129E-30
            -0.785E+01             0.127E-30
            -0.784E+01             0.432E-30
            -0.783E+01            -0.430E-30
            -0.781E+01            -0.897E-30
            -0.780E+01            -0.199E-30
            -0.779E+01             0.937E-31
            -0.778E+01            -0.572E-30
            -0.776E+01            -0.456E-30
            -0.775E+01            -0.651E-31
            -0.774E+01            -0.662E-30
            -0.773E+01             0.265E-31
            -0.771E+01             0.682E-31
            -0.770E+01            -0.489E-30
            -0.769E+01            -0.858E-31
            -0.768E+01            -0.387E-30
            -0.766E+01             0.808E-31
            -0.765E+01            -0.221E-30
            -0.764E+01             0.376E-30
            -0.763E+01             0.126E-29
            -0.761E+01            -0.880E-30
            -0.760E+01            -0.223E-30
            -0.759E+01             0.180E-30
            -0.758E+01            -0.213E-30
            -0.756E+01             0.811E-31
            -0.755E+01             0.526E-30
            -0.754E+01             0.217E-30
            -0.753E+01             0.274E-30
            -0.751E+01            -0.592E-30
            -0.750E+01            -0.308E-30
            -0.749E+01             0.233E-30
            -0.748E+01            -0.189E-30
            -0.746E+01             0.177E-30
            -0.745E+01             0.525E-31
            -0.744E+01            -0.285E-30
            -0.743E+01             0.749E-30
            -0.741E+01             0.495E-30
            -0.740E+01            -0.187E-30
            -0.739E+01             0.355E-30
            -0.738E+01             0.230E-30
            -0.736E+01             0.429E-30
            -0.735E+01             0.841E-30
            -0.734E+01             0.257E-30
            -0.733E+01            -0.396E-30
            -0.731E+01             0.500E-30
            -0.730E+01             0.199E-30
            -0.729E+01             0.460E-30
            -0.728E+01             0.187E-30
            -0.726E+01            -0.961E-32
            -0.725E+01             0.177E-30
            -0.724E+01             0.182E-30
            -0.723E+01             0.318E-30
            -0.721E+01             0.340E-30
            -0.720E+01            -0.893E-31
            -0.719E+01             0.236E-30
            -0.718E+01            -0.287E-30
            -0.716E+01            -0.279E-30
            -0.715E+01             0.193E-30
            -0.714E+01             0.438E-31
            -0.713E+01            -0.853E-31
            -0.711E+01            -0.232E-30
            -0.710E+01             0.346E-30
            -0.709E+01             0.122E-30
            -0.708E+01             0.659E-30
            -0.706E+01             0.953E-32
            -0.705E+01            -0.774E-31
            -0.704E+01            -0.165E-30
            -0.703E+01             0.869E-30
            -0.701E+01             0.371E-30
            -0.700E+01            -0.851E-30
            -0.699E+01            -0.398E-30
            -0.698E+01             0.140E-30
            -0.696E+01             0.423E-30
            -0.695E+01             0.102E-29
            -0.694E+01            -0.361E-30
            -0.693E+01            -0.523E-30
            -0.691E+01             0.235E-30
            -0.690E+01            -0.972E-30
            -0.689E+01             0.901E-31
            -0.688E+01             0.725E-32
            -0.686E+01            -0.325E-31
            -0.685E+01            -0.630E-30
            -0.684E+01            -0.894E-30
            -0.683E+01            -0.637E-30
            -0.681E+01            -0.327E-30
            -0.680E+01            -0.343E-30
            -0.679E+01            -0.921E-31
            -0.678E+01            -0.238E-30
            -0.676E+01            -0.235E-30
            -0.675E+01             0.679E-31
            -0.674E+01             0.126E-30
            -0.673E+01            -0.844E-31
            -0.671E+01            -0.523E-30
            -0.670E+01            -0.156E-30
            -0.669E+01             0.537E-31
            -0.668E+01            -0.259E-30
            -0.666E+01            -0.500E-30
            -0.665E+01             0.371E-30
            -0.664E+01             0.119E-30
            -0.663E+01            -0.520E-30
            -0.661E+01             0.114E-31
            -0.660E+01            -0.652E-31
            -0.659E+01             0.153E-31
            -0.658E+01            -0.304E-30
            -0.656E+01            -0.143E-31
            -0.655E+01            -0.333E-30
            -0.654E+01            -0.117E-29
            -0.653E+01            -0.652E-31
            -0.651E+01             0.953E-32
            -0.650E+01            -0.140E-29
            -0.649E+01            -0.138E-29
            -0.648E+01             0.213E-30
            -0.646E+01             0.621E-30
            -0.645E+01             0.389E-31
            -0.644E+01            -0.273E-30
            -0.643E+01            -0.173E-30
            -0.641E+01             0.299E-30
            -0.640E+01             0.252E-30
            -0.639E+01             0.223E-31
            -0.638E+01             0.919E-30
            -0.636E+01            -0.325E-30
            -0.635E+01             0.398E-30
            -0.634E+01             0.388E-31
            -0.633E+01            -0.145E-31
            -0.631E+01            -0.513E-30
            -0.630E+01             0.330E-31
            -0.629E+01            -0.878E-30
            -0.628E+01             0.445E-30
            -0.626E+01             0.132E-30
            -0.625E+01            -0.787E-30
            -0.624E+01             0.166E-30
            -0.623E+01            -0.212E-31
            -0.621E+01            -0.403E-30
            -0.620E+01             0.360E-30
            -0.619E+01             0.908E-31
            -0.618E+01             0.314E-30
            -0.616E+01            -0.210E-30
            -0.615E+01             0.816E-30
            -0.614E+01             0.812E-31
            -0.613E+01            -0.114E-32
            -0.611E+01             0.133E-30
            -0.610E+01             0.271E-30
            -0.609E+01             0.719E-30
            -0.608E+01            -0.846E-31
            -0.606E+01             0.195E-30
            -0.605E+01             0.133E-29
            -0.604E+01             0.112E-30
            -0.603E+01            -0.421E-30
            -0.601E+01            -0.121E-30
            -0.600E+01             0.174E-30
            -0.599E+01            -0.807E-31
            -0.598E+01            -0.651E-30
            -0.597E+01             0.692E-31
            -0.595E+01             0.419E-30
            -0.594E+01             0.419E-30
            -0.593E+01            -0.244E-31
            -0.592E+01             0.114E-30
            -0.590E+01            -0.357E-30
            -0.589E+01             0.279E-30
            -0.588E+01             0.149E-30
            -0.587E+01            -0.253E-30
            -0.585E+01            -0.451E-30
            -0.584E+01             0.425E-30
            -0.583E+01             0.149E-30
            -0.582E+01             0.396E-30
            -0.580E+01            -0.357E-30
            -0.579E+01             0.285E-30
            -0.578E+01             0.127E-30
            -0.577E+01             0.220E-30
            -0.575E+01            -0.142E-30
            -0.574E+01             0.733E-30
            -0.573E+01            -0.107E-30
            -0.572E+01             0.269E-30
            -0.570E+01             0.545E-32
            -0.569E+01            -0.247E-31
            -0.568E+01            -0.116E-29
            -0.567E+01            -0.761E-30
            -0.565E+01            -0.444E-31
            -0.564E+01             0.147E-30
            -0.563E+01            -0.893E-30
            -0.562E+01             0.181E-30
            -0.560E+01             0.127E-30
            -0.559E+01            -0.264E-30
            -0.558E+01             0.204E-30
            -0.557E+01            -0.441E-30
            -0.555E+01            -0.308E-30
            -0.554E+01            -0.179E-30
            -0.553E+01            -0.390E-30
            -0.552E+01            -0.225E-31
            -0.550E+01            -0.163E-30
            -0.549E+01            -0.844E-30
            -0.548E+01             0.144E-30
            -0.547E+01             0.591E-31
            -0.545E+01            -0.575E-31
            -0.544E+01             0.518E-30
            -0.543E+01             0.611E-30
            -0.542E+01            -0.226E-30
            -0.540E+01            -0.206E-30
            -0.539E+01            -0.791E-31
            -0.538E+01            -0.156E-29
            -0.537E+01             0.423E-30
            -0.535E+01            -0.297E-31
            -0.534E+01             0.305E-30
            -0.533E+01             0.646E-31
            -0.532E+01             0.576E-32
            -0.530E+01            -0.129E-30
            -0.529E+01            -0.195E-30
            -0.528E+01             0.375E-30
            -0.527E+01             0.105E-29
            -0.525E+01            -0.308E-30
            -0.524E+01             0.498E-31
            -0.523E+01            -0.364E-30
            -0.522E+01             0.656E-30
            -0.520E+01            -0.399E-30
            -0.519E+01             0.127E-29
            -0.518E+01            -0.442E-30
            -0.517E+01             0.670E-30
            -0.515E+01             0.652E-30
            -0.514E+01            -0.914E-30
            -0.513E+01             0.421E-30
            -0.512E+01             0.507E-30
            -0.510E+01            -0.501E-30
            -0.509E+01            -0.228E-30
            -0.508E+01             0.154E-30
            -0.507E+01             0.263E-30
            -0.505E+01            -0.204E-30
            -0.504E+01             0.742E-30
            -0.503E+01            -0.267E-30
            -0.502E+01             0.415E-30
            -0.500E+01            -0.751E-30
            -0.499E+01            -0.283E-30
            -0.498E+01             0.449E-30
            -0.497E+01             0.317E-30
            -0.495E+01             0.539E-31
            -0.494E+01            -0.275E-30
            -0.493E+01             0.478E-30
            -0.492E+01             0.648E-31
            -0.490E+01             0.113E-30
            -0.489E+01            -0.593E-30
            -0.488E+01             0.106E-29
            -0.487E+01            -0.123E-29
            -0.485E+01             0.985E-31
            -0.484E+01            -0.618E-30
            -0.483E+01             0.155E-30
            -0.482E+01             0.783E-30
            -0.480E+01            -0.971E-32
            -0.479E+01             0.498E-31
            -0.478E+01            -0.448E-30
            -0.477E+01            -0.257E-30
            -0.475E+01             0.677E-30
            -0.474E+01            -0.762E-30
            -0.473E+01            -0.303E-30
            -0.472E+01            -0.396E-30
            -0.470E+01             0.788E-30
            -0.469E+01             0.606E-30
            -0.468E+01             0.285E-30
            -0.467E+01             0.171E-30
            -0.465E+01             0.506E-30
            -0.464E+01             0.489E-30
            -0.463E+01            -0.329E-30
            -0.462E+01             0.317E-30
            -0.460E+01            -0.970E-30
            -0.459E+01            -0.416E-30
            -0.458E+01            -0.527E-30
            -0.457E+01            -0.291E-30
            -0.455E+01            -0.768E-30
            -0.454E+01            -0.528E-30
            -0.453E+01            -0.233E-30
            -0.452E+01            -0.123E-29
            -0.450E+01            -0.511E-30
            -0.449E+01            -0.244E-30
            -0.448E+01            -0.890E-30
            -0.447E+01            -0.123E-30
            -0.445E+01            -0.912E-30
            -0.444E+01            -0.944E-31
            -0.443E+01            -0.743E-30
            -0.442E+01            -0.112E-30
            -0.440E+01            -0.167E-30
            -0.439E+01             0.101E-29
            -0.438E+01            -0.391E-30
            -0.437E+01             0.517E-30
            -0.435E+01            -0.334E-30
            -0.434E+01            -0.191E-30
            -0.433E+01            -0.190E-30
            -0.432E+01             0.644E-30
            -0.430E+01             0.529E-30
            -0.429E+01             0.207E-30
            -0.428E+01             0.997E-30
            -0.427E+01             0.948E-30
            -0.425E+01             0.262E-30
            -0.424E+01             0.640E-30
            -0.423E+01            -0.649E-31
            -0.422E+01            -0.477E-30
            -0.420E+01            -0.182E-30
            -0.419E+01            -0.126E-29
            -0.418E+01            -0.404E-31
            -0.417E+01            -0.191E-29
            -0.415E+01            -0.111E-29
            -0.414E+01            -0.109E-29
            -0.413E+01             0.318E-30
            -0.412E+01            -0.161E-30
            -0.410E+01             0.127E-29
            -0.409E+01             0.644E-30
            -0.408E+01             0.108E-29
            -0.407E+01             0.110E-29
            -0.405E+01             0.401E-30
            -0.404E+01            -0.197E-31
            -0.403E+01             0.406E-30
            -0.402E+01            -0.231E-30
            -0.400E+01            -0.107E-29
            -0.399E+01            -0.693E-30
            -0.398E+01            -0.120E-29
            -0.397E+01            -0.587E-30
            -0.395E+01            -0.670E-30
            -0.394E+01            -0.153E-29
            -0.393E+01            -0.239E-29
            -0.392E+01            -0.169E-29
            -0.390E+01            -0.612E-30
            -0.389E+01            -0.513E-30
            -0.388E+01            -0.774E-31
            -0.387E+01             0.319E-30
            -0.385E+01            -0.700E-30
            -0.384E+01             0.419E-32
            -0.383E+01            -0.194E-30
            -0.382E+01             0.338E-30
            -0.380E+01             0.893E-30
            -0.379E+01             0.125E-29
            -0.378E+01            -0.130E-29
            -0.377E+01            -0.411E-30
            -0.375E+01            -0.203E-30
            -0.374E+01            -0.340E-29
            -0.373E+01            -0.212E-29
            -0.372E+01             0.376E-30
            -0.370E+01             0.101E-30
            -0.369E+01             0.111E-30
            -0.368E+01             0.126E-30
            -0.367E+01            -0.340E-30
            -0.365E+01            -0.142E-29
            -0.364E+01            -0.931E-30
            -0.363E+01             0.646E-32
            -0.362E+01             0.162E-29
            -0.360E+01            -0.112E-30
            -0.359E+01             0.362E-30
            -0.358E+01             0.158E-29
            -0.357E+01             0.195E-29
            -0.355E+01            -0.981E-30
            -0.354E+01             0.347E-30
            -0.353E+01            -0.173E-29
            -0.352E+01            -0.103E-29
            -0.350E+01            -0.117E-30
            -0.349E+01             0.973E-30
            -0.348E+01             0.445E-30
            -0.347E+01            -0.525E-30
            -0.345E+01            -0.272E-30
            -0.344E+01             0.185E-30
            -0.343E+01             0.658E-30
            -0.342E+01             0.111E-29
            -0.340E+01            -0.558E-30
            -0.339E+01             0.442E-30
            -0.338E+01            -0.223E-30
            -0.337E+01             0.280E-30
            -0.335E+01            -0.215E-29
            -0.334E+01            -0.304E-29
            -0.333E+01            -0.678E-30
            -0.332E+01            -0.643E-31
            -0.330E+01            -0.949E-30
            -0.329E+01            -0.318E-30
            -0.328E+01             0.102E-29
            -0.327E+01             0.832E-30
            -0.325E+01            -0.335E-30
            -0.324E+01            -0.264E-29
            -0.323E+01             0.220E-30
            -0.322E+01            -0.140E-29
            -0.320E+01            -0.155E-29
            -0.319E+01            -0.587E-30
            -0.318E+01             0.100E-29
            -0.317E+01             0.711E-30
            -0.315E+01             0.616E-30
            -0.314E+01            -0.154E-29
            -0.313E+01             0.298E-30
            -0.312E+01             0.437E-30
            -0.310E+01             0.343E-30
            -0.309E+01             0.246E-29
            -0.308E+01             0.320E-29
            -0.307E+01            -0.258E-30
            -0.305E+01             0.822E-30
            -0.304E+01            -0.827E-30
            -0.303E+01             0.139E-29
            -0.302E+01             0.329E-29
            -0.300E+01             0.177E-29
            -0.299E+01             0.154E-29
            -0.298E+01             0.142E-29
            -0.297E+01             0.715E-30
            -0.295E+01             0.129E-29
            -0.294E+01            -0.183E-29
            -0.293E+01             0.264E-29
            -0.292E+01             0.533E-30
            -0.290E+01             0.164E-29
            -0.289E+01            -0.128E-29
            -0.288E+01             0.241E-29
            -0.287E+01            -0.869E-30
            -0.285E+01             0.108E-29
            -0.284E+01             0.875E-30
            -0.283E+01            -0.161E-29
            -0.282E+01             0.131E-29
            -0.280E+01             0.216E-29
            -0.279E+01            -0.385E-29
            -0.278E+01             0.226E-29
            -0.277E+01             0.318E-29
            -0.275E+01             0.744E-29
            -0.274E+01             0.870E-29
            -0.273E+01             0.180E-28
            -0.272E+01             0.385E-28
            -0.270E+01             0.719E-28
            -0.269E+01             0.131E-27
            -0.268E+01             0.254E-27
            -0.267E+01             0.480E-27
            -0.265E+01             0.913E-27
            -0.264E+01             0.173E-26
            -0.263E+01             0.326E-26
            -0.262E+01             0.614E-26
            -0.260E+01             0.115E-25
            -0.259E+01             0.216E-25
            -0.258E+01             0.402E-25
            -0.257E+01             0.748E-25
            -0.255E+01             0.139E-24
            -0.254E+01             0.256E-24
            -0.253E+01             0.472E-24
            -0.252E+01             0.867E-24
            -0.250E+01             0.159E-23
            -0.249E+01             0.290E-23
            -0.248E+01             0.528E-23
            -0.247E+01             0.957E-23
            -0.245E+01             0.173E-22
            -0.244E+01             0.312E-22
            -0.243E+01             0.562E-22
            -0.242E+01             0.101E-21
            -0.240E+01             0.180E-21
            -0.239E+01             0.320E-21
            -0.238E+01             0.569E-21
            -0.237E+01             0.101E-20
            -0.235E+01             0.178E-20
            -0.234E+01             0.313E-20
            -0.233E+01             0.549E-20
            -0.232E+01             0.960E-20
            -0.230E+01             0.167E-19
            -0.229E+01             0.291E-19
            -0.228E+01             0.504E-19
            -0.227E+01             0.870E-19
            -0.225E+01             0.150E-18
            -0.224E+01             0.257E-18
            -0.223E+01             0.440E-18
            -0.222E+01             0.751E-18
            -0.220E+01             0.128E-17
            -0.219E+01             0.216E-17
            -0.218E+01             0.366E-17
            -0.217E+01             0.616E-17
            -0.215E+01             0.104E-16
            -0.214E+01             0.173E-16
            -0.213E+01             0.289E-16
            -0.212E+01             0.481E-16
            -0.210E+01             0.798E-16
            -0.209E+01             0.132E-15
            -0.208E+01             0.218E-15
            -0.207E+01             0.358E-15
            -0.205E+01             0.586E-15
            -0.204E+01             0.956E-15
            -0.203E+01             0.156E-14
            -0.202E+01             0.253E-14
            -0.200E+01             0.409E-14
            -0.199E+01             0.659E-14
            -0.198E+01             0.106E-13
            -0.197E+01             0.170E-13
            -0.196E+01             0.271E-13
            -0.194E+01             0.431E-13
            -0.193E+01             0.685E-13
            -0.192E+01             0.108E-12
            -0.191E+01             0.171E-12
            -0.189E+01             0.269E-12
            -0.188E+01             0.421E-12
            -0.187E+01             0.658E-12
            -0.186E+01             0.102E-11
            -0.184E+01             0.159E-11
            -0.183E+01             0.246E-11
            -0.182E+01             0.379E-11
            -0.181E+01             0.583E-11
            -0.179E+01             0.894E-11
            -0.178E+01             0.137E-10
            -0.177E+01             0.208E-10
            -0.176E+01             0.316E-10
            -0.174E+01             0.478E-10
            -0.173E+01             0.720E-10
            -0.172E+01             0.108E-09
            -0.171E+01             0.162E-09
            -0.169E+01             0.242E-09
            -0.168E+01             0.361E-09
            -0.167E+01             0.536E-09
            -0.166E+01             0.792E-09
            -0.164E+01             0.117E-08
            -0.163E+01             0.172E-08
            -0.162E+01             0.251E-08
            -0.161E+01             0.367E-08
            -0.159E+01             0.534E-08
            -0.158E+01             0.775E-08
            -0.157E+01             0.112E-07
            -0.156E+01             0.162E-07
            -0.154E+01             0.232E-07
            -0.153E+01             0.332E-07
            -0.152E+01             0.474E-07
            -0.151E+01             0.675E-07
            -0.149E+01             0.956E-07
            -0.148E+01             0.135E-06
            -0.147E+01             0.190E-06
            -0.146E+01             0.267E-06
            -0.144E+01             0.374E-06
            -0.143E+01             0.521E-06
            -0.142E+01             0.725E-06
            -0.141E+01             0.100E-05
            -0.139E+01             0.139E-05
            -0.138E+01             0.191E-05
            -0.137E+01             0.262E-05
            -0.136E+01             0.358E-05
            -0.134E+01             0.487E-05
            -0.133E+01             0.661E-05
            -0.132E+01             0.895E-05
            -0.131E+01             0.121E-04
            -0.129E+01             0.162E-04
            -0.128E+01             0.217E-04
            -0.127E+01             0.290E-04
            -0.126E+01             0.386E-04
            -0.124E+01             0.512E-04
            -0.123E+01             0.676E-04
            -0.122E+01             0.890E-04
            -0.121E+01             0.117E-03
            -0.119E+01             0.153E-03
            -0.118E+01             0.199E-03
            -0.117E+01             0.259E-03
            -0.116E+01             0.335E-03
            -0.114E+01             0.432E-03
            -0.113E+01             0.555E-03
            -0.112E+01             0.711E-03
            -0.111E+01             0.907E-03
            -0.109E+01             0.115E-02
            -0.108E+01             0.146E-02
            -0.107E+01             0.185E-02
            -0.106E+01             0.232E-02
            -0.104E+01             0.291E-02
            -0.103E+01             0.364E-02
            -0.102E+01             0.453E-02
            -0.101E+01             0.562E-02
            -0.993E+00             0.695E-02
            -0.981E+00             0.856E-02
            -0.968E+00             0.105E-01
            -0.956E+00             0.128E-01
            -0.943E+00             0.156E-01
            -0.931E+00             0.190E-01
            -0.918E+00             0.229E-01
            -0.906E+00             0.276E-01
            -0.893E+00             0.331E-01
            -0.881E+00             0.396E-01
            -0.868E+00             0.471E-01
            -0.856E+00             0.559E-01
            -0.843E+00             0.660E-01
            -0.831E+00             0.776E-01
            -0.818E+00             0.910E-01
            -0.806E+00             0.106E+00
            -0.793E+00             0.124E+00
            -0.781E+00             0.143E+00
            -0.768E+00             0.165E+00
            -0.756E+00             0.189E+00
            -0.743E+00             0.217E+00
            -0.731E+00             0.247E+00
            -0.718E+00             0.280E+00
            -0.706E+00             0.316E+00
            -0.693E+00             0.355E+00
            -0.681E+00             0.398E+00
            -0.668E+00             0.443E+00
            -0.656E+00             0.491E+00
            -0.643E+00             0.542E+00
            -0.631E+00             0.596E+00
            -0.618E+00             0.651E+00
            -0.606E+00             0.709E+00
            -0.593E+00             0.767E+00
            -0.581E+00             0.826E+00
            -0.568E+00             0.884E+00
            -0.556E+00             0.941E+00
            -0.543E+00             0.997E+00
            -0.531E+00             0.105E+01
            -0.518E+00             0.110E+01
            -0.506E+00             0.114E+01
            -0.493E+00             0.118E+01
            -0.481E+00             0.121E+01
            -0.468E+00             0.123E+01
            -0.456E+00             0.124E+01
            -0.443E+00             0.124E+01
            -0.431E+00             0.123E+01
            -0.418E+00             0.121E+01
            -0.406E+00             0.117E+01
            -0.394E+00             0.113E+01
            -0.381E+00             0.106E+01
            -0.369E+00             0.989E+00
            -0.356E+00             0.901E+00
            -0.344E+00             0.801E+00
            -0.331E+00             0.689E+00
            -0.319E+00             0.568E+00
            -0.306E+00             0.437E+00
            -0.294E+00             0.300E+00
            -0.281E+00             0.158E+00
            -0.269E+00             0.129E-01
            -0.256E+00            -0.132E+00
            -0.244E+00            -0.275E+00
            -0.231E+00            -0.413E+00
            -0.219E+00            -0.543E+00
            -0.206E+00            -0.663E+00
            -0.194E+00            -0.770E+00
            -0.181E+00            -0.863E+00
            -0.169E+00            -0.939E+00
            -0.156E+00            -0.996E+00
            -0.144E+00            -0.103E+01
            -0.131E+00            -0.105E+01
            -0.119E+00            -0.104E+01
            -0.106E+00            -0.101E+01
            -0.937E-01            -0.966E+00
            -0.812E-01            -0.896E+00
            -0.687E-01            -0.808E+00
            -0.562E-01            -0.702E+00
            -0.437E-01            -0.580E+00
            -0.312E-01            -0.447E+00
            -0.187E-01            -0.303E+00
            -0.625E-02            -0.153E+00
             0.625E-02            -0.275E-12
             0.187E-01             0.153E+00
             0.312E-01             0.303E+00
             0.437E-01             0.447E+00
             0.562E-01             0.580E+00
             0.687E-01             0.702E+00
             0.812E-01             0.808E+00
             0.937E-01             0.896E+00
             0.106E+00             0.966E+00
             0.119E+00             0.101E+01
             0.131E+00             0.104E+01
             0.144E+00             0.105E+01
             0.156E+00             0.103E+01
             0.169E+00             0.996E+00
             0.181E+00             0.939E+00
             0.194E+00             0.863E+00
             0.206E+00             0.770E+00
             0.219E+00             0.663E+00
             0.231E+00             0.543E+00
             0.244E+00             0.413E+00
             0.256E+00             0.275E+00
             0.269E+00             0.132E+00
             0.281E+00            -0.129E-01
             0.294E+00            -0.158E+00
             0.306E+00            -0.300E+00
             0.319E+00            -0.437E+00
             0.331E+00            -0.568E+00
             0.344E+00            -0.689E+00
             0.356E+00            -0.801E+00
             0.369E+00            -0.901E+00
             0.381E+00            -0.989E+00
             0.394E+00            -0.106E+01
             0.406E+00            -0.113E+01
             0.418E+00            -0.117E+01
             0.431E+00            -0.121E+01
             0.443E+00            -0.123E+01
             0.456E+00            -0.124E+01
             0.468E+00            -0.124E+01
             0.481E+00            -0.123E+01
             0.493E+00            -0.121E+01
             0.506E+00            -0.118E+01
             0.518E+00            -0.114E+01
             0.531E+00            -0.110E+01
             0.543E+00            -0.105E+01
             0.556E+00            -0.997E+00
             0.568E+00            -0.941E+00
             0.581E+00            -0.884E+00
             0.593E+00            -0.826E+00
             0.606E+00            -0.767E+00
             0.618E+00            -0.709E+00
             0.631E+00            -0.651E+00
             0.643E+00            -0.596E+00
             0.656E+00            -0.542E+00
             0.668E+00            -0.491E+00
             0.681E+00            -0.443E+00
             0.693E+00            -0.398E+00
             0.706E+00            -0.355E+00
             0.718E+00            -0.316E+00
             0.731E+00            -0.280E+00
             0.743E+00            -0.247E+00
             0.756E+00            -0.217E+00
             0.768E+00            -0.189E+00
             0.781E+00            -0.165E+00
             0.793E+00            -0.143E+00
             0.806E+00            -0.124E+00
             0.818E+00            -0.106E+00
             0.831E+00            -0.910E-01
             0.843E+00            -0.776E-01
             0.856E+00            -0.660E-01
             0.868E+00            -0.559E-01
             0.881E+00            -0.471E-01
             0.893E+00            -0.396E-01
             0.906E+00            -0.331E-01
             0.918E+00            -0.276E-01
             0.931E+00            -0.229E-01
             0.943E+00            -0.190E-01
             0.956E+00            -0.156E-01
             0.968E+00            -0.128E-01
             0.981E+00            -0.105E-01
             0.993E+00            -0.856E-02
             0.101E+01            -0.695E-02
             0.102E+01            -0.562E-02
             0.103E+01            -0.453E-02
             0.104E+01            -0.364E-02
             0.106E+01            -0.291E-02
             0.107E+01            -0.232E-02
             0.108E+01            -0.185E-02
             0.109E+01            -0.146E-02
             0.111E+01            -0.115E-02
             0.112E+01            -0.907E-03
             0.113E+01            -0.711E-03
             0.114E+01            -0.555E-03
             0.116E+01            -0.432E-03
             0.117E+01            -0.335E-03
             0.118E+01            -0.259E-03
             0.119E+01            -0.199E-03
             0.121E+01            -0.153E-03
             0.122E+01            -0.117E-03
             0.123E+01            -0.890E-04
             0.124E+01            -0.676E-04
             0.126E+01            -0.512E-04
             0.127E+01            -0.386E-04
             0.128E+01            -0.290E-04
             0.129E+01            -0.217E-04
             0.131E+01            -0.162E-04
             0.132E+01            -0.121E-04
             0.133E+01            -0.895E-05
             0.134E+01            -0.661E-05
             0.136E+01            -0.487E-05
             0.137E+01            -0.358E-05
             0.138E+01            -0.262E-05
             0.139E+01            -0.191E-05
             0.141E+01            -0.139E-05
             0.142E+01            -0.100E-05
             0.143E+01            -0.725E-06
             0.144E+01            -0.521E-06
             0.146E+01            -0.374E-06
             0.147E+01            -0.267E-06
             0.148E+01            -0.190E-06
             0.149E+01            -0.135E-06
             0.151E+01            -0.956E-07
             0.152E+01            -0.675E-07
             0.153E+01            -0.474E-07
             0.154E+01            -0.332E-07
             0.156E+01            -0.232E-07
             0.157E+01            -0.162E-07
             0.158E+01            -0.112E-07
             0.159E+01            -0.775E-08
             0.161E+01            -0.534E-08
             0.162E+01            -0.367E-08
             0.163E+01            -0.251E-08
             0.164E+01            -0.172E-08
             0.166E+01            -0.117E-08
             0.167E+01            -0.792E-09
             0.168E+01            -0.536E-09
             0.169E+01            -0.361E-09
             0.171E+01            -0.242E-09
             0.172E+01            -0.162E-09
             0.173E+01            -0.108E-09
             0.174E+01            -0.720E-10
             0.176E+01            -0.478E-10
             0.177E+01            -0.316E-10
             0.178E+01            -0.208E-10
             0.179E+01            -0.137E-10
             0.181E+01            -0.894E-11
             0.182E+01            -0.583E-11
             0.183E+01            -0.379E-11
             0.184E+01            -0.245E-11
             0.186E+01            -0.159E-11
             0.187E+01            -0.103E-11
             0.188E+01            -0.656E-12
             0.189E+01            -0.425E-12
             0.191E+01            -0.279E-12
             0.192E+01            -0.181E-12
             0.193E+01            -0.130E-12
             0.194E+01            -0.870E-13
             0.196E+01            -0.580E-13
             0.197E+01            -0.396E-13
             0.198E+01            -0.236E-13
             0.199E+01            -0.113E-13
             0.200E+01            -0.110E-13
             0.202E+01            -0.987E-14
             0.203E+01            -0.670E-14
             0.204E+01             0.155E-14
             0.205E+01            -0.146E-14
             0.207E+01            -0.103E-14
             0.208E+01            -0.213E-14
             0.209E+01            -0.798E-14
             0.210E+01             0.114E-14
             0.212E+01             0.238E-14
             0.213E+01             0.150E-15
             0.214E+01             0.330E-14
             0.215E+01             0.429E-14
             0.217E+01             0.896E-14
             0.218E+01             0.125E-13
             0.219E+01             0.136E-13
             0.220E+01             0.311E-14
             0.222E+01             0.476E-14
             0.223E+01             0.750E-14
             0.224E+01             0.640E-14
             0.225E+01             0.484E-14
             0.227E+01             0.351E-14
             0.228E+01             0.543E-14
             0.229E+01             0.306E-14
             0.230E+01             0.741E-14
             0.232E+01             0.868E-14
             0.233E+01             0.720E-14
             0.234E+01             0.592E-14
             0.235E+01            -0.102E-15
             0.237E+01             0.239E-14
             0.238E+01             0.286E-14
             0.239E+01             0.344E-14
             0.240E+01            -0.167E-14
             0.242E+01            -0.125E-14
             0.243E+01            -0.165E-14
             0.244E+01            -0.157E-14
             0.245E+01             0.463E-14
             0.247E+01             0.664E-14
             0.248E+01             0.646E-14
             0.249E+01             0.581E-14
             0.250E+01             0.508E-14
             0.252E+01             0.213E-14
             0.253E+01            -0.208E-14
             0.254E+01             0.298E-14
             0.255E+01             0.443E-14
             0.257E+01             0.771E-16
             0.258E+01            -0.463E-14
             0.259E+01            -0.588E-15
             0.260E+01             0.455E-14
             0.262E+01             0.157E-14
             0.263E+01             0.686E-14
             0.264E+01             0.228E-14
             0.265E+01             0.455E-14
             0.267E+01            -0.142E-14
             0.268E+01            -0.685E-14
             0.269E+01            -0.307E-14
             0.270E+01            -0.394E-14
             0.272E+01             0.406E-15
             0.273E+01            -0.467E-14
             0.274E+01            -0.244E-14
             0.275E+01            -0.444E-15
             0.277E+01            -0.445E-14
             0.278E+01             0.208E-15
             0.279E+01            -0.431E-14
             0.280E+01            -0.108E-13
             0.282E+01            -0.342E-14
             0.283E+01            -0.530E-14
             0.284E+01            -0.328E-14
             0.285E+01             0.228E-14
             0.287E+01             0.836E-15
             0.288E+01             0.591E-14
             0.289E+01            -0.832E-15
             0.290E+01             0.343E-14
             0.292E+01             0.781E-15
             0.293E+01             0.160E-14
             0.294E+01             0.389E-14
             0.295E+01            -0.181E-15
             0.297E+01             0.288E-14
             0.298E+01             0.284E-14
             0.299E+01             0.382E-14
             0.300E+01            -0.852E-15
             0.302E+01             0.297E-14
             0.303E+01             0.187E-15
             0.304E+01            -0.215E-14
             0.305E+01            -0.782E-15
             0.307E+01            -0.227E-14
             0.308E+01            -0.419E-14
             0.309E+01            -0.843E-14
             0.310E+01            -0.792E-14
             0.312E+01            -0.699E-14
             0.313E+01            -0.250E-14
             0.314E+01            -0.294E-14
             0.315E+01             0.254E-14
             0.317E+01             0.349E-14
             0.318E+01             0.313E-14
             0.319E+01             0.425E-14
             0.320E+01            -0.136E-14
             0.322E+01             0.565E-14
             0.323E+01             0.204E-14
             0.324E+01             0.161E-14
             0.325E+01            -0.213E-15
             0.327E+01            -0.109E-14
             0.328E+01             0.131E-14
             0.329E+01            -0.166E-15
             0.330E+01             0.102E-15
             0.332E+01            -0.404E-14
             0.333E+01             0.193E-14
             0.334E+01             0.419E-14
             0.335E+01             0.319E-14
             0.337E+01            -0.392E-15
             0.338E+01            -0.237E-14
             0.339E+01            -0.193E-14
             0.340E+01            -0.111E-14
             0.342E+01            -0.240E-14
             0.343E+01            -0.235E-14
             0.344E+01            -0.229E-14
             0.345E+01            -0.546E-15
             0.347E+01            -0.120E-14
             0.348E+01             0.235E-14
             0.349E+01            -0.936E-15
             0.350E+01             0.136E-14
             0.352E+01             0.832E-16
             0.353E+01             0.132E-14
             0.354E+01             0.377E-14
             0.355E+01             0.198E-14
             0.357E+01             0.245E-14
             0.358E+01             0.443E-14
             0.359E+01             0.472E-14
             0.360E+01             0.973E-15
             0.362E+01             0.686E-15
             0.363E+01            -0.843E-15
             0.364E+01            -0.370E-14
             0.365E+01            -0.180E-14
             0.367E+01            -0.513E-14
             0.368E+01            -0.174E-14
             0.369E+01            -0.467E-15
             0.370E+01             0.386E-14
             0.372E+01             0.266E-14
             0.373E+01             0.250E-15
             0.374E+01            -0.183E-14
             0.375E+01             0.473E-15
             0.377E+01            -0.552E-15
             0.378E+01            -0.191E-14
             0.379E+01            -0.108E-14
             0.380E+01             0.168E-14
             0.382E+01             0.381E-14
             0.383E+01             0.153E-14
             0.384E+01            -0.125E-14
             0.385E+01             0.280E-14
             0.387E+01             0.108E-14
             0.388E+01            -0.486E-15
             0.389E+01            -0.314E-14
             0.390E+01            -0.319E-14
             0.392E+01            -0.416E-14
             0.393E+01            -0.224E-14
             0.394E+01            -0.801E-15
             0.395E+01            -0.118E-14
             0.397E+01             0.108E-14
             0.398E+01             0.605E-15
             0.399E+01             0.335E-14
             0.400E+01            -0.284E-15
             0.402E+01            -0.143E-15
             0.403E+01            -0.188E-14
             0.404E+01            -0.203E-14
             0.405E+01            -0.242E-14
             0.407E+01            -0.632E-14
             0.408E+01            -0.339E-14
             0.409E+01            -0.253E-14
             0.410E+01            -0.211E-14
             0.412E+01            -0.103E-14
             0.413E+01             0.718E-15
             0.414E+01             0.249E-14
             0.415E+01            -0.333E-15
             0.417E+01             0.892E-16
             0.418E+01             0.274E-15
             0.419E+01            -0.913E-15
             0.420E+01            -0.261E-14
             0.422E+01            -0.158E-14
             0.423E+01            -0.209E-14
             0.424E+01            -0.271E-15
             0.425E+01             0.815E-15
             0.427E+01             0.231E-14
             0.428E+01             0.167E-14
             0.429E+01             0.118E-14
             0.430E+01            -0.561E-15
             0.432E+01            -0.214E-14
             0.433E+01             0.106E-14
             0.434E+01             0.105E-14
             0.435E+01             0.280E-14
             0.437E+01             0.104E-14
             0.438E+01             0.393E-14
             0.439E+01            -0.143E-14
             0.440E+01             0.120E-14
             0.442E+01             0.486E-15
             0.443E+01             0.298E-14
             0.444E+01             0.173E-14
             0.445E+01             0.126E-14
             0.447E+01            -0.803E-16
             0.448E+01            -0.491E-16
             0.449E+01             0.125E-14
             0.450E+01            -0.312E-15
             0.452E+01            -0.922E-15
             0.453E+01            -0.264E-14
             0.454E+01            -0.138E-14
             0.455E+01             0.468E-15
             0.457E+01             0.357E-16
             0.458E+01            -0.976E-15
             0.459E+01             0.442E-15
             0.460E+01             0.992E-15
             0.462E+01            -0.157E-14
             0.463E+01             0.261E-14
             0.464E+01             0.114E-14
             0.465E+01            -0.521E-15
             0.467E+01             0.674E-15
             0.468E+01             0.483E-15
             0.469E+01             0.297E-14
             0.470E+01            -0.780E-15
             0.472E+01             0.164E-15
             0.473E+01            -0.240E-15
             0.474E+01             0.506E-15
             0.475E+01            -0.113E-14
             0.477E+01            -0.159E-14
             0.478E+01            -0.144E-14
             0.479E+01            -0.864E-15
             0.480E+01             0.211E-15
             0.482E+01             0.121E-14
             0.483E+01             0.560E-15
             0.484E+01            -0.101E-14
             0.485E+01            -0.129E-15
             0.487E+01            -0.141E-14
             0.488E+01             0.231E-14
             0.489E+01             0.519E-15
             0.490E+01             0.103E-14
             0.492E+01             0.451E-15
             0.493E+01             0.683E-16
             0.494E+01             0.807E-15
             0.495E+01            -0.453E-15
             0.497E+01             0.727E-16
             0.498E+01             0.675E-15
             0.499E+01            -0.381E-14
             0.500E+01            -0.842E-15
             0.502E+01            -0.116E-14
             0.503E+01             0.660E-15
             0.504E+01            -0.122E-14
             0.505E+01            -0.129E-14
             0.507E+01            -0.164E-14
             0.508E+01            -0.318E-16
             0.509E+01             0.104E-14
             0.510E+01             0.205E-14
             0.512E+01            -0.218E-15
             0.513E+01            -0.129E-15
             0.514E+01             0.375E-15
             0.515E+01            -0.123E-14
             0.517E+01            -0.170E-14
             0.518E+01             0.467E-15
             0.519E+01            -0.991E-15
             0.520E+01             0.179E-14
             0.522E+01             0.134E-14
             0.523E+01             0.451E-15
             0.524E+01             0.174E-14
             0.525E+01             0.993E-16
             0.527E+01            -0.203E-15
             0.528E+01            -0.210E-14
             0.529E+01             0.275E-15
             0.530E+01            -0.228E-15
             0.532E+01             0.148E-14
             0.533E+01             0.581E-15
             0.534E+01             0.718E-15
             0.535E+01             0.161E-14
             0.537E+01            -0.244E-15
             0.538E+01            -0.101E-14
             0.539E+01             0.113E-14
             0.540E+01            -0.437E-15
             0.542E+01             0.166E-14
             0.543E+01             0.257E-15
             0.544E+01             0.196E-14
             0.545E+01            -0.327E-15
             0.547E+01            -0.141E-14
             0.548E+01            -0.388E-15
             0.549E+01             0.724E-15
             0.550E+01             0.542E-15
             0.552E+01             0.153E-14
             0.553E+01             0.980E-15
             0.554E+01             0.215E-14
             0.555E+01             0.923E-15
             0.557E+01            -0.233E-16
             0.558E+01             0.270E-15
             0.559E+01             0.344E-15
             0.560E+01            -0.593E-15
             0.562E+01            -0.840E-15
             0.563E+01             0.512E-15
             0.564E+01             0.300E-15
             0.565E+01            -0.107E-14
             0.567E+01             0.110E-14
             0.568E+01             0.125E-15
             0.569E+01             0.292E-15
             0.570E+01            -0.598E-15
             0.572E+01             0.253E-15
             0.573E+01            -0.248E-15
             0.574E+01             0.270E-15
             0.575E+01            -0.392E-16
             0.577E+01            -0.388E-15
             0.578E+01             0.826E-15
             0.579E+01            -0.210E-15
             0.580E+01            -0.111E-14
             0.582E+01            -0.922E-15
             0.583E+01            -0.142E-14
             0.584E+01            -0.105E-14
             0.585E+01            -0.170E-15
             0.587E+01            -0.755E-17
             0.588E+01            -0.388E-15
             0.589E+01             0.948E-15
             0.590E+01            -0.824E-15
             0.592E+01            -0.881E-15
             0.593E+01            -0.286E-15
             0.594E+01            -0.997E-15
             0.595E+01            -0.106E-14
             0.597E+01             0.419E-15
             0.598E+01            -0.738E-15
             0.599E+01             0.821E-15
             0.600E+01            -0.364E-15
             0.601E+01            -0.844E-15
             0.603E+01            -0.106E-14
             0.604E+01            -0.696E-15
             0.605E+01             0.227E-15
             0.606E+01             0.627E-15
             0.608E+01             0.748E-15
             0.609E+01             0.374E-15
             0.610E+01            -0.146E-15
             0.611E+01             0.239E-15
             0.613E+01             0.510E-15
             0.614E+01            -0.656E-15
             0.615E+01            -0.177E-15
             0.616E+01            -0.206E-15
             0.618E+01            -0.102E-15
             0.619E+01             0.201E-14
             0.620E+01             0.201E-15
             0.621E+01            -0.161E-16
             0.623E+01            -0.883E-15
             0.624E+01            -0.235E-15
             0.625E+01            -0.400E-15
             0.626E+01            -0.207E-15
             0.628E+01            -0.113E-14
             0.629E+01             0.509E-15
             0.630E+01            -0.175E-15
             0.631E+01            -0.233E-15
             0.633E+01            -0.247E-15
             0.634E+01             0.237E-15
             0.635E+01             0.160E-14
             0.636E+01             0.913E-15
             0.638E+01             0.915E-15
             0.639E+01             0.623E-15
             0.640E+01             0.777E-15
             0.641E+01             0.569E-16
             0.643E+01            -0.175E-14
             0.644E+01             0.763E-15
             0.645E+01             0.834E-15
             0.646E+01             0.873E-15
             0.648E+01             0.102E-14
             0.649E+01            -0.547E-16
             0.650E+01            -0.108E-14
             0.651E+01            -0.469E-15
             0.653E+01            -0.416E-15
             0.654E+01            -0.965E-15
             0.655E+01            -0.108E-14
             0.656E+01            -0.716E-15
             0.658E+01             0.122E-14
             0.659E+01            -0.309E-15
             0.660E+01             0.337E-15
             0.661E+01            -0.614E-15
             0.663E+01             0.336E-15
             0.664E+01             0.155E-15
             0.665E+01            -0.451E-15
             0.666E+01             0.316E-15
             0.668E+01            -0.129E-14
             0.669E+01             0.101E-15
             0.670E+01            -0.567E-15
             0.671E+01             0.146E-14
             0.673E+01            -0.333E-15
             0.674E+01            -0.108E-14
             0.675E+01            -0.164E-14
             0.676E+01            -0.145E-14
             0.678E+01            -0.834E-15
             0.679E+01             0.455E-15
             0.680E+01            -0.101E-14
             0.681E+01            -0.419E-15
             0.683E+01            -0.156E-14
             0.684E+01             0.635E-17
             0.685E+01             0.866E-15
             0.686E+01            -0.147E-14
             0.688E+01            -0.969E-15
             0.689E+01             0.624E-16
             0.690E+01             0.106E-14
             0.691E+01             0.119E-15
             0.693E+01             0.395E-15
             0.694E+01             0.612E-15
             0.695E+01            -0.169E-14
             0.696E+01             0.186E-14
             0.698E+01            -0.119E-16
             0.699E+01             0.568E-15
             0.700E+01            -0.163E-15
             0.701E+01            -0.147E-15
             0.703E+01             0.356E-16
             0.704E+01             0.266E-15
             0.705E+01             0.529E-15
             0.706E+01            -0.168E-14
             0.708E+01             0.954E-15
             0.709E+01            -0.209E-14
             0.710E+01             0.249E-14
             0.711E+01            -0.935E-15
             0.713E+01             0.103E-14
             0.714E+01            -0.257E-14
             0.715E+01             0.159E-14
             0.716E+01             0.312E-15
             0.718E+01             0.842E-15
             0.719E+01             0.392E-15
             0.720E+01            -0.104E-14
             0.721E+01            -0.563E-16
             0.723E+01             0.107E-14
             0.724E+01             0.345E-15
             0.725E+01             0.630E-15
             0.726E+01            -0.760E-15
             0.728E+01             0.227E-15
             0.729E+01            -0.120E-14
             0.730E+01             0.358E-15
             0.731E+01             0.182E-15
             0.733E+01            -0.279E-15
             0.734E+01             0.656E-15
             0.735E+01             0.650E-16
             0.736E+01             0.461E-16
             0.738E+01            -0.346E-15
             0.739E+01             0.603E-15
             0.740E+01            -0.120E-14
             0.741E+01            -0.280E-15
             0.743E+01             0.410E-15
             0.744E+01            -0.165E-14
             0.745E+01             0.160E-14
             0.746E+01            -0.548E-15
             0.748E+01            -0.940E-15
             0.749E+01             0.216E-14
             0.750E+01            -0.274E-14
             0.751E+01             0.244E-15
             0.753E+01            -0.107E-14
             0.754E+01             0.893E-15
             0.755E+01            -0.427E-14
             0.756E+01             0.161E-14
             0.758E+01            -0.775E-15
             0.759E+01            -0.783E-15
             0.760E+01             0.259E-14
             0.761E+01            -0.193E-14
             0.763E+01             0.309E-14
             0.764E+01            -0.898E-15
             0.765E+01             0.838E-15
             0.766E+01            -0.181E-15
             0.768E+01             0.138E-14
             0.769E+01             0.657E-15
             0.770E+01             0.352E-15
             0.771E+01            -0.117E-14
             0.773E+01            -0.118E-14
             0.774E+01            -0.370E-15
             0.775E+01            -0.259E-14
             0.776E+01             0.993E-15
             0.778E+01            -0.143E-14
             0.779E+01             0.186E-15
             0.780E+01            -0.196E-14
             0.781E+01             0.183E-14
             0.783E+01            -0.151E-14
             0.784E+01            -0.585E-15
             0.785E+01             0.117E-14
             0.786E+01            -0.187E-15
             0.788E+01            -0.253E-14
             0.789E+01             0.198E-14
             0.790E+01            -0.666E-15
             0.791E+01            -0.516E-15
             0.793E+01            -0.280E-14
             0.794E+01             0.243E-15
             0.795E+01            -0.247E-14
             0.796E+01             0.157E-14
             0.798E+01            -0.206E-14
             0.799E+01             0.630E-15
             0.800E+01            -0.709E-15
             0.801E+01             0.387E-15
             0.803E+01            -0.686E-15
             0.804E+01            -0.261E-15
             0.805E+01             0.975E-15
             0.806E+01            -0.212E-15
             0.808E+01            -0.242E-14
             0.809E+01             0.397E-14
             0.810E+01            -0.541E-15
             0.811E+01             0.188E-14
             0.813E+01            -0.111E-14
             0.814E+01            -0.841E-15
             0.815E+01            -0.450E-15
             0.816E+01             0.916E-15
             0.818E+01             0.678E-15
             0.819E+01            -0.314E-15
             0.820E+01             0.122E-14
             0.821E+01             0.364E-15
             0.823E+01            -0.853E-15
             0.824E+01            -0.812E-16
             0.825E+01            -0.114E-14
             0.826E+01             0.140E-14
             0.828E+01            -0.169E-14
             0.829E+01             0.295E-15
             0.830E+01            -0.377E-15
             0.831E+01             0.364E-15
             0.833E+01             0.259E-15
             0.834E+01             0.784E-15
             0.835E+01             0.174E-14
             0.836E+01            -0.151E-14
             0.838E+01             0.923E-16
             0.839E+01             0.175E-14
             0.840E+01            -0.378E-14
             0.841E+01             0.171E-14
             0.843E+01             0.358E-14
             0.844E+01            -0.319E-14
             0.845E+01            -0.238E-15
             0.846E+01             0.446E-15
             0.848E+01             0.706E-15
             0.849E+01            -0.261E-15
             0.850E+01             0.640E-15
             0.851E+01             0.824E-15
             0.853E+01             0.157E-14
             0.854E+01            -0.263E-14
             0.855E+01             0.273E-15
             0.856E+01            -0.127E-14
             0.858E+01            -0.340E-15
             0.859E+01            -0.970E-15
             0.860E+01            -0.390E-15
             0.861E+01             0.496E-15
             0.863E+01            -0.209E-14
             0.864E+01            -0.687E-15
             0.865E+01             0.380E-14
             0.866E+01            -0.241E-14
             0.868E+01            -0.832E-15
             0.869E+01             0.293E-14
             0.870E+01            -0.135E-14
             0.871E+01             0.165E-15
             0.873E+01             0.836E-15
             0.874E+01            -0.174E-14
             0.875E+01            -0.505E-15
             0.876E+01             0.224E-14
             0.878E+01             0.700E-15
             0.879E+01            -0.163E-14
             0.880E+01             0.141E-14
             0.881E+01             0.204E-15
             0.883E+01            -0.133E-14
             0.884E+01            -0.545E-15
             0.885E+01            -0.102E-14
             0.886E+01            -0.109E-14
             0.888E+01             0.159E-15
             0.889E+01            -0.107E-14
             0.890E+01            -0.204E-15
             0.891E+01             0.631E-15
             0.893E+01             0.628E-15
             0.894E+01            -0.969E-15
             0.895E+01             0.613E-15
             0.896E+01             0.585E-15
             0.898E+01            -0.733E-15
             0.899E+01            -0.993E-15
             0.900E+01             0.249E-15
             0.901E+01            -0.164E-14
             0.903E+01            -0.134E-14
             0.904E+01             0.692E-15
             0.905E+01            -0.400E-15
             0.906E+01            -0.131E-14
             0.908E+01             0.379E-15
             0.909E+01             0.405E-15
             0.910E+01            -0.843E-16
             0.911E+01            -0.859E-15
             0.913E+01            -0.200E-15
             0.914E+01             0.144E-14
             0.915E+01             0.803E-15
             0.916E+01             0.773E-15
             0.918E+01            -0.208E-15
             0.919E+01            -0.764E-15
             0.920E+01             0.113E-14
             0.921E+01             0.120E-14
             0.923E+01            -0.297E-15
             0.924E+01            -0.602E-15
             0.925E+01            -0.140E-16
             0.926E+01             0.230E-14
             0.928E+01             0.218E-14
             0.929E+01            -0.147E-15
             0.930E+01            -0.149E-14
             0.931E+01             0.554E-15
             0.933E+01             0.179E-14
             0.934E+01            -0.135E-14
             0.935E+01            -0.496E-15
             0.936E+01             0.142E-14
             0.938E+01            -0.690E-15
             0.939E+01            -0.146E-14
             0.940E+01            -0.566E-15
             0.941E+01             0.167E-14
             0.943E+01             0.123E-15
             0.944E+01            -0.946E-15
             0.945E+01             0.101E-14
             0.946E+01             0.867E-15
             0.948E+01            -0.545E-15
             0.949E+01            -0.759E-15
             0.950E+01            -0.976E-15
             0.951E+01            -0.157E-14
             0.953E+01            -0.654E-15
             0.954E+01            -0.731E-15
             0.955E+01            -0.423E-15
             0.956E+01            -0.535E-15
             0.958E+01            -0.159E-14
             0.959E+01            -0.647E-15
             0.960E+01             0.321E-14
             0.961E+01             0.141E-14
             0.963E+01            -0.846E-15
             0.964E+01             0.606E-16
             0.965E+01             0.132E-14
             0.966E+01             0.141E-14
             0.968E+01            -0.361E-16
             0.969E+01            -0.150E-14
             0.970E+01             0.196E-15
             0.971E+01             0.196E-14
             0.973E+01            -0.314E-15
             0.974E+01            -0.559E-15
             0.975E+01            -0.571E-15
             0.976E+01             0.142E-14
             0.978E+01             0.753E-15
             0.979E+01            -0.802E-15
             0.980E+01             0.173E-14
             0.981E+01            -0.427E-15
             0.983E+01             0.117E-14
             0.984E+01             0.947E-15
             0.985E+01            -0.548E-15
             0.986E+01            -0.179E-14
             0.988E+01             0.623E-15
             0.989E+01             0.253E-14
             0.990E+01             0.206E-15
             0.991E+01            -0.144E-14
             0.993E+01            -0.718E-17
             0.994E+01             0.228E-15
             0.995E+01             0.613E-15
             0.996E+01            -0.153E-14
             0.998E+01            -0.749E-15
             0.999E+01            -0.247E-15
             0.100E+02            -0.196E-14
