            -0.499E+01            -0.967E-30
            -0.499E+01            -0.854E-30
            -0.498E+01             0.502E-31
            -0.497E+01             0.768E-30
            -0.497E+01            -0.921E-31
            -0.496E+01             0.117E-30
            -0.495E+01             0.227E-30
            -0.495E+01             0.198E-31
            -0.494E+01             0.334E-30
            -0.493E+01            -0.264E-30
            -0.492E+01            -0.610E-30
            -0.492E+01             0.451E-32
            -0.491E+01             0.119E-30
            -0.490E+01            -0.543E-30
            -0.490E+01            -0.130E-29
            -0.489E+01            -0.328E-30
            -0.488E+01             0.240E-30
            -0.488E+01             0.180E-30
            -0.487E+01            -0.325E-30
            -0.486E+01            -0.375E-30
            -0.486E+01            -0.710E-30
            -0.485E+01             0.208E-30
            -0.484E+01             0.491E-30
            -0.484E+01             0.127E-30
            -0.483E+01             0.158E-30
            -0.482E+01             0.473E-30
            -0.482E+01             0.371E-30
            -0.481E+01             0.468E-30
            -0.480E+01             0.530E-30
            -0.479E+01             0.110E-29
            -0.479E+01             0.698E-31
            -0.478E+01            -0.144E-30
            -0.477E+01            -0.743E-31
            -0.477E+01            -0.337E-30
            -0.476E+01             0.473E-30
            -0.475E+01            -0.631E-30
            -0.475E+01             0.103E-30
            -0.474E+01             0.359E-30
            -0.473E+01            -0.288E-30
            -0.473E+01            -0.440E-30
            -0.472E+01             0.321E-30
            -0.471E+01             0.846E-30
            -0.471E+01             0.361E-30
            -0.470E+01             0.519E-30
            -0.469E+01            -0.577E-30
            -0.469E+01             0.110E-30
            -0.468E+01             0.507E-31
            -0.467E+01            -0.652E-30
            -0.466E+01            -0.342E-30
            -0.466E+01            -0.451E-30
            -0.465E+01            -0.144E-30
            -0.464E+01            -0.739E-31
            -0.464E+01             0.326E-30
            -0.463E+01             0.186E-30
            -0.462E+01            -0.560E-30
            -0.462E+01            -0.330E-30
            -0.461E+01             0.197E-30
            -0.460E+01             0.458E-31
            -0.460E+01            -0.495E-30
            -0.459E+01             0.146E-30
            -0.458E+01             0.442E-30
            -0.458E+01             0.550E-30
            -0.457E+01             0.184E-30
            -0.456E+01            -0.432E-30
            -0.456E+01            -0.231E-31
            -0.455E+01             0.455E-31
            -0.454E+01            -0.254E-30
            -0.453E+01            -0.433E-30
            -0.453E+01             0.418E-30
            -0.452E+01             0.279E-30
            -0.451E+01             0.473E-30
            -0.451E+01             0.536E-30
            -0.450E+01             0.825E-30
            -0.449E+01             0.222E-30
            -0.449E+01            -0.329E-31
            -0.448E+01            -0.453E-31
            -0.447E+01            -0.896E-31
            -0.447E+01             0.937E-32
            -0.446E+01            -0.266E-30
            -0.445E+01            -0.229E-30
            -0.445E+01            -0.422E-31
            -0.444E+01            -0.520E-31
            -0.443E+01            -0.242E-30
            -0.443E+01            -0.168E-30
            -0.442E+01            -0.485E-30
            -0.441E+01             0.377E-30
            -0.440E+01             0.293E-32
            -0.440E+01             0.482E-30
            -0.439E+01            -0.425E-31
            -0.438E+01            -0.150E-31
            -0.438E+01             0.234E-30
            -0.437E+01             0.722E-31
            -0.436E+01            -0.116E-30
            -0.436E+01            -0.783E-30
            -0.435E+01             0.376E-30
            -0.434E+01            -0.877E-32
            -0.434E+01             0.868E-31
            -0.433E+01            -0.126E-29
            -0.432E+01             0.368E-30
            -0.432E+01             0.368E-30
            -0.431E+01             0.714E-30
            -0.430E+01            -0.207E-30
            -0.430E+01            -0.107E-29
            -0.429E+01            -0.386E-30
            -0.428E+01             0.141E-30
            -0.427E+01            -0.157E-30
            -0.427E+01            -0.689E-30
            -0.426E+01             0.533E-31
            -0.425E+01            -0.121E-30
            -0.425E+01            -0.604E-31
            -0.424E+01            -0.583E-31
            -0.423E+01             0.382E-30
            -0.423E+01            -0.457E-30
            -0.422E+01             0.864E-30
            -0.421E+01            -0.261E-30
            -0.421E+01             0.488E-31
            -0.420E+01            -0.448E-30
            -0.419E+01            -0.971E-31
            -0.419E+01             0.591E-30
            -0.418E+01             0.154E-30
            -0.417E+01            -0.374E-30
            -0.416E+01            -0.360E-30
            -0.416E+01            -0.803E-30
            -0.415E+01            -0.450E-32
            -0.414E+01            -0.157E-31
            -0.414E+01            -0.852E-31
            -0.413E+01            -0.303E-31
            -0.412E+01             0.139E-30
            -0.412E+01            -0.737E-31
            -0.411E+01            -0.491E-31
            -0.410E+01             0.184E-30
            -0.410E+01             0.247E-30
            -0.409E+01             0.217E-31
            -0.408E+01             0.917E-31
            -0.408E+01            -0.249E-31
            -0.407E+01            -0.163E-30
            -0.406E+01             0.604E-30
            -0.406E+01            -0.618E-30
            -0.405E+01            -0.472E-30
            -0.404E+01             0.231E-30
            -0.403E+01             0.184E-30
            -0.403E+01             0.202E-30
            -0.402E+01            -0.410E-30
            -0.401E+01            -0.273E-30
            -0.401E+01             0.537E-30
            -0.400E+01            -0.858E-31
            -0.399E+01             0.394E-31
            -0.399E+01             0.243E-30
            -0.398E+01             0.569E-30
            -0.397E+01             0.114E-29
            -0.397E+01             0.156E-30
            -0.396E+01            -0.194E-30
            -0.395E+01             0.189E-30
            -0.395E+01             0.378E-30
            -0.394E+01             0.115E-30
            -0.393E+01            -0.181E-30
            -0.393E+01            -0.310E-31
            -0.392E+01             0.274E-30
            -0.391E+01            -0.604E-30
            -0.390E+01             0.316E-30
            -0.390E+01             0.109E-29
            -0.389E+01             0.499E-30
            -0.388E+01            -0.267E-31
            -0.388E+01            -0.380E-30
            -0.387E+01            -0.193E-30
            -0.386E+01             0.598E-30
            -0.386E+01             0.159E-30
            -0.385E+01            -0.316E-30
            -0.384E+01             0.476E-30
            -0.384E+01             0.469E-30
            -0.383E+01            -0.297E-30
            -0.382E+01             0.174E-30
            -0.382E+01             0.908E-31
            -0.381E+01            -0.388E-30
            -0.380E+01            -0.596E-30
            -0.380E+01            -0.656E-30
            -0.379E+01             0.692E-30
            -0.378E+01             0.347E-30
            -0.377E+01             0.526E-30
            -0.377E+01             0.870E-31
            -0.376E+01            -0.501E-31
            -0.375E+01            -0.145E-31
            -0.375E+01             0.385E-30
            -0.374E+01             0.643E-32
            -0.373E+01            -0.237E-30
            -0.373E+01             0.186E-30
            -0.372E+01             0.229E-30
            -0.371E+01            -0.331E-30
            -0.371E+01             0.399E-30
            -0.370E+01            -0.454E-31
            -0.369E+01             0.492E-31
            -0.369E+01             0.872E-30
            -0.368E+01             0.119E-29
            -0.367E+01             0.245E-30
            -0.367E+01             0.371E-30
            -0.366E+01            -0.587E-30
            -0.365E+01            -0.131E-30
            -0.364E+01            -0.275E-30
            -0.364E+01            -0.201E-30
            -0.363E+01            -0.451E-30
            -0.362E+01            -0.594E-31
            -0.362E+01             0.241E-30
            -0.361E+01            -0.198E-30
            -0.360E+01            -0.874E-30
            -0.360E+01             0.174E-30
            -0.359E+01             0.274E-30
            -0.358E+01            -0.157E-30
            -0.358E+01             0.111E-30
            -0.357E+01             0.179E-30
            -0.356E+01             0.389E-30
            -0.356E+01            -0.576E-30
            -0.355E+01             0.705E-31
            -0.354E+01             0.207E-30
            -0.354E+01             0.222E-30
            -0.353E+01            -0.714E-31
            -0.352E+01            -0.160E-30
            -0.351E+01             0.681E-30
            -0.351E+01             0.118E-30
            -0.350E+01            -0.342E-30
            -0.349E+01            -0.400E-30
            -0.349E+01             0.823E-31
            -0.348E+01             0.237E-30
            -0.347E+01             0.437E-30
            -0.347E+01             0.174E-30
            -0.346E+01             0.364E-30
            -0.345E+01            -0.208E-30
            -0.345E+01            -0.337E-30
            -0.344E+01             0.123E-31
            -0.343E+01            -0.180E-30
            -0.343E+01             0.415E-31
            -0.342E+01            -0.241E-30
            -0.341E+01            -0.167E-30
            -0.341E+01             0.172E-30
            -0.340E+01            -0.280E-30
            -0.339E+01            -0.132E-30
            -0.338E+01             0.303E-30
            -0.338E+01             0.163E-31
            -0.337E+01            -0.106E-30
            -0.336E+01            -0.676E-30
            -0.336E+01            -0.458E-31
            -0.335E+01             0.262E-31
            -0.334E+01             0.192E-30
            -0.334E+01            -0.104E-30
            -0.333E+01            -0.922E-31
            -0.332E+01            -0.645E-30
            -0.332E+01             0.392E-30
            -0.331E+01            -0.244E-30
            -0.330E+01             0.476E-30
            -0.330E+01            -0.167E-30
            -0.329E+01            -0.290E-30
            -0.328E+01             0.679E-30
            -0.328E+01             0.106E-29
            -0.327E+01            -0.107E-30
            -0.326E+01            -0.280E-30
            -0.325E+01            -0.368E-30
            -0.325E+01             0.180E-30
            -0.324E+01            -0.140E-30
            -0.323E+01            -0.255E-30
            -0.323E+01             0.462E-30
            -0.322E+01             0.337E-31
            -0.321E+01            -0.500E-30
            -0.321E+01            -0.324E-30
            -0.320E+01            -0.395E-31
            -0.319E+01            -0.486E-30
            -0.319E+01            -0.494E-31
            -0.318E+01             0.228E-30
            -0.317E+01             0.164E-30
            -0.317E+01             0.638E-31
            -0.316E+01            -0.457E-31
            -0.315E+01             0.688E-30
            -0.315E+01             0.116E-29
            -0.314E+01             0.620E-30
            -0.313E+01            -0.623E-30
            -0.312E+01            -0.275E-30
            -0.312E+01            -0.377E-30
            -0.311E+01            -0.207E-30
            -0.310E+01            -0.212E-30
            -0.310E+01             0.103E-30
            -0.309E+01            -0.546E-30
            -0.308E+01            -0.230E-30
            -0.308E+01             0.487E-30
            -0.307E+01            -0.190E-31
            -0.306E+01            -0.115E-30
            -0.306E+01            -0.361E-30
            -0.305E+01             0.361E-30
            -0.304E+01             0.413E-30
            -0.304E+01            -0.568E-30
            -0.303E+01            -0.254E-30
            -0.302E+01            -0.175E-31
            -0.302E+01             0.192E-30
            -0.301E+01            -0.300E-30
            -0.300E+01            -0.149E-30
            -0.299E+01            -0.203E-30
            -0.299E+01             0.563E-30
            -0.298E+01             0.102E-30
            -0.297E+01             0.403E-30
            -0.297E+01            -0.218E-31
            -0.296E+01            -0.124E-30
            -0.295E+01             0.315E-30
            -0.295E+01            -0.260E-30
            -0.294E+01             0.241E-30
            -0.293E+01            -0.494E-30
            -0.293E+01            -0.232E-30
            -0.292E+01             0.435E-30
            -0.291E+01            -0.143E-30
            -0.291E+01            -0.276E-30
            -0.290E+01             0.630E-31
            -0.289E+01            -0.400E-30
            -0.289E+01            -0.258E-30
            -0.288E+01            -0.769E-30
            -0.287E+01             0.793E-30
            -0.286E+01             0.207E-30
            -0.286E+01            -0.389E-30
            -0.285E+01            -0.209E-30
            -0.284E+01            -0.298E-30
            -0.284E+01            -0.525E-30
            -0.283E+01            -0.608E-30
            -0.282E+01             0.418E-30
            -0.282E+01             0.934E-30
            -0.281E+01            -0.551E-30
            -0.280E+01             0.151E-30
            -0.280E+01            -0.138E-31
            -0.279E+01            -0.804E-30
            -0.278E+01            -0.578E-30
            -0.278E+01             0.133E-30
            -0.277E+01            -0.525E-31
            -0.276E+01            -0.643E-30
            -0.275E+01            -0.974E-30
            -0.275E+01            -0.793E-30
            -0.274E+01            -0.981E-32
            -0.273E+01            -0.355E-30
            -0.273E+01            -0.141E-29
            -0.272E+01            -0.338E-29
            -0.271E+01            -0.345E-29
            -0.271E+01            -0.550E-29
            -0.270E+01            -0.736E-29
            -0.269E+01            -0.102E-28
            -0.269E+01            -0.141E-28
            -0.268E+01            -0.213E-28
            -0.267E+01            -0.298E-28
            -0.267E+01            -0.423E-28
            -0.266E+01            -0.606E-28
            -0.265E+01            -0.870E-28
            -0.265E+01            -0.125E-27
            -0.264E+01            -0.178E-27
            -0.263E+01            -0.254E-27
            -0.262E+01            -0.362E-27
            -0.262E+01            -0.512E-27
            -0.261E+01            -0.728E-27
            -0.260E+01            -0.103E-26
            -0.260E+01            -0.147E-26
            -0.259E+01            -0.208E-26
            -0.258E+01            -0.294E-26
            -0.258E+01            -0.416E-26
            -0.257E+01            -0.588E-26
            -0.256E+01            -0.830E-26
            -0.256E+01            -0.117E-25
            -0.255E+01            -0.165E-25
            -0.254E+01            -0.232E-25
            -0.254E+01            -0.327E-25
            -0.253E+01            -0.459E-25
            -0.252E+01            -0.645E-25
            -0.252E+01            -0.904E-25
            -0.251E+01            -0.127E-24
            -0.250E+01            -0.177E-24
            -0.249E+01            -0.248E-24
            -0.249E+01            -0.347E-24
            -0.248E+01            -0.484E-24
            -0.247E+01            -0.675E-24
            -0.247E+01            -0.940E-24
            -0.246E+01            -0.131E-23
            -0.245E+01            -0.182E-23
            -0.245E+01            -0.253E-23
            -0.244E+01            -0.351E-23
            -0.243E+01            -0.487E-23
            -0.243E+01            -0.674E-23
            -0.242E+01            -0.933E-23
            -0.241E+01            -0.129E-22
            -0.241E+01            -0.178E-22
            -0.240E+01            -0.246E-22
            -0.239E+01            -0.339E-22
            -0.239E+01            -0.468E-22
            -0.238E+01            -0.644E-22
            -0.237E+01            -0.885E-22
            -0.236E+01            -0.122E-21
            -0.236E+01            -0.167E-21
            -0.235E+01            -0.229E-21
            -0.234E+01            -0.314E-21
            -0.234E+01            -0.429E-21
            -0.233E+01            -0.587E-21
            -0.232E+01            -0.802E-21
            -0.232E+01            -0.109E-20
            -0.231E+01            -0.149E-20
            -0.230E+01            -0.203E-20
            -0.230E+01            -0.276E-20
            -0.229E+01            -0.376E-20
            -0.228E+01            -0.511E-20
            -0.228E+01            -0.693E-20
            -0.227E+01            -0.940E-20
            -0.226E+01            -0.127E-19
            -0.226E+01            -0.172E-19
            -0.225E+01            -0.233E-19
            -0.224E+01            -0.314E-19
            -0.223E+01            -0.424E-19
            -0.223E+01            -0.572E-19
            -0.222E+01            -0.770E-19
            -0.221E+01            -0.104E-18
            -0.221E+01            -0.139E-18
            -0.220E+01            -0.187E-18
            -0.219E+01            -0.251E-18
            -0.219E+01            -0.337E-18
            -0.218E+01            -0.451E-18
            -0.217E+01            -0.603E-18
            -0.217E+01            -0.806E-18
            -0.216E+01            -0.108E-17
            -0.215E+01            -0.144E-17
            -0.215E+01            -0.191E-17
            -0.214E+01            -0.255E-17
            -0.213E+01            -0.339E-17
            -0.213E+01            -0.451E-17
            -0.212E+01            -0.599E-17
            -0.211E+01            -0.794E-17
            -0.210E+01            -0.105E-16
            -0.210E+01            -0.139E-16
            -0.209E+01            -0.184E-16
            -0.208E+01            -0.244E-16
            -0.208E+01            -0.322E-16
            -0.207E+01            -0.424E-16
            -0.206E+01            -0.559E-16
            -0.206E+01            -0.736E-16
            -0.205E+01            -0.968E-16
            -0.204E+01            -0.127E-15
            -0.204E+01            -0.167E-15
            -0.203E+01            -0.219E-15
            -0.202E+01            -0.287E-15
            -0.202E+01            -0.376E-15
            -0.201E+01            -0.491E-15
            -0.200E+01            -0.642E-15
            -0.200E+01            -0.838E-15
            -0.199E+01            -0.109E-14
            -0.198E+01            -0.142E-14
            -0.197E+01            -0.185E-14
            -0.197E+01            -0.241E-14
            -0.196E+01            -0.313E-14
            -0.195E+01            -0.406E-14
            -0.195E+01            -0.527E-14
            -0.194E+01            -0.682E-14
            -0.193E+01            -0.883E-14
            -0.193E+01            -0.114E-13
            -0.192E+01            -0.148E-13
            -0.191E+01            -0.190E-13
            -0.191E+01            -0.245E-13
            -0.190E+01            -0.316E-13
            -0.189E+01            -0.407E-13
            -0.189E+01            -0.523E-13
            -0.188E+01            -0.672E-13
            -0.187E+01            -0.862E-13
            -0.187E+01            -0.110E-12
            -0.186E+01            -0.141E-12
            -0.185E+01            -0.181E-12
            -0.184E+01            -0.231E-12
            -0.184E+01            -0.295E-12
            -0.183E+01            -0.377E-12
            -0.182E+01            -0.480E-12
            -0.182E+01            -0.611E-12
            -0.181E+01            -0.778E-12
            -0.180E+01            -0.988E-12
            -0.180E+01            -0.126E-11
            -0.179E+01            -0.159E-11
            -0.178E+01            -0.202E-11
            -0.178E+01            -0.255E-11
            -0.177E+01            -0.323E-11
            -0.176E+01            -0.408E-11
            -0.176E+01            -0.515E-11
            -0.175E+01            -0.650E-11
            -0.174E+01            -0.819E-11
            -0.174E+01            -0.103E-10
            -0.173E+01            -0.130E-10
            -0.172E+01            -0.163E-10
            -0.171E+01            -0.204E-10
            -0.171E+01            -0.256E-10
            -0.170E+01            -0.321E-10
            -0.169E+01            -0.402E-10
            -0.169E+01            -0.502E-10
            -0.168E+01            -0.627E-10
            -0.167E+01            -0.782E-10
            -0.167E+01            -0.975E-10
            -0.166E+01            -0.121E-09
            -0.165E+01            -0.151E-09
            -0.165E+01            -0.188E-09
            -0.164E+01            -0.233E-09
            -0.163E+01            -0.289E-09
            -0.163E+01            -0.359E-09
            -0.162E+01            -0.444E-09
            -0.161E+01            -0.549E-09
            -0.161E+01            -0.679E-09
            -0.160E+01            -0.838E-09
            -0.159E+01            -0.103E-08
            -0.158E+01            -0.127E-08
            -0.158E+01            -0.157E-08
            -0.157E+01            -0.193E-08
            -0.156E+01            -0.237E-08
            -0.156E+01            -0.291E-08
            -0.155E+01            -0.357E-08
            -0.154E+01            -0.437E-08
            -0.154E+01            -0.535E-08
            -0.153E+01            -0.654E-08
            -0.152E+01            -0.799E-08
            -0.152E+01            -0.975E-08
            -0.151E+01            -0.119E-07
            -0.150E+01            -0.145E-07
            -0.150E+01            -0.176E-07
            -0.149E+01            -0.214E-07
            -0.148E+01            -0.260E-07
            -0.148E+01            -0.315E-07
            -0.147E+01            -0.382E-07
            -0.146E+01            -0.463E-07
            -0.145E+01            -0.560E-07
            -0.145E+01            -0.676E-07
            -0.144E+01            -0.817E-07
            -0.143E+01            -0.985E-07
            -0.143E+01            -0.119E-06
            -0.142E+01            -0.143E-06
            -0.141E+01            -0.172E-06
            -0.141E+01            -0.206E-06
            -0.140E+01            -0.248E-06
            -0.139E+01            -0.297E-06
            -0.139E+01            -0.356E-06
            -0.138E+01            -0.426E-06
            -0.137E+01            -0.509E-06
            -0.137E+01            -0.608E-06
            -0.136E+01            -0.725E-06
            -0.135E+01            -0.864E-06
            -0.134E+01            -0.103E-05
            -0.134E+01            -0.122E-05
            -0.133E+01            -0.146E-05
            -0.132E+01            -0.173E-05
            -0.132E+01            -0.205E-05
            -0.131E+01            -0.243E-05
            -0.130E+01            -0.287E-05
            -0.130E+01            -0.340E-05
            -0.129E+01            -0.401E-05
            -0.128E+01            -0.474E-05
            -0.128E+01            -0.559E-05
            -0.127E+01            -0.658E-05
            -0.126E+01            -0.774E-05
            -0.126E+01            -0.910E-05
            -0.125E+01            -0.107E-04
            -0.124E+01            -0.125E-04
            -0.124E+01            -0.147E-04
            -0.123E+01            -0.172E-04
            -0.122E+01            -0.201E-04
            -0.121E+01            -0.235E-04
            -0.121E+01            -0.275E-04
            -0.120E+01            -0.320E-04
            -0.119E+01            -0.373E-04
            -0.119E+01            -0.434E-04
            -0.118E+01            -0.505E-04
            -0.117E+01            -0.586E-04
            -0.117E+01            -0.680E-04
            -0.116E+01            -0.789E-04
            -0.115E+01            -0.913E-04
            -0.115E+01            -0.106E-03
            -0.114E+01            -0.122E-03
            -0.113E+01            -0.141E-03
            -0.113E+01            -0.163E-03
            -0.112E+01            -0.187E-03
            -0.111E+01            -0.216E-03
            -0.111E+01            -0.248E-03
            -0.110E+01            -0.285E-03
            -0.109E+01            -0.327E-03
            -0.108E+01            -0.375E-03
            -0.108E+01            -0.429E-03
            -0.107E+01            -0.491E-03
            -0.106E+01            -0.561E-03
            -0.106E+01            -0.640E-03
            -0.105E+01            -0.730E-03
            -0.104E+01            -0.832E-03
            -0.104E+01            -0.947E-03
            -0.103E+01            -0.108E-02
            -0.102E+01            -0.122E-02
            -0.102E+01            -0.139E-02
            -0.101E+01            -0.157E-02
            -0.100E+01            -0.178E-02
            -0.996E+00            -0.201E-02
            -0.989E+00            -0.228E-02
            -0.982E+00            -0.257E-02
            -0.975E+00            -0.290E-02
            -0.969E+00            -0.326E-02
            -0.962E+00            -0.367E-02
            -0.955E+00            -0.413E-02
            -0.948E+00            -0.463E-02
            -0.941E+00            -0.520E-02
            -0.934E+00            -0.582E-02
            -0.927E+00            -0.652E-02
            -0.921E+00            -0.729E-02
            -0.914E+00            -0.814E-02
            -0.907E+00            -0.909E-02
            -0.900E+00            -0.101E-01
            -0.893E+00            -0.113E-01
            -0.886E+00            -0.125E-01
            -0.880E+00            -0.139E-01
            -0.873E+00            -0.155E-01
            -0.866E+00            -0.172E-01
            -0.859E+00            -0.190E-01
            -0.852E+00            -0.210E-01
            -0.845E+00            -0.232E-01
            -0.838E+00            -0.256E-01
            -0.832E+00            -0.283E-01
            -0.825E+00            -0.312E-01
            -0.818E+00            -0.343E-01
            -0.811E+00            -0.377E-01
            -0.804E+00            -0.414E-01
            -0.797E+00            -0.454E-01
            -0.791E+00            -0.497E-01
            -0.784E+00            -0.544E-01
            -0.777E+00            -0.595E-01
            -0.770E+00            -0.649E-01
            -0.763E+00            -0.708E-01
            -0.756E+00            -0.772E-01
            -0.749E+00            -0.840E-01
            -0.743E+00            -0.913E-01
            -0.736E+00            -0.991E-01
            -0.729E+00            -0.108E+00
            -0.722E+00            -0.116E+00
            -0.715E+00            -0.126E+00
            -0.708E+00            -0.136E+00
            -0.702E+00            -0.147E+00
            -0.695E+00            -0.159E+00
            -0.688E+00            -0.171E+00
            -0.681E+00            -0.184E+00
            -0.674E+00            -0.198E+00
            -0.667E+00            -0.212E+00
            -0.661E+00            -0.227E+00
            -0.654E+00            -0.243E+00
            -0.647E+00            -0.260E+00
            -0.640E+00            -0.278E+00
            -0.633E+00            -0.297E+00
            -0.626E+00            -0.316E+00
            -0.619E+00            -0.337E+00
            -0.613E+00            -0.358E+00
            -0.606E+00            -0.380E+00
            -0.599E+00            -0.403E+00
            -0.592E+00            -0.427E+00
            -0.585E+00            -0.451E+00
            -0.578E+00            -0.477E+00
            -0.572E+00            -0.503E+00
            -0.565E+00            -0.530E+00
            -0.558E+00            -0.558E+00
            -0.551E+00            -0.586E+00
            -0.544E+00            -0.616E+00
            -0.537E+00            -0.645E+00
            -0.530E+00            -0.675E+00
            -0.524E+00            -0.706E+00
            -0.517E+00            -0.737E+00
            -0.510E+00            -0.768E+00
            -0.503E+00            -0.800E+00
            -0.496E+00            -0.831E+00
            -0.489E+00            -0.863E+00
            -0.483E+00            -0.894E+00
            -0.476E+00            -0.925E+00
            -0.469E+00            -0.956E+00
            -0.462E+00            -0.986E+00
            -0.455E+00            -0.102E+01
            -0.448E+00            -0.105E+01
            -0.441E+00            -0.107E+01
            -0.435E+00            -0.110E+01
            -0.428E+00            -0.113E+01
            -0.421E+00            -0.115E+01
            -0.414E+00            -0.117E+01
            -0.407E+00            -0.119E+01
            -0.400E+00            -0.121E+01
            -0.394E+00            -0.123E+01
            -0.387E+00            -0.125E+01
            -0.380E+00            -0.126E+01
            -0.373E+00            -0.127E+01
            -0.366E+00            -0.128E+01
            -0.359E+00            -0.128E+01
            -0.352E+00            -0.129E+01
            -0.346E+00            -0.129E+01
            -0.339E+00            -0.128E+01
            -0.332E+00            -0.128E+01
            -0.325E+00            -0.127E+01
            -0.318E+00            -0.125E+01
            -0.311E+00            -0.124E+01
            -0.305E+00            -0.122E+01
            -0.298E+00            -0.119E+01
            -0.291E+00            -0.116E+01
            -0.284E+00            -0.113E+01
            -0.277E+00            -0.110E+01
            -0.270E+00            -0.106E+01
            -0.264E+00            -0.102E+01
            -0.257E+00            -0.974E+00
            -0.250E+00            -0.926E+00
            -0.243E+00            -0.875E+00
            -0.236E+00            -0.820E+00
            -0.229E+00            -0.762E+00
            -0.222E+00            -0.702E+00
            -0.216E+00            -0.639E+00
            -0.209E+00            -0.574E+00
            -0.202E+00            -0.506E+00
            -0.195E+00            -0.437E+00
            -0.188E+00            -0.365E+00
            -0.181E+00            -0.293E+00
            -0.175E+00            -0.219E+00
            -0.168E+00            -0.144E+00
            -0.161E+00            -0.683E-01
            -0.154E+00             0.740E-02
            -0.147E+00             0.831E-01
            -0.140E+00             0.158E+00
            -0.133E+00             0.233E+00
            -0.127E+00             0.307E+00
            -0.120E+00             0.379E+00
            -0.113E+00             0.450E+00
            -0.106E+00             0.518E+00
            -0.992E-01             0.585E+00
            -0.924E-01             0.648E+00
            -0.856E-01             0.709E+00
            -0.787E-01             0.767E+00
            -0.719E-01             0.821E+00
            -0.650E-01             0.871E+00
            -0.582E-01             0.917E+00
            -0.513E-01             0.959E+00
            -0.445E-01             0.997E+00
            -0.376E-01             0.103E+01
            -0.308E-01             0.106E+01
            -0.240E-01             0.108E+01
            -0.171E-01             0.110E+01
            -0.103E-01             0.111E+01
            -0.342E-02             0.112E+01
             0.342E-02             0.112E+01
             0.103E-01             0.112E+01
             0.171E-01             0.111E+01
             0.240E-01             0.110E+01
             0.308E-01             0.108E+01
             0.376E-01             0.106E+01
             0.445E-01             0.103E+01
             0.513E-01             0.997E+00
             0.582E-01             0.959E+00
             0.650E-01             0.917E+00
             0.719E-01             0.871E+00
             0.787E-01             0.821E+00
             0.856E-01             0.767E+00
             0.924E-01             0.709E+00
             0.992E-01             0.648E+00
             0.106E+00             0.585E+00
             0.113E+00             0.518E+00
             0.120E+00             0.450E+00
             0.127E+00             0.379E+00
             0.133E+00             0.307E+00
             0.140E+00             0.233E+00
             0.147E+00             0.158E+00
             0.154E+00             0.831E-01
             0.161E+00             0.740E-02
             0.168E+00            -0.683E-01
             0.175E+00            -0.144E+00
             0.181E+00            -0.219E+00
             0.188E+00            -0.293E+00
             0.195E+00            -0.365E+00
             0.202E+00            -0.437E+00
             0.209E+00            -0.506E+00
             0.216E+00            -0.574E+00
             0.222E+00            -0.639E+00
             0.229E+00            -0.702E+00
             0.236E+00            -0.762E+00
             0.243E+00            -0.820E+00
             0.250E+00            -0.875E+00
             0.257E+00            -0.926E+00
             0.264E+00            -0.974E+00
             0.270E+00            -0.102E+01
             0.277E+00            -0.106E+01
             0.284E+00            -0.110E+01
             0.291E+00            -0.113E+01
             0.298E+00            -0.116E+01
             0.305E+00            -0.119E+01
             0.311E+00            -0.122E+01
             0.318E+00            -0.124E+01
             0.325E+00            -0.125E+01
             0.332E+00            -0.127E+01
             0.339E+00            -0.128E+01
             0.346E+00            -0.128E+01
             0.352E+00            -0.129E+01
             0.359E+00            -0.129E+01
             0.366E+00            -0.128E+01
             0.373E+00            -0.128E+01
             0.380E+00            -0.127E+01
             0.387E+00            -0.126E+01
             0.394E+00            -0.125E+01
             0.400E+00            -0.123E+01
             0.407E+00            -0.121E+01
             0.414E+00            -0.119E+01
             0.421E+00            -0.117E+01
             0.428E+00            -0.115E+01
             0.435E+00            -0.113E+01
             0.441E+00            -0.110E+01
             0.448E+00            -0.107E+01
             0.455E+00            -0.105E+01
             0.462E+00            -0.102E+01
             0.469E+00            -0.986E+00
             0.476E+00            -0.956E+00
             0.483E+00            -0.925E+00
             0.489E+00            -0.894E+00
             0.496E+00            -0.863E+00
             0.503E+00            -0.831E+00
             0.510E+00            -0.800E+00
             0.517E+00            -0.768E+00
             0.524E+00            -0.737E+00
             0.530E+00            -0.706E+00
             0.537E+00            -0.675E+00
             0.544E+00            -0.645E+00
             0.551E+00            -0.616E+00
             0.558E+00            -0.586E+00
             0.565E+00            -0.558E+00
             0.572E+00            -0.530E+00
             0.578E+00            -0.503E+00
             0.585E+00            -0.477E+00
             0.592E+00            -0.451E+00
             0.599E+00            -0.427E+00
             0.606E+00            -0.403E+00
             0.613E+00            -0.380E+00
             0.619E+00            -0.358E+00
             0.626E+00            -0.337E+00
             0.633E+00            -0.316E+00
             0.640E+00            -0.297E+00
             0.647E+00            -0.278E+00
             0.654E+00            -0.260E+00
             0.661E+00            -0.243E+00
             0.667E+00            -0.227E+00
             0.674E+00            -0.212E+00
             0.681E+00            -0.198E+00
             0.688E+00            -0.184E+00
             0.695E+00            -0.171E+00
             0.702E+00            -0.159E+00
             0.708E+00            -0.147E+00
             0.715E+00            -0.136E+00
             0.722E+00            -0.126E+00
             0.729E+00            -0.116E+00
             0.736E+00            -0.108E+00
             0.743E+00            -0.991E-01
             0.749E+00            -0.913E-01
             0.756E+00            -0.840E-01
             0.763E+00            -0.772E-01
             0.770E+00            -0.708E-01
             0.777E+00            -0.649E-01
             0.784E+00            -0.595E-01
             0.791E+00            -0.544E-01
             0.797E+00            -0.497E-01
             0.804E+00            -0.454E-01
             0.811E+00            -0.414E-01
             0.818E+00            -0.377E-01
             0.825E+00            -0.343E-01
             0.832E+00            -0.312E-01
             0.838E+00            -0.283E-01
             0.845E+00            -0.256E-01
             0.852E+00            -0.232E-01
             0.859E+00            -0.210E-01
             0.866E+00            -0.190E-01
             0.873E+00            -0.172E-01
             0.880E+00            -0.155E-01
             0.886E+00            -0.139E-01
             0.893E+00            -0.125E-01
             0.900E+00            -0.113E-01
             0.907E+00            -0.101E-01
             0.914E+00            -0.909E-02
             0.921E+00            -0.814E-02
             0.927E+00            -0.729E-02
             0.934E+00            -0.652E-02
             0.941E+00            -0.582E-02
             0.948E+00            -0.520E-02
             0.955E+00            -0.463E-02
             0.962E+00            -0.413E-02
             0.969E+00            -0.367E-02
             0.975E+00            -0.326E-02
             0.982E+00            -0.290E-02
             0.989E+00            -0.257E-02
             0.996E+00            -0.228E-02
             0.100E+01            -0.201E-02
             0.101E+01            -0.178E-02
             0.102E+01            -0.157E-02
             0.102E+01            -0.139E-02
             0.103E+01            -0.122E-02
             0.104E+01            -0.108E-02
             0.104E+01            -0.947E-03
             0.105E+01            -0.832E-03
             0.106E+01            -0.730E-03
             0.106E+01            -0.640E-03
             0.107E+01            -0.561E-03
             0.108E+01            -0.491E-03
             0.108E+01            -0.429E-03
             0.109E+01            -0.375E-03
             0.110E+01            -0.327E-03
             0.111E+01            -0.285E-03
             0.111E+01            -0.248E-03
             0.112E+01            -0.216E-03
             0.113E+01            -0.187E-03
             0.113E+01            -0.163E-03
             0.114E+01            -0.141E-03
             0.115E+01            -0.122E-03
             0.115E+01            -0.106E-03
             0.116E+01            -0.913E-04
             0.117E+01            -0.789E-04
             0.117E+01            -0.680E-04
             0.118E+01            -0.586E-04
             0.119E+01            -0.505E-04
             0.119E+01            -0.434E-04
             0.120E+01            -0.373E-04
             0.121E+01            -0.320E-04
             0.121E+01            -0.275E-04
             0.122E+01            -0.235E-04
             0.123E+01            -0.201E-04
             0.124E+01            -0.172E-04
             0.124E+01            -0.147E-04
             0.125E+01            -0.125E-04
             0.126E+01            -0.107E-04
             0.126E+01            -0.910E-05
             0.127E+01            -0.774E-05
             0.128E+01            -0.658E-05
             0.128E+01            -0.559E-05
             0.129E+01            -0.474E-05
             0.130E+01            -0.401E-05
             0.130E+01            -0.340E-05
             0.131E+01            -0.287E-05
             0.132E+01            -0.243E-05
             0.132E+01            -0.205E-05
             0.133E+01            -0.173E-05
             0.134E+01            -0.146E-05
             0.134E+01            -0.122E-05
             0.135E+01            -0.103E-05
             0.136E+01            -0.864E-06
             0.137E+01            -0.725E-06
             0.137E+01            -0.608E-06
             0.138E+01            -0.509E-06
             0.139E+01            -0.426E-06
             0.139E+01            -0.356E-06
             0.140E+01            -0.297E-06
             0.141E+01            -0.248E-06
             0.141E+01            -0.206E-06
             0.142E+01            -0.172E-06
             0.143E+01            -0.143E-06
             0.143E+01            -0.119E-06
             0.144E+01            -0.985E-07
             0.145E+01            -0.817E-07
             0.145E+01            -0.676E-07
             0.146E+01            -0.560E-07
             0.147E+01            -0.463E-07
             0.148E+01            -0.382E-07
             0.148E+01            -0.315E-07
             0.149E+01            -0.260E-07
             0.150E+01            -0.214E-07
             0.150E+01            -0.176E-07
             0.151E+01            -0.145E-07
             0.152E+01            -0.119E-07
             0.152E+01            -0.975E-08
             0.153E+01            -0.799E-08
             0.154E+01            -0.654E-08
             0.154E+01            -0.535E-08
             0.155E+01            -0.437E-08
             0.156E+01            -0.357E-08
             0.156E+01            -0.291E-08
             0.157E+01            -0.237E-08
             0.158E+01            -0.193E-08
             0.158E+01            -0.157E-08
             0.159E+01            -0.127E-08
             0.160E+01            -0.103E-08
             0.161E+01            -0.838E-09
             0.161E+01            -0.679E-09
             0.162E+01            -0.549E-09
             0.163E+01            -0.444E-09
             0.163E+01            -0.359E-09
             0.164E+01            -0.289E-09
             0.165E+01            -0.233E-09
             0.165E+01            -0.188E-09
             0.166E+01            -0.151E-09
             0.167E+01            -0.121E-09
             0.167E+01            -0.975E-10
             0.168E+01            -0.782E-10
             0.169E+01            -0.627E-10
             0.169E+01            -0.502E-10
             0.170E+01            -0.401E-10
             0.171E+01            -0.321E-10
             0.171E+01            -0.256E-10
             0.172E+01            -0.204E-10
             0.173E+01            -0.163E-10
             0.174E+01            -0.130E-10
             0.174E+01            -0.103E-10
             0.175E+01            -0.819E-11
             0.176E+01            -0.650E-11
             0.176E+01            -0.516E-11
             0.177E+01            -0.408E-11
             0.178E+01            -0.323E-11
             0.178E+01            -0.255E-11
             0.179E+01            -0.201E-11
             0.180E+01            -0.159E-11
             0.180E+01            -0.125E-11
             0.181E+01            -0.995E-12
             0.182E+01            -0.792E-12
             0.182E+01            -0.615E-12
             0.183E+01            -0.477E-12
             0.184E+01            -0.377E-12
             0.184E+01            -0.299E-12
             0.185E+01            -0.232E-12
             0.186E+01            -0.184E-12
             0.187E+01            -0.139E-12
             0.187E+01            -0.106E-12
             0.188E+01            -0.767E-13
             0.189E+01            -0.628E-13
             0.189E+01            -0.534E-13
             0.190E+01            -0.428E-13
             0.191E+01            -0.350E-13
             0.191E+01            -0.261E-13
             0.192E+01            -0.209E-13
             0.193E+01            -0.146E-13
             0.193E+01            -0.830E-14
             0.194E+01            -0.741E-14
             0.195E+01            -0.321E-14
             0.195E+01            -0.334E-14
             0.196E+01            -0.759E-14
             0.197E+01            -0.863E-14
             0.197E+01             0.954E-15
             0.198E+01             0.169E-14
             0.199E+01             0.349E-14
             0.200E+01             0.177E-14
             0.200E+01             0.203E-14
             0.201E+01            -0.632E-15
             0.202E+01             0.354E-14
             0.202E+01            -0.980E-15
             0.203E+01            -0.151E-14
             0.204E+01            -0.609E-15
             0.204E+01             0.182E-14
             0.205E+01             0.345E-14
             0.206E+01             0.145E-14
             0.206E+01            -0.329E-14
             0.207E+01            -0.553E-14
             0.208E+01            -0.264E-14
             0.208E+01             0.185E-16
             0.209E+01            -0.124E-14
             0.210E+01            -0.539E-14
             0.210E+01            -0.172E-14
             0.211E+01            -0.143E-14
             0.212E+01             0.835E-16
             0.213E+01             0.441E-14
             0.213E+01             0.435E-14
             0.214E+01            -0.937E-15
             0.215E+01            -0.539E-14
             0.215E+01            -0.253E-14
             0.216E+01             0.285E-14
             0.217E+01             0.575E-14
             0.217E+01             0.189E-14
             0.218E+01            -0.300E-15
             0.219E+01             0.462E-14
             0.219E+01             0.364E-14
             0.220E+01            -0.131E-14
             0.221E+01             0.553E-16
             0.221E+01            -0.244E-14
             0.222E+01            -0.235E-14
             0.223E+01            -0.740E-14
             0.223E+01            -0.538E-14
             0.224E+01            -0.762E-14
             0.225E+01            -0.471E-14
             0.226E+01            -0.165E-14
             0.226E+01            -0.670E-15
             0.227E+01             0.134E-14
             0.228E+01             0.127E-14
             0.228E+01             0.191E-14
             0.229E+01            -0.169E-14
             0.230E+01             0.115E-14
             0.230E+01            -0.276E-15
             0.231E+01             0.367E-14
             0.232E+01             0.470E-14
             0.232E+01             0.398E-14
             0.233E+01             0.495E-14
             0.234E+01             0.339E-15
             0.234E+01            -0.111E-14
             0.235E+01            -0.638E-14
             0.236E+01             0.220E-14
             0.236E+01            -0.395E-14
             0.237E+01            -0.139E-14
             0.238E+01            -0.371E-14
             0.239E+01            -0.937E-15
             0.239E+01            -0.205E-14
             0.240E+01            -0.277E-14
             0.241E+01            -0.315E-15
             0.241E+01            -0.171E-14
             0.242E+01             0.346E-14
             0.243E+01             0.843E-15
             0.243E+01             0.100E-14
             0.244E+01             0.298E-14
             0.245E+01             0.228E-14
             0.245E+01             0.515E-14
             0.246E+01             0.425E-14
             0.247E+01             0.219E-14
             0.247E+01             0.182E-14
             0.248E+01            -0.329E-15
             0.249E+01             0.241E-14
             0.249E+01             0.212E-14
             0.250E+01             0.818E-15
             0.251E+01            -0.168E-14
             0.252E+01            -0.332E-14
             0.252E+01            -0.277E-14
             0.253E+01            -0.619E-14
             0.254E+01            -0.502E-14
             0.254E+01             0.261E-14
             0.255E+01            -0.173E-15
             0.256E+01            -0.195E-14
             0.256E+01            -0.618E-15
             0.257E+01            -0.188E-14
             0.258E+01            -0.138E-14
             0.258E+01            -0.165E-14
             0.259E+01            -0.120E-14
             0.260E+01             0.731E-16
             0.260E+01             0.986E-16
             0.261E+01             0.698E-15
             0.262E+01            -0.151E-14
             0.262E+01             0.161E-14
             0.263E+01            -0.337E-14
             0.264E+01            -0.604E-14
             0.265E+01            -0.950E-15
             0.265E+01             0.107E-14
             0.266E+01             0.214E-14
             0.267E+01            -0.179E-14
             0.267E+01            -0.143E-14
             0.268E+01            -0.331E-14
             0.269E+01             0.304E-15
             0.269E+01             0.597E-14
             0.270E+01            -0.596E-15
             0.271E+01             0.366E-16
             0.271E+01            -0.132E-14
             0.272E+01            -0.158E-15
             0.273E+01            -0.292E-14
             0.273E+01             0.116E-14
             0.274E+01             0.429E-14
             0.275E+01             0.265E-14
             0.275E+01            -0.209E-15
             0.276E+01             0.471E-15
             0.277E+01            -0.314E-14
             0.278E+01             0.155E-15
             0.278E+01            -0.948E-15
             0.279E+01             0.191E-14
             0.280E+01             0.186E-14
             0.280E+01            -0.295E-15
             0.281E+01            -0.130E-14
             0.282E+01            -0.456E-14
             0.282E+01            -0.176E-15
             0.283E+01            -0.900E-15
             0.284E+01             0.372E-14
             0.284E+01            -0.900E-15
             0.285E+01             0.236E-14
             0.286E+01            -0.360E-15
             0.286E+01             0.217E-14
             0.287E+01             0.522E-15
             0.288E+01            -0.769E-17
             0.289E+01             0.331E-14
             0.289E+01             0.839E-15
             0.290E+01             0.212E-14
             0.291E+01             0.737E-15
             0.291E+01            -0.400E-14
             0.292E+01             0.120E-15
             0.293E+01             0.214E-14
             0.293E+01             0.140E-14
             0.294E+01            -0.657E-15
             0.295E+01            -0.135E-15
             0.295E+01            -0.547E-14
             0.296E+01            -0.627E-14
             0.297E+01            -0.117E-14
             0.297E+01             0.101E-15
             0.298E+01             0.678E-14
             0.299E+01             0.593E-14
             0.299E+01             0.182E-14
             0.300E+01             0.126E-14
             0.301E+01            -0.173E-15
             0.302E+01            -0.290E-15
             0.302E+01            -0.114E-14
             0.303E+01            -0.237E-14
             0.304E+01             0.107E-16
             0.304E+01             0.879E-15
             0.305E+01             0.261E-14
             0.306E+01             0.861E-15
             0.306E+01             0.113E-14
             0.307E+01            -0.130E-14
             0.308E+01            -0.293E-14
             0.308E+01            -0.176E-14
             0.309E+01             0.164E-14
             0.310E+01             0.288E-14
             0.310E+01             0.263E-14
             0.311E+01            -0.698E-15
             0.312E+01             0.218E-15
             0.312E+01            -0.945E-15
             0.313E+01            -0.333E-14
             0.314E+01            -0.272E-14
             0.315E+01            -0.134E-14
             0.315E+01            -0.103E-14
             0.316E+01            -0.331E-14
             0.317E+01             0.103E-14
             0.317E+01             0.245E-14
             0.318E+01            -0.224E-14
             0.319E+01            -0.168E-14
             0.319E+01            -0.172E-14
             0.320E+01             0.279E-14
             0.321E+01            -0.311E-15
             0.321E+01             0.121E-14
             0.322E+01            -0.380E-14
             0.323E+01            -0.184E-14
             0.323E+01             0.513E-15
             0.324E+01            -0.138E-14
             0.325E+01            -0.225E-14
             0.325E+01            -0.395E-14
             0.326E+01             0.536E-14
             0.327E+01             0.151E-14
             0.328E+01             0.408E-14
             0.328E+01             0.200E-14
             0.329E+01             0.179E-14
             0.330E+01            -0.292E-14
             0.330E+01             0.137E-14
             0.331E+01            -0.462E-14
             0.332E+01             0.418E-15
             0.332E+01            -0.960E-15
             0.333E+01             0.844E-15
             0.334E+01             0.141E-15
             0.334E+01             0.221E-14
             0.335E+01             0.354E-14
             0.336E+01             0.931E-15
             0.336E+01            -0.482E-16
             0.337E+01            -0.167E-14
             0.338E+01             0.195E-14
             0.338E+01            -0.141E-15
             0.339E+01            -0.455E-14
             0.340E+01            -0.477E-14
             0.341E+01            -0.128E-14
             0.341E+01             0.169E-14
             0.342E+01             0.318E-14
             0.343E+01            -0.188E-14
             0.343E+01            -0.137E-14
             0.344E+01             0.192E-14
             0.345E+01             0.264E-14
             0.345E+01            -0.100E-14
             0.346E+01            -0.291E-14
             0.347E+01            -0.623E-15
             0.347E+01            -0.257E-14
             0.348E+01            -0.190E-14
             0.349E+01             0.173E-14
             0.349E+01            -0.438E-15
             0.350E+01            -0.127E-14
             0.351E+01             0.220E-15
             0.351E+01             0.975E-15
             0.352E+01             0.674E-15
             0.353E+01             0.354E-14
             0.354E+01             0.193E-14
             0.354E+01             0.578E-15
             0.355E+01             0.192E-14
             0.356E+01            -0.388E-14
             0.356E+01            -0.310E-14
             0.357E+01            -0.705E-15
             0.358E+01             0.271E-15
             0.358E+01            -0.248E-14
             0.359E+01            -0.441E-15
             0.360E+01            -0.238E-14
             0.360E+01            -0.899E-15
             0.361E+01            -0.129E-14
             0.362E+01             0.120E-15
             0.362E+01             0.375E-15
             0.363E+01            -0.110E-16
             0.364E+01            -0.236E-14
             0.364E+01             0.349E-16
             0.365E+01            -0.208E-14
             0.366E+01             0.142E-14
             0.367E+01            -0.160E-14
             0.367E+01             0.156E-14
             0.368E+01            -0.189E-14
             0.369E+01             0.908E-15
             0.369E+01             0.860E-15
             0.370E+01             0.133E-14
             0.371E+01             0.121E-15
             0.371E+01             0.192E-14
             0.372E+01            -0.601E-16
             0.373E+01             0.665E-15
             0.373E+01            -0.396E-14
             0.374E+01            -0.338E-15
             0.375E+01            -0.721E-15
             0.375E+01             0.609E-15
             0.376E+01             0.149E-14
             0.377E+01             0.151E-14
             0.377E+01             0.360E-15
             0.378E+01            -0.255E-14
             0.379E+01             0.411E-15
             0.380E+01             0.167E-14
             0.380E+01             0.192E-15
             0.381E+01             0.297E-14
             0.382E+01             0.286E-14
             0.382E+01             0.127E-14
             0.383E+01            -0.442E-15
             0.384E+01            -0.110E-15
             0.384E+01             0.112E-14
             0.385E+01            -0.452E-15
             0.386E+01             0.203E-14
             0.386E+01            -0.118E-14
             0.387E+01            -0.230E-14
             0.388E+01            -0.214E-14
             0.388E+01            -0.558E-15
             0.389E+01            -0.636E-16
             0.390E+01            -0.632E-15
             0.390E+01             0.140E-14
             0.391E+01            -0.364E-15
             0.392E+01             0.180E-14
             0.393E+01             0.153E-14
             0.393E+01             0.341E-14
             0.394E+01            -0.408E-15
             0.395E+01            -0.601E-15
             0.395E+01            -0.312E-14
             0.396E+01             0.304E-15
             0.397E+01             0.700E-15
             0.397E+01            -0.108E-14
             0.398E+01            -0.292E-14
             0.399E+01            -0.110E-14
             0.399E+01             0.102E-14
             0.400E+01            -0.136E-14
             0.401E+01             0.315E-14
             0.401E+01            -0.147E-14
             0.402E+01            -0.487E-14
             0.403E+01            -0.173E-14
             0.403E+01            -0.168E-14
             0.404E+01            -0.183E-14
             0.405E+01             0.984E-15
             0.406E+01            -0.121E-17
             0.406E+01             0.136E-14
             0.407E+01             0.124E-15
             0.408E+01             0.106E-14
             0.408E+01            -0.241E-14
             0.409E+01            -0.117E-14
             0.410E+01             0.472E-15
             0.410E+01             0.799E-14
             0.411E+01             0.975E-15
             0.412E+01             0.568E-15
             0.412E+01            -0.550E-15
             0.413E+01            -0.301E-14
             0.414E+01             0.203E-14
             0.414E+01             0.851E-15
             0.415E+01             0.364E-15
             0.416E+01            -0.135E-14
             0.416E+01            -0.150E-14
             0.417E+01             0.308E-14
             0.418E+01            -0.258E-14
             0.419E+01             0.207E-14
             0.419E+01            -0.248E-14
             0.420E+01            -0.180E-14
             0.421E+01            -0.143E-14
             0.421E+01            -0.160E-14
             0.422E+01             0.173E-14
             0.423E+01            -0.110E-14
             0.423E+01            -0.111E-14
             0.424E+01             0.104E-14
             0.425E+01             0.148E-14
             0.425E+01             0.752E-15
             0.426E+01             0.175E-14
             0.427E+01             0.213E-14
             0.427E+01             0.282E-15
             0.428E+01            -0.882E-15
             0.429E+01            -0.277E-14
             0.430E+01             0.243E-14
             0.430E+01            -0.526E-15
             0.431E+01             0.190E-14
             0.432E+01             0.150E-14
             0.432E+01             0.889E-15
             0.433E+01             0.483E-14
             0.434E+01            -0.322E-14
             0.434E+01            -0.750E-15
             0.435E+01            -0.230E-14
             0.436E+01             0.685E-15
             0.436E+01            -0.257E-15
             0.437E+01             0.988E-15
             0.438E+01            -0.129E-14
             0.438E+01             0.211E-14
             0.439E+01            -0.150E-14
             0.440E+01             0.219E-14
             0.440E+01            -0.138E-14
             0.441E+01            -0.101E-14
             0.442E+01             0.266E-14
             0.443E+01            -0.189E-14
             0.443E+01             0.153E-14
             0.444E+01             0.553E-15
             0.445E+01             0.120E-15
             0.445E+01            -0.205E-14
             0.446E+01            -0.175E-15
             0.447E+01            -0.285E-14
             0.447E+01            -0.593E-14
             0.448E+01            -0.434E-15
             0.449E+01            -0.257E-15
             0.449E+01             0.189E-15
             0.450E+01            -0.466E-14
             0.451E+01             0.842E-15
             0.451E+01            -0.110E-14
             0.452E+01            -0.656E-15
             0.453E+01             0.192E-14
             0.453E+01            -0.264E-14
             0.454E+01             0.617E-15
             0.455E+01             0.563E-15
             0.456E+01             0.235E-14
             0.456E+01            -0.914E-15
             0.457E+01             0.177E-14
             0.458E+01            -0.515E-15
             0.458E+01            -0.636E-16
             0.459E+01            -0.235E-16
             0.460E+01             0.273E-14
             0.460E+01            -0.167E-14
             0.461E+01            -0.238E-15
             0.462E+01            -0.218E-14
             0.462E+01            -0.127E-14
             0.463E+01            -0.196E-15
             0.464E+01             0.279E-14
             0.464E+01            -0.835E-15
             0.465E+01             0.901E-15
             0.466E+01            -0.117E-15
             0.466E+01             0.235E-14
             0.467E+01            -0.149E-14
             0.468E+01             0.121E-15
             0.469E+01             0.151E-14
             0.469E+01            -0.474E-14
             0.470E+01             0.753E-15
             0.471E+01             0.231E-14
             0.471E+01             0.628E-15
             0.472E+01             0.602E-15
             0.473E+01             0.407E-15
             0.473E+01             0.114E-14
             0.474E+01             0.185E-14
             0.475E+01             0.146E-14
             0.475E+01             0.726E-15
             0.476E+01             0.418E-14
             0.477E+01             0.591E-15
             0.477E+01             0.769E-15
             0.478E+01            -0.501E-15
             0.479E+01            -0.847E-15
             0.479E+01            -0.390E-14
             0.480E+01             0.225E-14
             0.481E+01             0.283E-15
             0.482E+01             0.274E-14
             0.482E+01             0.232E-15
             0.483E+01             0.185E-14
             0.484E+01             0.246E-14
             0.484E+01             0.599E-15
             0.485E+01             0.343E-15
             0.486E+01            -0.144E-15
             0.486E+01             0.280E-14
             0.487E+01            -0.577E-15
             0.488E+01             0.200E-14
             0.488E+01             0.261E-14
             0.489E+01            -0.920E-16
             0.490E+01             0.128E-14
             0.490E+01            -0.550E-15
             0.491E+01             0.394E-15
             0.492E+01            -0.962E-15
             0.492E+01            -0.261E-14
             0.493E+01             0.451E-15
             0.494E+01             0.212E-14
             0.495E+01             0.152E-14
             0.495E+01             0.281E-14
             0.496E+01            -0.161E-14
             0.497E+01            -0.220E-14
             0.497E+01            -0.145E-14
             0.498E+01            -0.129E-14
             0.499E+01             0.428E-15
             0.499E+01            -0.120E-15
             0.500E+01             0.668E-16
