            -0.499E+01             0.832E-16
            -0.497E+01            -0.268E-15
            -0.496E+01             0.657E-15
            -0.495E+01            -0.902E-15
            -0.493E+01             0.488E-15
            -0.492E+01            -0.370E-15
            -0.491E+01             0.365E-15
            -0.489E+01            -0.315E-15
            -0.488E+01             0.329E-15
            -0.487E+01            -0.297E-15
            -0.486E+01             0.281E-15
            -0.484E+01             0.315E-15
            -0.483E+01             0.106E-15
            -0.482E+01             0.138E-15
            -0.480E+01             0.471E-16
            -0.479E+01            -0.222E-15
            -0.478E+01             0.825E-16
            -0.476E+01            -0.160E-15
            -0.475E+01             0.127E-15
            -0.474E+01            -0.237E-15
            -0.472E+01             0.189E-16
            -0.471E+01            -0.477E-15
            -0.470E+01             0.669E-15
            -0.468E+01            -0.138E-15
            -0.467E+01             0.802E-16
            -0.466E+01            -0.320E-15
            -0.465E+01             0.260E-15
            -0.463E+01            -0.134E-15
            -0.462E+01             0.753E-16
            -0.461E+01            -0.119E-15
            -0.459E+01             0.122E-15
            -0.458E+01            -0.145E-16
            -0.457E+01             0.151E-16
            -0.455E+01            -0.685E-16
            -0.454E+01             0.419E-16
            -0.453E+01            -0.300E-16
            -0.451E+01             0.160E-16
            -0.450E+01            -0.127E-16
            -0.449E+01             0.165E-16
            -0.447E+01            -0.436E-17
            -0.446E+01             0.865E-18
            -0.445E+01            -0.269E-18
            -0.443E+01             0.389E-17
            -0.442E+01            -0.130E-17
            -0.441E+01             0.620E-18
            -0.440E+01            -0.107E-17
            -0.438E+01             0.302E-18
            -0.437E+01            -0.347E-18
            -0.436E+01             0.609E-19
            -0.434E+01            -0.123E-18
            -0.433E+01             0.117E-18
            -0.432E+01            -0.630E-19
            -0.430E+01             0.170E-19
            -0.429E+01            -0.184E-19
            -0.428E+01             0.131E-19
            -0.426E+01            -0.713E-20
            -0.425E+01             0.406E-20
            -0.424E+01            -0.235E-20
            -0.422E+01             0.218E-20
            -0.421E+01            -0.298E-21
            -0.420E+01             0.483E-21
            -0.419E+01            -0.374E-22
            -0.417E+01             0.199E-21
            -0.416E+01            -0.855E-22
            -0.415E+01             0.684E-22
            -0.413E+01            -0.168E-22
            -0.412E+01             0.261E-22
            -0.411E+01            -0.187E-22
            -0.409E+01             0.551E-23
            -0.408E+01            -0.314E-23
            -0.407E+01             0.441E-23
            -0.405E+01            -0.711E-24
            -0.404E+01             0.391E-24
            -0.403E+01            -0.263E-24
            -0.401E+01             0.279E-24
            -0.400E+01            -0.161E-24
            -0.399E+01             0.482E-25
            -0.398E+01            -0.216E-25
            -0.396E+01             0.376E-25
            -0.395E+01            -0.135E-25
            -0.394E+01             0.821E-26
            -0.392E+01            -0.392E-26
            -0.391E+01             0.235E-26
            -0.390E+01            -0.622E-27
            -0.388E+01             0.317E-27
            -0.387E+01             0.289E-28
            -0.386E+01             0.463E-28
            -0.384E+01            -0.216E-28
            -0.383E+01             0.298E-28
            -0.382E+01            -0.774E-29
            -0.380E+01             0.492E-29
            -0.379E+01            -0.105E-29
            -0.378E+01             0.444E-30
            -0.376E+01            -0.644E-30
            -0.375E+01             0.119E-30
            -0.374E+01            -0.117E-30
            -0.373E+01             0.137E-30
            -0.371E+01            -0.336E-30
            -0.370E+01            -0.578E-30
            -0.369E+01             0.226E-30
            -0.367E+01            -0.218E-30
            -0.366E+01            -0.180E-30
            -0.365E+01            -0.240E-30
            -0.363E+01            -0.643E-30
            -0.362E+01            -0.993E-30
            -0.361E+01            -0.560E-30
            -0.359E+01            -0.546E-30
            -0.358E+01            -0.476E-30
            -0.357E+01             0.169E-30
            -0.355E+01             0.230E-30
            -0.354E+01             0.273E-31
            -0.353E+01             0.449E-30
            -0.352E+01            -0.182E-30
            -0.350E+01             0.952E-31
            -0.349E+01             0.196E-30
            -0.348E+01             0.528E-31
            -0.346E+01            -0.593E-30
            -0.345E+01            -0.576E-30
            -0.344E+01            -0.144E-30
            -0.342E+01             0.473E-30
            -0.341E+01            -0.135E-30
            -0.340E+01             0.109E-30
            -0.338E+01            -0.749E-30
            -0.337E+01            -0.741E-30
            -0.336E+01             0.113E-30
            -0.334E+01             0.183E-30
            -0.333E+01            -0.992E-31
            -0.332E+01            -0.314E-30
            -0.330E+01            -0.306E-30
            -0.329E+01             0.379E-30
            -0.328E+01            -0.836E-31
            -0.327E+01             0.703E-31
            -0.325E+01             0.326E-30
            -0.324E+01             0.758E-30
            -0.323E+01            -0.661E-30
            -0.321E+01             0.618E-30
            -0.320E+01             0.109E-29
            -0.319E+01             0.196E-30
            -0.317E+01             0.335E-30
            -0.316E+01            -0.998E-30
            -0.315E+01            -0.404E-30
            -0.313E+01            -0.230E-30
            -0.312E+01             0.408E-30
            -0.311E+01             0.213E-30
            -0.309E+01            -0.185E-30
            -0.308E+01            -0.331E-30
            -0.307E+01            -0.131E-29
            -0.306E+01            -0.111E-29
            -0.304E+01            -0.772E-30
            -0.303E+01             0.451E-30
            -0.302E+01             0.258E-30
            -0.300E+01             0.402E-30
            -0.299E+01            -0.155E-30
            -0.298E+01            -0.524E-30
            -0.296E+01            -0.104E-30
            -0.295E+01             0.186E-30
            -0.294E+01             0.222E-30
            -0.292E+01             0.808E-30
            -0.291E+01             0.284E-30
            -0.290E+01             0.953E-30
            -0.288E+01            -0.148E-30
            -0.287E+01             0.314E-30
            -0.286E+01             0.344E-30
            -0.284E+01             0.233E-30
            -0.283E+01            -0.346E-30
            -0.282E+01             0.316E-30
            -0.281E+01             0.429E-30
            -0.279E+01             0.219E-30
            -0.278E+01            -0.190E-30
            -0.277E+01            -0.380E-30
            -0.275E+01             0.855E-30
            -0.274E+01             0.103E-30
            -0.273E+01             0.671E-30
            -0.271E+01             0.302E-30
            -0.270E+01            -0.290E-31
            -0.269E+01            -0.265E-30
            -0.267E+01             0.921E-30
            -0.266E+01             0.966E-30
            -0.265E+01             0.146E-29
            -0.263E+01             0.153E-29
            -0.262E+01             0.268E-29
            -0.261E+01             0.419E-29
            -0.260E+01             0.101E-28
            -0.258E+01             0.204E-28
            -0.257E+01             0.432E-28
            -0.256E+01             0.855E-28
            -0.254E+01             0.164E-27
            -0.253E+01             0.316E-27
            -0.252E+01             0.608E-27
            -0.250E+01             0.117E-26
            -0.249E+01             0.223E-26
            -0.248E+01             0.424E-26
            -0.246E+01             0.804E-26
            -0.245E+01             0.152E-25
            -0.244E+01             0.287E-25
            -0.242E+01             0.538E-25
            -0.241E+01             0.101E-24
            -0.240E+01             0.188E-24
            -0.239E+01             0.350E-24
            -0.237E+01             0.649E-24
            -0.236E+01             0.120E-23
            -0.235E+01             0.221E-23
            -0.233E+01             0.405E-23
            -0.232E+01             0.742E-23
            -0.231E+01             0.135E-22
            -0.229E+01             0.246E-22
            -0.228E+01             0.445E-22
            -0.227E+01             0.804E-22
            -0.225E+01             0.145E-21
            -0.224E+01             0.260E-21
            -0.223E+01             0.464E-21
            -0.221E+01             0.827E-21
            -0.220E+01             0.147E-20
            -0.219E+01             0.260E-20
            -0.217E+01             0.459E-20
            -0.216E+01             0.806E-20
            -0.215E+01             0.141E-19
            -0.214E+01             0.247E-19
            -0.212E+01             0.430E-19
            -0.211E+01             0.746E-19
            -0.210E+01             0.129E-18
            -0.208E+01             0.222E-18
            -0.207E+01             0.382E-18
            -0.206E+01             0.654E-18
            -0.204E+01             0.112E-17
            -0.203E+01             0.190E-17
            -0.202E+01             0.322E-17
            -0.200E+01             0.543E-17
            -0.199E+01             0.915E-17
            -0.198E+01             0.154E-16
            -0.196E+01             0.257E-16
            -0.195E+01             0.428E-16
            -0.194E+01             0.711E-16
            -0.193E+01             0.118E-15
            -0.191E+01             0.194E-15
            -0.190E+01             0.320E-15
            -0.189E+01             0.524E-15
            -0.187E+01             0.857E-15
            -0.186E+01             0.139E-14
            -0.185E+01             0.226E-14
            -0.183E+01             0.366E-14
            -0.182E+01             0.590E-14
            -0.181E+01             0.948E-14
            -0.179E+01             0.152E-13
            -0.178E+01             0.242E-13
            -0.177E+01             0.385E-13
            -0.175E+01             0.611E-13
            -0.174E+01             0.965E-13
            -0.173E+01             0.152E-12
            -0.171E+01             0.239E-12
            -0.170E+01             0.373E-12
            -0.169E+01             0.581E-12
            -0.168E+01             0.903E-12
            -0.166E+01             0.140E-11
            -0.165E+01             0.216E-11
            -0.164E+01             0.332E-11
            -0.162E+01             0.509E-11
            -0.161E+01             0.777E-11
            -0.160E+01             0.118E-10
            -0.158E+01             0.179E-10
            -0.157E+01             0.271E-10
            -0.156E+01             0.409E-10
            -0.154E+01             0.614E-10
            -0.153E+01             0.919E-10
            -0.152E+01             0.137E-09
            -0.150E+01             0.204E-09
            -0.149E+01             0.302E-09
            -0.148E+01             0.446E-09
            -0.147E+01             0.656E-09
            -0.145E+01             0.962E-09
            -0.144E+01             0.141E-08
            -0.143E+01             0.205E-08
            -0.141E+01             0.297E-08
            -0.140E+01             0.430E-08
            -0.139E+01             0.621E-08
            -0.137E+01             0.892E-08
            -0.136E+01             0.128E-07
            -0.135E+01             0.182E-07
            -0.133E+01             0.259E-07
            -0.132E+01             0.368E-07
            -0.131E+01             0.519E-07
            -0.129E+01             0.731E-07
            -0.128E+01             0.103E-06
            -0.127E+01             0.144E-06
            -0.125E+01             0.200E-06
            -0.124E+01             0.278E-06
            -0.123E+01             0.385E-06
            -0.122E+01             0.530E-06
            -0.120E+01             0.729E-06
            -0.119E+01             0.999E-06
            -0.118E+01             0.136E-05
            -0.116E+01             0.186E-05
            -0.115E+01             0.252E-05
            -0.114E+01             0.340E-05
            -0.112E+01             0.458E-05
            -0.111E+01             0.615E-05
            -0.110E+01             0.823E-05
            -0.108E+01             0.110E-04
            -0.107E+01             0.146E-04
            -0.106E+01             0.193E-04
            -0.104E+01             0.255E-04
            -0.103E+01             0.335E-04
            -0.102E+01             0.439E-04
            -0.101E+01             0.573E-04
            -0.992E+00             0.746E-04
            -0.979E+00             0.968E-04
            -0.966E+00             0.125E-03
            -0.953E+00             0.161E-03
            -0.940E+00             0.207E-03
            -0.926E+00             0.265E-03
            -0.913E+00             0.338E-03
            -0.900E+00             0.429E-03
            -0.887E+00             0.543E-03
            -0.874E+00             0.686E-03
            -0.861E+00             0.863E-03
            -0.848E+00             0.108E-02
            -0.834E+00             0.135E-02
            -0.821E+00             0.168E-02
            -0.808E+00             0.209E-02
            -0.795E+00             0.258E-02
            -0.782E+00             0.318E-02
            -0.769E+00             0.390E-02
            -0.756E+00             0.477E-02
            -0.742E+00             0.582E-02
            -0.729E+00             0.707E-02
            -0.716E+00             0.857E-02
            -0.703E+00             0.103E-01
            -0.690E+00             0.124E-01
            -0.677E+00             0.149E-01
            -0.664E+00             0.178E-01
            -0.650E+00             0.212E-01
            -0.637E+00             0.251E-01
            -0.624E+00             0.297E-01
            -0.611E+00             0.350E-01
            -0.598E+00             0.411E-01
            -0.585E+00             0.481E-01
            -0.572E+00             0.561E-01
            -0.558E+00             0.652E-01
            -0.545E+00             0.755E-01
            -0.532E+00             0.871E-01
            -0.519E+00             0.100E+00
            -0.506E+00             0.115E+00
            -0.493E+00             0.131E+00
            -0.480E+00             0.149E+00
            -0.466E+00             0.169E+00
            -0.453E+00             0.191E+00
            -0.440E+00             0.216E+00
            -0.427E+00             0.242E+00
            -0.414E+00             0.271E+00
            -0.401E+00             0.302E+00
            -0.388E+00             0.336E+00
            -0.375E+00             0.372E+00
            -0.361E+00             0.410E+00
            -0.348E+00             0.451E+00
            -0.335E+00             0.494E+00
            -0.322E+00             0.540E+00
            -0.309E+00             0.587E+00
            -0.296E+00             0.637E+00
            -0.283E+00             0.688E+00
            -0.269E+00             0.742E+00
            -0.256E+00             0.796E+00
            -0.243E+00             0.851E+00
            -0.230E+00             0.908E+00
            -0.217E+00             0.964E+00
            -0.204E+00             0.102E+01
            -0.191E+00             0.108E+01
            -0.177E+00             0.113E+01
            -0.164E+00             0.119E+01
            -0.151E+00             0.124E+01
            -0.138E+00             0.129E+01
            -0.125E+00             0.134E+01
            -0.112E+00             0.138E+01
            -0.986E-01             0.142E+01
            -0.854E-01             0.146E+01
            -0.723E-01             0.149E+01
            -0.591E-01             0.152E+01
            -0.460E-01             0.155E+01
            -0.329E-01             0.156E+01
            -0.197E-01             0.158E+01
            -0.657E-02             0.159E+01
             0.657E-02             0.159E+01
             0.197E-01             0.159E+01
             0.329E-01             0.158E+01
             0.460E-01             0.156E+01
             0.591E-01             0.155E+01
             0.723E-01             0.152E+01
             0.854E-01             0.149E+01
             0.986E-01             0.146E+01
             0.112E+00             0.142E+01
             0.125E+00             0.138E+01
             0.138E+00             0.134E+01
             0.151E+00             0.129E+01
             0.164E+00             0.124E+01
             0.177E+00             0.119E+01
             0.191E+00             0.113E+01
             0.204E+00             0.108E+01
             0.217E+00             0.102E+01
             0.230E+00             0.964E+00
             0.243E+00             0.908E+00
             0.256E+00             0.851E+00
             0.269E+00             0.796E+00
             0.283E+00             0.742E+00
             0.296E+00             0.688E+00
             0.309E+00             0.637E+00
             0.322E+00             0.587E+00
             0.335E+00             0.540E+00
             0.348E+00             0.494E+00
             0.361E+00             0.451E+00
             0.375E+00             0.410E+00
             0.388E+00             0.372E+00
             0.401E+00             0.336E+00
             0.414E+00             0.302E+00
             0.427E+00             0.271E+00
             0.440E+00             0.242E+00
             0.453E+00             0.216E+00
             0.466E+00             0.191E+00
             0.480E+00             0.169E+00
             0.493E+00             0.149E+00
             0.506E+00             0.131E+00
             0.519E+00             0.115E+00
             0.532E+00             0.100E+00
             0.545E+00             0.871E-01
             0.558E+00             0.755E-01
             0.572E+00             0.652E-01
             0.585E+00             0.561E-01
             0.598E+00             0.481E-01
             0.611E+00             0.411E-01
             0.624E+00             0.350E-01
             0.637E+00             0.297E-01
             0.650E+00             0.251E-01
             0.664E+00             0.212E-01
             0.677E+00             0.178E-01
             0.690E+00             0.149E-01
             0.703E+00             0.124E-01
             0.716E+00             0.103E-01
             0.729E+00             0.857E-02
             0.742E+00             0.707E-02
             0.756E+00             0.582E-02
             0.769E+00             0.477E-02
             0.782E+00             0.390E-02
             0.795E+00             0.318E-02
             0.808E+00             0.258E-02
             0.821E+00             0.209E-02
             0.834E+00             0.168E-02
             0.848E+00             0.135E-02
             0.861E+00             0.108E-02
             0.874E+00             0.863E-03
             0.887E+00             0.686E-03
             0.900E+00             0.543E-03
             0.913E+00             0.429E-03
             0.926E+00             0.338E-03
             0.940E+00             0.265E-03
             0.953E+00             0.207E-03
             0.966E+00             0.161E-03
             0.979E+00             0.125E-03
             0.992E+00             0.968E-04
             0.101E+01             0.746E-04
             0.102E+01             0.573E-04
             0.103E+01             0.439E-04
             0.104E+01             0.335E-04
             0.106E+01             0.255E-04
             0.107E+01             0.193E-04
             0.108E+01             0.146E-04
             0.110E+01             0.110E-04
             0.111E+01             0.823E-05
             0.112E+01             0.615E-05
             0.114E+01             0.458E-05
             0.115E+01             0.340E-05
             0.116E+01             0.252E-05
             0.118E+01             0.186E-05
             0.119E+01             0.136E-05
             0.120E+01             0.999E-06
             0.122E+01             0.729E-06
             0.123E+01             0.530E-06
             0.124E+01             0.385E-06
             0.125E+01             0.278E-06
             0.127E+01             0.200E-06
             0.128E+01             0.144E-06
             0.129E+01             0.103E-06
             0.131E+01             0.731E-07
             0.132E+01             0.519E-07
             0.133E+01             0.368E-07
             0.135E+01             0.259E-07
             0.136E+01             0.182E-07
             0.137E+01             0.128E-07
             0.139E+01             0.892E-08
             0.140E+01             0.621E-08
             0.141E+01             0.430E-08
             0.143E+01             0.297E-08
             0.144E+01             0.205E-08
             0.145E+01             0.141E-08
             0.147E+01             0.962E-09
             0.148E+01             0.656E-09
             0.149E+01             0.446E-09
             0.150E+01             0.302E-09
             0.152E+01             0.204E-09
             0.153E+01             0.137E-09
             0.154E+01             0.919E-10
             0.156E+01             0.614E-10
             0.157E+01             0.409E-10
             0.158E+01             0.271E-10
             0.160E+01             0.179E-10
             0.161E+01             0.118E-10
             0.162E+01             0.777E-11
             0.164E+01             0.508E-11
             0.165E+01             0.332E-11
             0.166E+01             0.216E-11
             0.168E+01             0.140E-11
             0.169E+01             0.906E-12
             0.170E+01             0.584E-12
             0.171E+01             0.378E-12
             0.173E+01             0.241E-12
             0.174E+01             0.150E-12
             0.175E+01             0.984E-13
             0.177E+01             0.645E-13
             0.178E+01             0.368E-13
             0.179E+01             0.257E-13
             0.181E+01             0.143E-13
             0.182E+01             0.692E-14
             0.183E+01             0.304E-14
             0.185E+01             0.282E-15
             0.186E+01            -0.297E-14
             0.187E+01            -0.276E-14
             0.189E+01            -0.291E-14
             0.190E+01             0.320E-15
             0.191E+01             0.422E-14
             0.193E+01             0.202E-14
             0.194E+01             0.407E-15
             0.195E+01            -0.166E-14
             0.196E+01            -0.764E-15
             0.198E+01            -0.110E-14
             0.199E+01             0.130E-14
             0.200E+01            -0.184E-14
             0.202E+01            -0.162E-14
             0.203E+01             0.119E-14
             0.204E+01            -0.250E-14
             0.206E+01            -0.365E-14
             0.207E+01            -0.291E-14
             0.208E+01            -0.200E-15
             0.210E+01            -0.124E-14
             0.211E+01            -0.567E-15
             0.212E+01            -0.222E-14
             0.214E+01            -0.104E-14
             0.215E+01            -0.270E-14
             0.216E+01            -0.172E-14
             0.217E+01            -0.599E-15
             0.219E+01            -0.356E-15
             0.220E+01             0.218E-14
             0.221E+01             0.131E-14
             0.223E+01             0.101E-14
             0.224E+01            -0.326E-15
             0.225E+01             0.107E-14
             0.227E+01            -0.132E-14
             0.228E+01             0.750E-15
             0.229E+01             0.126E-14
             0.231E+01            -0.808E-16
             0.232E+01             0.772E-15
             0.233E+01             0.225E-14
             0.235E+01             0.226E-14
             0.236E+01            -0.819E-15
             0.237E+01             0.175E-14
             0.239E+01             0.140E-14
             0.240E+01            -0.966E-15
             0.241E+01            -0.191E-14
             0.242E+01            -0.343E-15
             0.244E+01            -0.219E-14
             0.245E+01             0.199E-15
             0.246E+01             0.306E-14
             0.248E+01             0.391E-14
             0.249E+01            -0.960E-15
             0.250E+01             0.169E-14
             0.252E+01             0.105E-14
             0.253E+01            -0.141E-15
             0.254E+01            -0.199E-14
             0.256E+01            -0.274E-14
             0.257E+01             0.179E-15
             0.258E+01             0.660E-15
             0.260E+01             0.270E-15
             0.261E+01            -0.265E-16
             0.262E+01             0.292E-14
             0.263E+01             0.954E-15
             0.265E+01            -0.931E-15
             0.266E+01            -0.148E-14
             0.267E+01            -0.254E-14
             0.269E+01            -0.145E-14
             0.270E+01             0.846E-16
             0.271E+01             0.446E-15
             0.273E+01            -0.632E-15
             0.274E+01            -0.953E-15
             0.275E+01             0.856E-15
             0.277E+01             0.228E-14
             0.278E+01             0.123E-14
             0.279E+01             0.258E-14
             0.281E+01             0.679E-15
             0.282E+01            -0.669E-15
             0.283E+01            -0.121E-14
             0.284E+01            -0.273E-14
             0.286E+01            -0.253E-16
             0.287E+01             0.140E-14
             0.288E+01             0.803E-15
             0.290E+01             0.759E-15
             0.291E+01             0.145E-14
             0.292E+01            -0.230E-14
             0.294E+01            -0.457E-15
             0.295E+01            -0.118E-14
             0.296E+01            -0.123E-14
             0.298E+01             0.374E-15
             0.299E+01             0.150E-14
             0.300E+01            -0.119E-14
             0.302E+01            -0.129E-14
             0.303E+01             0.993E-16
             0.304E+01            -0.943E-15
             0.306E+01             0.299E-15
             0.307E+01            -0.428E-15
             0.308E+01             0.286E-15
             0.309E+01             0.125E-14
             0.311E+01             0.286E-15
             0.312E+01            -0.128E-14
             0.313E+01            -0.124E-14
             0.315E+01            -0.150E-14
             0.316E+01             0.186E-14
             0.317E+01             0.223E-14
             0.319E+01             0.162E-14
             0.320E+01            -0.802E-15
             0.321E+01             0.163E-14
             0.323E+01            -0.132E-14
             0.324E+01            -0.152E-14
             0.325E+01             0.598E-15
             0.327E+01             0.207E-15
             0.328E+01             0.113E-14
             0.329E+01             0.476E-15
             0.330E+01            -0.140E-14
             0.332E+01            -0.583E-15
             0.333E+01            -0.902E-15
             0.334E+01            -0.361E-15
             0.336E+01            -0.674E-15
             0.337E+01             0.138E-14
             0.338E+01            -0.536E-15
             0.340E+01             0.821E-15
             0.341E+01            -0.106E-14
             0.342E+01             0.224E-14
             0.344E+01            -0.951E-16
             0.345E+01             0.744E-15
             0.346E+01             0.147E-14
             0.348E+01             0.108E-14
             0.349E+01            -0.120E-14
             0.350E+01            -0.263E-15
             0.352E+01            -0.104E-14
             0.353E+01             0.262E-16
             0.354E+01            -0.989E-15
             0.355E+01            -0.143E-15
             0.357E+01             0.202E-14
             0.358E+01             0.190E-14
             0.359E+01             0.108E-14
             0.361E+01            -0.100E-14
             0.362E+01            -0.102E-14
             0.363E+01            -0.134E-14
             0.365E+01            -0.133E-14
             0.366E+01             0.676E-15
             0.367E+01             0.249E-14
             0.369E+01            -0.749E-15
             0.370E+01            -0.159E-14
             0.371E+01            -0.591E-15
             0.373E+01            -0.183E-15
             0.374E+01            -0.115E-14
             0.375E+01            -0.171E-16
             0.376E+01             0.872E-15
             0.378E+01             0.189E-15
             0.379E+01            -0.188E-14
             0.380E+01            -0.181E-14
             0.382E+01            -0.104E-14
             0.383E+01             0.387E-15
             0.384E+01             0.976E-15
             0.386E+01             0.157E-14
             0.387E+01             0.120E-14
             0.388E+01             0.429E-15
             0.390E+01             0.910E-15
             0.391E+01            -0.223E-15
             0.392E+01             0.857E-15
             0.394E+01            -0.155E-14
             0.395E+01            -0.731E-15
             0.396E+01            -0.152E-14
             0.398E+01             0.738E-16
             0.399E+01            -0.250E-14
             0.400E+01            -0.939E-15
             0.401E+01             0.171E-14
             0.403E+01             0.871E-15
             0.404E+01             0.801E-15
             0.405E+01             0.606E-15
             0.407E+01             0.527E-15
             0.408E+01             0.847E-15
             0.409E+01             0.851E-15
             0.411E+01             0.254E-15
             0.412E+01             0.206E-15
             0.413E+01             0.682E-15
             0.415E+01            -0.138E-14
             0.416E+01             0.992E-15
             0.417E+01            -0.271E-14
             0.419E+01            -0.101E-14
             0.420E+01            -0.112E-15
             0.421E+01            -0.103E-14
             0.422E+01             0.162E-14
             0.424E+01            -0.321E-15
             0.425E+01             0.129E-14
             0.426E+01             0.107E-14
             0.428E+01            -0.247E-15
             0.429E+01             0.117E-14
             0.430E+01             0.281E-15
             0.432E+01             0.725E-15
             0.433E+01             0.140E-14
             0.434E+01             0.119E-14
             0.436E+01             0.293E-14
             0.437E+01            -0.252E-15
             0.438E+01            -0.965E-16
             0.440E+01             0.112E-14
             0.441E+01             0.151E-14
             0.442E+01             0.352E-15
             0.443E+01            -0.404E-15
             0.445E+01             0.262E-14
             0.446E+01            -0.288E-15
             0.447E+01             0.154E-14
             0.449E+01            -0.145E-14
             0.450E+01             0.187E-15
             0.451E+01            -0.205E-14
             0.453E+01             0.789E-15
             0.454E+01            -0.205E-14
             0.455E+01             0.496E-15
             0.457E+01            -0.109E-14
             0.458E+01             0.126E-14
             0.459E+01             0.875E-15
             0.461E+01             0.340E-15
             0.462E+01             0.198E-14
             0.463E+01            -0.146E-14
             0.465E+01             0.196E-14
             0.466E+01            -0.937E-15
             0.467E+01            -0.171E-14
             0.468E+01            -0.917E-15
             0.470E+01            -0.136E-14
             0.471E+01             0.221E-15
             0.472E+01            -0.560E-15
             0.474E+01            -0.144E-15
             0.475E+01             0.540E-16
             0.476E+01             0.277E-15
             0.478E+01            -0.802E-15
             0.479E+01             0.943E-15
             0.480E+01             0.255E-15
             0.482E+01            -0.312E-15
             0.483E+01            -0.505E-15
             0.484E+01             0.230E-14
             0.486E+01             0.139E-15
             0.487E+01             0.356E-15
             0.488E+01             0.664E-15
             0.489E+01             0.129E-14
             0.491E+01             0.300E-14
             0.492E+01            -0.141E-14
             0.493E+01             0.304E-14
             0.495E+01            -0.207E-14
             0.496E+01             0.276E-14
             0.497E+01            -0.218E-14
             0.499E+01             0.723E-15
             0.500E+01            -0.171E-14
