            -0.499E+01            -0.260E-15
            -0.497E+01             0.292E-15
            -0.496E+01            -0.243E-15
            -0.495E+01             0.548E-15
            -0.493E+01            -0.640E-15
            -0.492E+01             0.342E-15
            -0.491E+01            -0.574E-15
            -0.489E+01             0.209E-17
            -0.488E+01            -0.373E-15
            -0.487E+01             0.212E-15
            -0.486E+01            -0.286E-15
            -0.484E+01             0.354E-15
            -0.483E+01            -0.110E-15
            -0.482E+01             0.243E-17
            -0.480E+01            -0.945E-16
            -0.479E+01            -0.374E-16
            -0.478E+01             0.281E-16
            -0.476E+01            -0.161E-15
            -0.475E+01             0.365E-15
            -0.474E+01            -0.458E-16
            -0.472E+01             0.348E-15
            -0.471E+01            -0.124E-15
            -0.470E+01             0.679E-16
            -0.468E+01            -0.118E-15
            -0.467E+01            -0.381E-17
            -0.466E+01            -0.158E-15
            -0.465E+01             0.229E-16
            -0.463E+01            -0.112E-15
            -0.462E+01             0.667E-16
            -0.461E+01            -0.472E-16
            -0.459E+01             0.422E-16
            -0.458E+01             0.283E-17
            -0.457E+01             0.364E-16
            -0.455E+01            -0.726E-17
            -0.454E+01             0.943E-17
            -0.453E+01            -0.748E-17
            -0.451E+01             0.464E-17
            -0.450E+01            -0.288E-17
            -0.449E+01             0.705E-17
            -0.447E+01            -0.952E-18
            -0.446E+01             0.125E-17
            -0.445E+01            -0.302E-18
            -0.443E+01            -0.297E-19
            -0.442E+01            -0.610E-18
            -0.441E+01             0.359E-18
            -0.440E+01            -0.102E-18
            -0.438E+01             0.117E-18
            -0.437E+01            -0.176E-18
            -0.436E+01             0.943E-19
            -0.434E+01            -0.682E-20
            -0.433E+01             0.548E-19
            -0.432E+01            -0.159E-19
            -0.430E+01             0.889E-20
            -0.429E+01            -0.550E-20
            -0.428E+01             0.728E-20
            -0.426E+01            -0.196E-20
            -0.425E+01             0.205E-20
            -0.424E+01            -0.117E-20
            -0.422E+01            -0.166E-21
            -0.421E+01            -0.346E-22
            -0.420E+01            -0.141E-22
            -0.419E+01            -0.944E-22
            -0.417E+01             0.302E-22
            -0.416E+01            -0.895E-23
            -0.415E+01             0.369E-24
            -0.413E+01            -0.116E-22
            -0.412E+01             0.545E-23
            -0.411E+01            -0.247E-23
            -0.409E+01             0.114E-23
            -0.408E+01            -0.206E-24
            -0.407E+01             0.876E-24
            -0.405E+01             0.172E-24
            -0.404E+01             0.223E-24
            -0.403E+01            -0.125E-24
            -0.401E+01             0.837E-25
            -0.400E+01             0.165E-25
            -0.399E+01             0.178E-25
            -0.398E+01            -0.519E-26
            -0.396E+01             0.668E-26
            -0.395E+01            -0.676E-26
            -0.394E+01            -0.162E-27
            -0.392E+01            -0.341E-27
            -0.391E+01             0.587E-27
            -0.390E+01            -0.212E-27
            -0.388E+01             0.484E-28
            -0.387E+01            -0.272E-28
            -0.386E+01             0.165E-28
            -0.384E+01            -0.124E-28
            -0.383E+01             0.530E-29
            -0.382E+01            -0.658E-30
            -0.380E+01             0.188E-30
            -0.379E+01            -0.190E-29
            -0.378E+01            -0.122E-30
            -0.376E+01             0.313E-30
            -0.375E+01             0.210E-30
            -0.374E+01             0.627E-30
            -0.373E+01             0.850E-30
            -0.371E+01            -0.457E-30
            -0.370E+01             0.371E-30
            -0.369E+01            -0.291E-30
            -0.367E+01            -0.475E-31
            -0.366E+01             0.813E-31
            -0.365E+01             0.631E-30
            -0.363E+01             0.797E-31
            -0.362E+01             0.470E-30
            -0.361E+01             0.660E-30
            -0.359E+01             0.279E-30
            -0.358E+01            -0.121E-30
            -0.357E+01            -0.311E-30
            -0.355E+01             0.439E-30
            -0.354E+01             0.367E-30
            -0.353E+01            -0.175E-30
            -0.352E+01             0.107E-29
            -0.350E+01             0.559E-30
            -0.349E+01             0.387E-30
            -0.348E+01             0.190E-30
            -0.346E+01             0.203E-30
            -0.345E+01             0.711E-31
            -0.344E+01            -0.102E-29
            -0.342E+01            -0.972E-30
            -0.341E+01            -0.913E-30
            -0.340E+01             0.101E-29
            -0.338E+01            -0.212E-30
            -0.337E+01             0.453E-30
            -0.336E+01            -0.271E-30
            -0.334E+01             0.125E-29
            -0.333E+01            -0.386E-31
            -0.332E+01             0.267E-30
            -0.330E+01             0.402E-30
            -0.329E+01             0.509E-30
            -0.328E+01             0.263E-30
            -0.327E+01             0.261E-30
            -0.325E+01             0.461E-30
            -0.324E+01            -0.314E-30
            -0.323E+01            -0.371E-31
            -0.321E+01            -0.378E-30
            -0.320E+01            -0.497E-30
            -0.319E+01            -0.997E-30
            -0.317E+01            -0.125E-29
            -0.316E+01            -0.147E-30
            -0.315E+01             0.715E-30
            -0.313E+01             0.258E-30
            -0.312E+01            -0.592E-30
            -0.311E+01             0.333E-30
            -0.309E+01            -0.251E-30
            -0.308E+01             0.377E-30
            -0.307E+01             0.504E-30
            -0.306E+01             0.127E-29
            -0.304E+01            -0.831E-30
            -0.303E+01             0.449E-30
            -0.302E+01            -0.694E-30
            -0.300E+01            -0.684E-30
            -0.299E+01            -0.287E-30
            -0.298E+01             0.135E-30
            -0.296E+01             0.416E-31
            -0.295E+01            -0.284E-30
            -0.294E+01            -0.330E-30
            -0.292E+01             0.615E-31
            -0.291E+01             0.505E-30
            -0.290E+01            -0.113E-30
            -0.288E+01            -0.448E-30
            -0.287E+01            -0.492E-30
            -0.286E+01             0.375E-30
            -0.284E+01            -0.829E-30
            -0.283E+01             0.648E-31
            -0.282E+01            -0.812E-30
            -0.281E+01            -0.189E-29
            -0.279E+01            -0.580E-30
            -0.278E+01             0.291E-30
            -0.277E+01             0.105E-29
            -0.275E+01             0.950E-30
            -0.274E+01             0.700E-30
            -0.273E+01             0.909E-30
            -0.271E+01             0.502E-29
            -0.270E+01             0.108E-28
            -0.269E+01             0.185E-28
            -0.267E+01             0.368E-28
            -0.266E+01             0.708E-28
            -0.265E+01             0.142E-27
            -0.263E+01             0.280E-27
            -0.262E+01             0.548E-27
            -0.261E+01             0.107E-26
            -0.260E+01             0.207E-26
            -0.258E+01             0.401E-26
            -0.257E+01             0.774E-26
            -0.256E+01             0.149E-25
            -0.254E+01             0.285E-25
            -0.253E+01             0.544E-25
            -0.252E+01             0.104E-24
            -0.250E+01             0.197E-24
            -0.249E+01             0.372E-24
            -0.248E+01             0.700E-24
            -0.246E+01             0.132E-23
            -0.245E+01             0.246E-23
            -0.244E+01             0.459E-23
            -0.242E+01             0.854E-23
            -0.241E+01             0.158E-22
            -0.240E+01             0.292E-22
            -0.239E+01             0.538E-22
            -0.237E+01             0.987E-22
            -0.236E+01             0.180E-21
            -0.235E+01             0.329E-21
            -0.233E+01             0.597E-21
            -0.232E+01             0.108E-20
            -0.231E+01             0.195E-20
            -0.229E+01             0.351E-20
            -0.228E+01             0.628E-20
            -0.227E+01             0.112E-19
            -0.225E+01             0.200E-19
            -0.224E+01             0.354E-19
            -0.223E+01             0.626E-19
            -0.221E+01             0.110E-18
            -0.220E+01             0.194E-18
            -0.219E+01             0.339E-18
            -0.217E+01             0.591E-18
            -0.216E+01             0.103E-17
            -0.215E+01             0.178E-17
            -0.214E+01             0.307E-17
            -0.212E+01             0.528E-17
            -0.211E+01             0.905E-17
            -0.210E+01             0.155E-16
            -0.208E+01             0.263E-16
            -0.207E+01             0.447E-16
            -0.206E+01             0.756E-16
            -0.204E+01             0.127E-15
            -0.203E+01             0.214E-15
            -0.202E+01             0.358E-15
            -0.200E+01             0.598E-15
            -0.199E+01             0.993E-15
            -0.198E+01             0.165E-14
            -0.196E+01             0.272E-14
            -0.195E+01             0.447E-14
            -0.194E+01             0.733E-14
            -0.193E+01             0.120E-13
            -0.191E+01             0.195E-13
            -0.190E+01             0.317E-13
            -0.189E+01             0.512E-13
            -0.187E+01             0.826E-13
            -0.186E+01             0.133E-12
            -0.185E+01             0.212E-12
            -0.183E+01             0.339E-12
            -0.182E+01             0.538E-12
            -0.181E+01             0.852E-12
            -0.179E+01             0.135E-11
            -0.178E+01             0.212E-11
            -0.177E+01             0.332E-11
            -0.175E+01             0.518E-11
            -0.174E+01             0.807E-11
            -0.173E+01             0.125E-10
            -0.171E+01             0.194E-10
            -0.170E+01             0.298E-10
            -0.169E+01             0.458E-10
            -0.168E+01             0.700E-10
            -0.166E+01             0.107E-09
            -0.165E+01             0.162E-09
            -0.164E+01             0.246E-09
            -0.162E+01             0.370E-09
            -0.161E+01             0.557E-09
            -0.160E+01             0.834E-09
            -0.158E+01             0.125E-08
            -0.157E+01             0.185E-08
            -0.156E+01             0.274E-08
            -0.154E+01             0.405E-08
            -0.153E+01             0.597E-08
            -0.152E+01             0.875E-08
            -0.150E+01             0.128E-07
            -0.149E+01             0.186E-07
            -0.148E+01             0.270E-07
            -0.147E+01             0.391E-07
            -0.145E+01             0.563E-07
            -0.144E+01             0.808E-07
            -0.143E+01             0.116E-06
            -0.141E+01             0.165E-06
            -0.140E+01             0.234E-06
            -0.139E+01             0.331E-06
            -0.137E+01             0.467E-06
            -0.136E+01             0.656E-06
            -0.135E+01             0.919E-06
            -0.133E+01             0.128E-05
            -0.132E+01             0.178E-05
            -0.131E+01             0.247E-05
            -0.129E+01             0.340E-05
            -0.128E+01             0.468E-05
            -0.127E+01             0.641E-05
            -0.125E+01             0.875E-05
            -0.124E+01             0.119E-04
            -0.123E+01             0.161E-04
            -0.122E+01             0.218E-04
            -0.120E+01             0.293E-04
            -0.119E+01             0.393E-04
            -0.118E+01             0.524E-04
            -0.116E+01             0.698E-04
            -0.115E+01             0.925E-04
            -0.114E+01             0.122E-03
            -0.112E+01             0.161E-03
            -0.111E+01             0.211E-03
            -0.110E+01             0.275E-03
            -0.108E+01             0.358E-03
            -0.107E+01             0.464E-03
            -0.106E+01             0.600E-03
            -0.104E+01             0.772E-03
            -0.103E+01             0.989E-03
            -0.102E+01             0.126E-02
            -0.101E+01             0.161E-02
            -0.992E+00             0.204E-02
            -0.979E+00             0.257E-02
            -0.966E+00             0.324E-02
            -0.953E+00             0.406E-02
            -0.940E+00             0.506E-02
            -0.926E+00             0.629E-02
            -0.913E+00             0.780E-02
            -0.900E+00             0.962E-02
            -0.887E+00             0.118E-01
            -0.874E+00             0.145E-01
            -0.861E+00             0.177E-01
            -0.848E+00             0.214E-01
            -0.834E+00             0.259E-01
            -0.821E+00             0.313E-01
            -0.808E+00             0.375E-01
            -0.795E+00             0.449E-01
            -0.782E+00             0.534E-01
            -0.769E+00             0.633E-01
            -0.756E+00             0.748E-01
            -0.742E+00             0.879E-01
            -0.729E+00             0.103E+00
            -0.716E+00             0.120E+00
            -0.703E+00             0.140E+00
            -0.690E+00             0.161E+00
            -0.677E+00             0.186E+00
            -0.664E+00             0.213E+00
            -0.650E+00             0.243E+00
            -0.637E+00             0.276E+00
            -0.624E+00             0.313E+00
            -0.611E+00             0.352E+00
            -0.598E+00             0.395E+00
            -0.585E+00             0.441E+00
            -0.572E+00             0.490E+00
            -0.558E+00             0.542E+00
            -0.545E+00             0.596E+00
            -0.532E+00             0.653E+00
            -0.519E+00             0.711E+00
            -0.506E+00             0.771E+00
            -0.493E+00             0.832E+00
            -0.480E+00             0.892E+00
            -0.466E+00             0.952E+00
            -0.453E+00             0.101E+01
            -0.440E+00             0.106E+01
            -0.427E+00             0.112E+01
            -0.414E+00             0.116E+01
            -0.401E+00             0.120E+01
            -0.388E+00             0.124E+01
            -0.375E+00             0.126E+01
            -0.361E+00             0.128E+01
            -0.348E+00             0.129E+01
            -0.335E+00             0.128E+01
            -0.322E+00             0.127E+01
            -0.309E+00             0.124E+01
            -0.296E+00             0.120E+01
            -0.283E+00             0.114E+01
            -0.269E+00             0.107E+01
            -0.256E+00             0.993E+00
            -0.243E+00             0.900E+00
            -0.230E+00             0.796E+00
            -0.217E+00             0.680E+00
            -0.204E+00             0.556E+00
            -0.191E+00             0.423E+00
            -0.177E+00             0.284E+00
            -0.164E+00             0.141E+00
            -0.151E+00            -0.397E-02
            -0.138E+00            -0.149E+00
            -0.125E+00            -0.292E+00
            -0.112E+00            -0.430E+00
            -0.986E-01            -0.561E+00
            -0.854E-01            -0.683E+00
            -0.723E-01            -0.793E+00
            -0.591E-01            -0.890E+00
            -0.460E-01            -0.972E+00
            -0.329E-01            -0.104E+01
            -0.197E-01            -0.109E+01
            -0.657E-02            -0.111E+01
             0.657E-02            -0.112E+01
             0.197E-01            -0.111E+01
             0.329E-01            -0.109E+01
             0.460E-01            -0.104E+01
             0.591E-01            -0.972E+00
             0.723E-01            -0.890E+00
             0.854E-01            -0.793E+00
             0.986E-01            -0.683E+00
             0.112E+00            -0.561E+00
             0.125E+00            -0.430E+00
             0.138E+00            -0.292E+00
             0.151E+00            -0.149E+00
             0.164E+00            -0.397E-02
             0.177E+00             0.141E+00
             0.191E+00             0.284E+00
             0.204E+00             0.423E+00
             0.217E+00             0.556E+00
             0.230E+00             0.680E+00
             0.243E+00             0.796E+00
             0.256E+00             0.900E+00
             0.269E+00             0.993E+00
             0.283E+00             0.107E+01
             0.296E+00             0.114E+01
             0.309E+00             0.120E+01
             0.322E+00             0.124E+01
             0.335E+00             0.127E+01
             0.348E+00             0.128E+01
             0.361E+00             0.129E+01
             0.375E+00             0.128E+01
             0.388E+00             0.126E+01
             0.401E+00             0.124E+01
             0.414E+00             0.120E+01
             0.427E+00             0.116E+01
             0.440E+00             0.112E+01
             0.453E+00             0.106E+01
             0.466E+00             0.101E+01
             0.480E+00             0.952E+00
             0.493E+00             0.892E+00
             0.506E+00             0.832E+00
             0.519E+00             0.771E+00
             0.532E+00             0.711E+00
             0.545E+00             0.653E+00
             0.558E+00             0.596E+00
             0.572E+00             0.542E+00
             0.585E+00             0.490E+00
             0.598E+00             0.441E+00
             0.611E+00             0.395E+00
             0.624E+00             0.352E+00
             0.637E+00             0.313E+00
             0.650E+00             0.276E+00
             0.664E+00             0.243E+00
             0.677E+00             0.213E+00
             0.690E+00             0.186E+00
             0.703E+00             0.161E+00
             0.716E+00             0.140E+00
             0.729E+00             0.120E+00
             0.742E+00             0.103E+00
             0.756E+00             0.879E-01
             0.769E+00             0.748E-01
             0.782E+00             0.633E-01
             0.795E+00             0.534E-01
             0.808E+00             0.449E-01
             0.821E+00             0.375E-01
             0.834E+00             0.313E-01
             0.848E+00             0.259E-01
             0.861E+00             0.214E-01
             0.874E+00             0.177E-01
             0.887E+00             0.145E-01
             0.900E+00             0.118E-01
             0.913E+00             0.962E-02
             0.926E+00             0.780E-02
             0.940E+00             0.629E-02
             0.953E+00             0.506E-02
             0.966E+00             0.406E-02
             0.979E+00             0.324E-02
             0.992E+00             0.257E-02
             0.101E+01             0.204E-02
             0.102E+01             0.161E-02
             0.103E+01             0.126E-02
             0.104E+01             0.989E-03
             0.106E+01             0.772E-03
             0.107E+01             0.600E-03
             0.108E+01             0.464E-03
             0.110E+01             0.358E-03
             0.111E+01             0.275E-03
             0.112E+01             0.211E-03
             0.114E+01             0.161E-03
             0.115E+01             0.122E-03
             0.116E+01             0.925E-04
             0.118E+01             0.698E-04
             0.119E+01             0.524E-04
             0.120E+01             0.393E-04
             0.122E+01             0.293E-04
             0.123E+01             0.218E-04
             0.124E+01             0.161E-04
             0.125E+01             0.119E-04
             0.127E+01             0.875E-05
             0.128E+01             0.641E-05
             0.129E+01             0.468E-05
             0.131E+01             0.340E-05
             0.132E+01             0.247E-05
             0.133E+01             0.178E-05
             0.135E+01             0.128E-05
             0.136E+01             0.919E-06
             0.137E+01             0.656E-06
             0.139E+01             0.467E-06
             0.140E+01             0.331E-06
             0.141E+01             0.234E-06
             0.143E+01             0.165E-06
             0.144E+01             0.116E-06
             0.145E+01             0.808E-07
             0.147E+01             0.563E-07
             0.148E+01             0.391E-07
             0.149E+01             0.270E-07
             0.150E+01             0.186E-07
             0.152E+01             0.128E-07
             0.153E+01             0.875E-08
             0.154E+01             0.597E-08
             0.156E+01             0.405E-08
             0.157E+01             0.274E-08
             0.158E+01             0.185E-08
             0.160E+01             0.125E-08
             0.161E+01             0.834E-09
             0.162E+01             0.557E-09
             0.164E+01             0.370E-09
             0.165E+01             0.246E-09
             0.166E+01             0.162E-09
             0.168E+01             0.107E-09
             0.169E+01             0.700E-10
             0.170E+01             0.458E-10
             0.171E+01             0.298E-10
             0.173E+01             0.194E-10
             0.174E+01             0.125E-10
             0.175E+01             0.807E-11
             0.177E+01             0.519E-11
             0.178E+01             0.332E-11
             0.179E+01             0.212E-11
             0.181E+01             0.134E-11
             0.182E+01             0.847E-12
             0.183E+01             0.534E-12
             0.185E+01             0.334E-12
             0.186E+01             0.209E-12
             0.187E+01             0.135E-12
             0.189E+01             0.819E-13
             0.190E+01             0.541E-13
             0.191E+01             0.301E-13
             0.193E+01             0.202E-13
             0.194E+01             0.107E-13
             0.195E+01             0.280E-14
             0.196E+01             0.161E-14
             0.198E+01            -0.143E-14
             0.199E+01            -0.368E-14
             0.200E+01            -0.386E-15
             0.202E+01             0.555E-15
             0.203E+01             0.523E-14
             0.204E+01             0.143E-14
             0.206E+01             0.400E-16
             0.207E+01             0.164E-14
             0.208E+01             0.635E-15
             0.210E+01             0.131E-14
             0.211E+01            -0.157E-14
             0.212E+01            -0.209E-14
             0.214E+01            -0.176E-14
             0.215E+01            -0.341E-15
             0.216E+01             0.371E-15
             0.217E+01             0.615E-14
             0.219E+01             0.658E-14
             0.220E+01             0.463E-14
             0.221E+01            -0.970E-15
             0.223E+01             0.118E-15
             0.224E+01            -0.104E-14
             0.225E+01            -0.153E-14
             0.227E+01            -0.153E-14
             0.228E+01            -0.221E-14
             0.229E+01            -0.124E-14
             0.231E+01             0.178E-14
             0.232E+01             0.197E-14
             0.233E+01             0.228E-15
             0.235E+01            -0.341E-14
             0.236E+01            -0.489E-15
             0.237E+01             0.952E-15
             0.239E+01             0.361E-14
             0.240E+01             0.871E-15
             0.241E+01            -0.320E-15
             0.242E+01            -0.137E-14
             0.244E+01            -0.191E-14
             0.245E+01            -0.671E-15
             0.246E+01            -0.111E-14
             0.248E+01            -0.933E-16
             0.249E+01             0.375E-15
             0.250E+01             0.167E-14
             0.252E+01             0.808E-15
             0.253E+01            -0.117E-14
             0.254E+01             0.263E-15
             0.256E+01            -0.238E-14
             0.257E+01            -0.443E-14
             0.258E+01            -0.103E-14
             0.260E+01            -0.773E-16
             0.261E+01             0.197E-14
             0.262E+01            -0.943E-15
             0.263E+01            -0.776E-15
             0.265E+01             0.110E-14
             0.266E+01             0.591E-15
             0.267E+01             0.317E-15
             0.269E+01             0.910E-16
             0.270E+01             0.107E-14
             0.271E+01            -0.463E-15
             0.273E+01            -0.350E-15
             0.274E+01            -0.198E-14
             0.275E+01            -0.355E-16
             0.277E+01            -0.115E-14
             0.278E+01             0.705E-15
             0.279E+01             0.260E-15
             0.281E+01            -0.211E-14
             0.282E+01            -0.984E-15
             0.283E+01             0.131E-14
             0.284E+01             0.320E-14
             0.286E+01             0.856E-15
             0.287E+01             0.179E-14
             0.288E+01             0.153E-14
             0.290E+01             0.239E-15
             0.291E+01             0.367E-15
             0.292E+01            -0.212E-14
             0.294E+01            -0.185E-14
             0.295E+01             0.607E-15
             0.296E+01             0.371E-14
             0.298E+01             0.672E-15
             0.299E+01             0.397E-15
             0.300E+01             0.767E-17
             0.302E+01            -0.179E-14
             0.303E+01             0.637E-15
             0.304E+01             0.265E-15
             0.306E+01             0.107E-14
             0.307E+01             0.154E-14
             0.308E+01             0.224E-14
             0.309E+01            -0.149E-15
             0.311E+01            -0.142E-14
             0.312E+01            -0.625E-15
             0.313E+01             0.752E-15
             0.315E+01             0.447E-15
             0.316E+01             0.241E-15
             0.317E+01             0.215E-15
             0.319E+01            -0.865E-16
             0.320E+01             0.237E-15
             0.321E+01             0.226E-15
             0.323E+01             0.453E-15
             0.324E+01             0.121E-14
             0.325E+01             0.473E-15
             0.327E+01             0.114E-14
             0.328E+01             0.200E-14
             0.329E+01             0.981E-15
             0.330E+01             0.181E-14
             0.332E+01             0.151E-14
             0.333E+01             0.743E-15
             0.334E+01             0.124E-14
             0.336E+01             0.555E-15
             0.337E+01            -0.220E-15
             0.338E+01             0.116E-14
             0.340E+01            -0.190E-14
             0.341E+01            -0.225E-14
             0.342E+01            -0.603E-16
             0.344E+01            -0.168E-14
             0.345E+01             0.574E-15
             0.346E+01            -0.874E-16
             0.348E+01             0.103E-14
             0.349E+01            -0.200E-14
             0.350E+01             0.821E-15
             0.352E+01             0.380E-15
             0.353E+01             0.427E-16
             0.354E+01             0.340E-15
             0.355E+01             0.410E-15
             0.357E+01             0.810E-15
             0.358E+01             0.127E-14
             0.359E+01            -0.114E-14
             0.361E+01            -0.844E-15
             0.362E+01            -0.595E-15
             0.363E+01             0.198E-14
             0.365E+01            -0.132E-14
             0.366E+01             0.121E-14
             0.367E+01            -0.295E-14
             0.369E+01            -0.260E-14
             0.370E+01            -0.155E-14
             0.371E+01            -0.118E-14
             0.373E+01             0.176E-14
             0.374E+01             0.147E-14
             0.375E+01            -0.118E-15
             0.376E+01            -0.768E-15
             0.378E+01            -0.413E-15
             0.379E+01             0.446E-15
             0.380E+01            -0.159E-14
             0.382E+01             0.111E-14
             0.383E+01            -0.184E-14
             0.384E+01             0.443E-15
             0.386E+01             0.294E-15
             0.387E+01             0.875E-15
             0.388E+01             0.312E-14
             0.390E+01             0.403E-15
             0.391E+01             0.210E-14
             0.392E+01            -0.216E-14
             0.394E+01             0.194E-15
             0.395E+01            -0.137E-14
             0.396E+01             0.279E-16
             0.398E+01            -0.196E-15
             0.399E+01            -0.238E-15
             0.400E+01             0.130E-14
             0.401E+01            -0.370E-15
             0.403E+01            -0.419E-16
             0.404E+01            -0.169E-14
             0.405E+01            -0.588E-15
             0.407E+01             0.291E-15
             0.408E+01             0.309E-15
             0.409E+01            -0.931E-16
             0.411E+01             0.119E-14
             0.412E+01             0.115E-14
             0.413E+01            -0.766E-15
             0.415E+01            -0.107E-14
             0.416E+01             0.444E-15
             0.417E+01             0.245E-14
             0.419E+01            -0.133E-14
             0.420E+01             0.583E-15
             0.421E+01             0.425E-15
             0.422E+01            -0.939E-16
             0.424E+01             0.799E-15
             0.425E+01             0.129E-15
             0.426E+01            -0.815E-15
             0.428E+01             0.137E-14
             0.429E+01             0.154E-15
             0.430E+01             0.185E-14
             0.432E+01            -0.167E-14
             0.433E+01             0.584E-15
             0.434E+01            -0.172E-14
             0.436E+01             0.403E-15
             0.437E+01            -0.473E-15
             0.438E+01            -0.141E-14
             0.440E+01             0.235E-15
             0.441E+01             0.192E-15
             0.442E+01             0.303E-15
             0.443E+01             0.676E-15
             0.445E+01             0.643E-15
             0.446E+01            -0.573E-15
             0.447E+01            -0.126E-14
             0.449E+01             0.276E-15
             0.450E+01            -0.174E-14
             0.451E+01             0.747E-15
             0.453E+01            -0.768E-15
             0.454E+01            -0.180E-15
             0.455E+01             0.747E-15
             0.457E+01            -0.821E-15
             0.458E+01            -0.225E-15
             0.459E+01            -0.120E-14
             0.461E+01             0.139E-14
             0.462E+01             0.160E-15
             0.463E+01            -0.155E-14
             0.465E+01             0.100E-14
             0.466E+01            -0.111E-15
             0.467E+01            -0.852E-15
             0.468E+01            -0.356E-15
             0.470E+01            -0.162E-14
             0.471E+01             0.548E-15
             0.472E+01            -0.205E-14
             0.474E+01             0.313E-15
             0.475E+01            -0.150E-14
             0.476E+01            -0.164E-16
             0.478E+01            -0.149E-14
             0.479E+01            -0.222E-14
             0.480E+01             0.262E-14
             0.482E+01            -0.169E-14
             0.483E+01            -0.268E-15
             0.484E+01            -0.197E-14
             0.486E+01            -0.181E-14
             0.487E+01             0.198E-14
             0.488E+01            -0.415E-15
             0.489E+01             0.556E-15
             0.491E+01             0.130E-14
             0.492E+01             0.663E-15
             0.493E+01             0.460E-15
             0.495E+01             0.360E-14
             0.496E+01             0.153E-15
             0.497E+01            -0.105E-15
             0.499E+01             0.131E-15
             0.500E+01             0.181E-14
