            -0.298E+01             0.398E-31
            -0.296E+01            -0.144E-30
            -0.295E+01            -0.964E-32
            -0.293E+01            -0.361E-30
            -0.291E+01            -0.563E-30
            -0.289E+01            -0.579E-30
            -0.288E+01            -0.465E-30
            -0.286E+01            -0.301E-30
            -0.284E+01            -0.337E-30
            -0.282E+01             0.174E-30
            -0.281E+01             0.153E-30
            -0.279E+01             0.110E-29
            -0.277E+01             0.312E-29
            -0.275E+01             0.796E-29
            -0.274E+01             0.198E-28
            -0.272E+01             0.496E-28
            -0.270E+01             0.122E-27
            -0.268E+01             0.301E-27
            -0.267E+01             0.738E-27
            -0.265E+01             0.180E-26
            -0.263E+01             0.435E-26
            -0.261E+01             0.105E-25
            -0.260E+01             0.250E-25
            -0.258E+01             0.595E-25
            -0.256E+01             0.141E-24
            -0.254E+01             0.331E-24
            -0.252E+01             0.773E-24
            -0.251E+01             0.180E-23
            -0.249E+01             0.415E-23
            -0.247E+01             0.954E-23
            -0.245E+01             0.218E-22
            -0.244E+01             0.495E-22
            -0.242E+01             0.112E-21
            -0.240E+01             0.250E-21
            -0.238E+01             0.559E-21
            -0.237E+01             0.124E-20
            -0.235E+01             0.273E-20
            -0.233E+01             0.598E-20
            -0.231E+01             0.130E-19
            -0.230E+01             0.282E-19
            -0.228E+01             0.608E-19
            -0.226E+01             0.130E-18
            -0.224E+01             0.277E-18
            -0.223E+01             0.585E-18
            -0.221E+01             0.123E-17
            -0.219E+01             0.257E-17
            -0.217E+01             0.534E-17
            -0.216E+01             0.110E-16
            -0.214E+01             0.226E-16
            -0.212E+01             0.462E-16
            -0.210E+01             0.937E-16
            -0.209E+01             0.189E-15
            -0.207E+01             0.378E-15
            -0.205E+01             0.753E-15
            -0.203E+01             0.149E-14
            -0.201E+01             0.293E-14
            -0.200E+01             0.574E-14
            -0.198E+01             0.111E-13
            -0.196E+01             0.215E-13
            -0.194E+01             0.414E-13
            -0.193E+01             0.789E-13
            -0.191E+01             0.150E-12
            -0.189E+01             0.282E-12
            -0.187E+01             0.528E-12
            -0.186E+01             0.984E-12
            -0.184E+01             0.182E-11
            -0.182E+01             0.335E-11
            -0.180E+01             0.612E-11
            -0.179E+01             0.111E-10
            -0.177E+01             0.201E-10
            -0.175E+01             0.360E-10
            -0.173E+01             0.642E-10
            -0.172E+01             0.114E-09
            -0.170E+01             0.200E-09
            -0.168E+01             0.350E-09
            -0.166E+01             0.608E-09
            -0.165E+01             0.105E-08
            -0.163E+01             0.180E-08
            -0.161E+01             0.308E-08
            -0.159E+01             0.522E-08
            -0.157E+01             0.879E-08
            -0.156E+01             0.147E-07
            -0.154E+01             0.245E-07
            -0.152E+01             0.404E-07
            -0.150E+01             0.663E-07
            -0.149E+01             0.108E-06
            -0.147E+01             0.175E-06
            -0.145E+01             0.282E-06
            -0.143E+01             0.452E-06
            -0.142E+01             0.718E-06
            -0.140E+01             0.113E-05
            -0.138E+01             0.178E-05
            -0.136E+01             0.277E-05
            -0.135E+01             0.429E-05
            -0.133E+01             0.660E-05
            -0.131E+01             0.101E-04
            -0.129E+01             0.153E-04
            -0.128E+01             0.231E-04
            -0.126E+01             0.346E-04
            -0.124E+01             0.515E-04
            -0.122E+01             0.760E-04
            -0.121E+01             0.112E-03
            -0.119E+01             0.163E-03
            -0.117E+01             0.236E-03
            -0.115E+01             0.339E-03
            -0.113E+01             0.484E-03
            -0.112E+01             0.687E-03
            -0.110E+01             0.968E-03
            -0.108E+01             0.135E-02
            -0.106E+01             0.188E-02
            -0.105E+01             0.260E-02
            -0.103E+01             0.356E-02
            -0.101E+01             0.484E-02
            -0.994E+00             0.653E-02
            -0.977E+00             0.876E-02
            -0.959E+00             0.117E-01
            -0.941E+00             0.154E-01
            -0.924E+00             0.202E-01
            -0.906E+00             0.263E-01
            -0.889E+00             0.340E-01
            -0.871E+00             0.436E-01
            -0.853E+00             0.555E-01
            -0.836E+00             0.701E-01
            -0.818E+00             0.879E-01
            -0.801E+00             0.109E+00
            -0.783E+00             0.135E+00
            -0.765E+00             0.165E+00
            -0.748E+00             0.200E+00
            -0.730E+00             0.241E+00
            -0.713E+00             0.288E+00
            -0.695E+00             0.341E+00
            -0.677E+00             0.400E+00
            -0.660E+00             0.465E+00
            -0.642E+00             0.535E+00
            -0.625E+00             0.611E+00
            -0.607E+00             0.690E+00
            -0.589E+00             0.772E+00
            -0.572E+00             0.855E+00
            -0.554E+00             0.936E+00
            -0.537E+00             0.101E+01
            -0.519E+00             0.108E+01
            -0.501E+00             0.115E+01
            -0.484E+00             0.120E+01
            -0.466E+00             0.123E+01
            -0.449E+00             0.124E+01
            -0.431E+00             0.124E+01
            -0.413E+00             0.120E+01
            -0.396E+00             0.115E+01
            -0.378E+00             0.106E+01
            -0.361E+00             0.955E+00
            -0.343E+00             0.821E+00
            -0.326E+00             0.663E+00
            -0.308E+00             0.486E+00
            -0.290E+00             0.294E+00
            -0.273E+00             0.924E-01
            -0.255E+00            -0.112E+00
            -0.238E+00            -0.313E+00
            -0.220E+00            -0.502E+00
            -0.202E+00            -0.673E+00
            -0.185E+00            -0.819E+00
            -0.167E+00            -0.933E+00
            -0.150E+00            -0.101E+01
            -0.132E+00            -0.105E+01
            -0.114E+00            -0.104E+01
            -0.968E-01            -0.991E+00
            -0.792E-01            -0.901E+00
            -0.616E-01            -0.772E+00
            -0.440E-01            -0.610E+00
            -0.264E-01            -0.422E+00
            -0.880E-02            -0.216E+00
             0.880E-02            -0.915E-13
             0.264E-01             0.216E+00
             0.440E-01             0.422E+00
             0.616E-01             0.610E+00
             0.792E-01             0.772E+00
             0.968E-01             0.901E+00
             0.114E+00             0.991E+00
             0.132E+00             0.104E+01
             0.150E+00             0.105E+01
             0.167E+00             0.101E+01
             0.185E+00             0.933E+00
             0.202E+00             0.819E+00
             0.220E+00             0.673E+00
             0.238E+00             0.502E+00
             0.255E+00             0.313E+00
             0.273E+00             0.112E+00
             0.290E+00            -0.924E-01
             0.308E+00            -0.294E+00
             0.326E+00            -0.486E+00
             0.343E+00            -0.663E+00
             0.361E+00            -0.821E+00
             0.378E+00            -0.955E+00
             0.396E+00            -0.106E+01
             0.413E+00            -0.115E+01
             0.431E+00            -0.120E+01
             0.449E+00            -0.124E+01
             0.466E+00            -0.124E+01
             0.484E+00            -0.123E+01
             0.501E+00            -0.120E+01
             0.519E+00            -0.115E+01
             0.537E+00            -0.108E+01
             0.554E+00            -0.101E+01
             0.572E+00            -0.936E+00
             0.589E+00            -0.855E+00
             0.607E+00            -0.772E+00
             0.625E+00            -0.690E+00
             0.642E+00            -0.611E+00
             0.660E+00            -0.535E+00
             0.677E+00            -0.465E+00
             0.695E+00            -0.400E+00
             0.713E+00            -0.341E+00
             0.730E+00            -0.288E+00
             0.748E+00            -0.241E+00
             0.765E+00            -0.200E+00
             0.783E+00            -0.165E+00
             0.801E+00            -0.135E+00
             0.818E+00            -0.109E+00
             0.836E+00            -0.879E-01
             0.853E+00            -0.701E-01
             0.871E+00            -0.555E-01
             0.889E+00            -0.436E-01
             0.906E+00            -0.340E-01
             0.924E+00            -0.263E-01
             0.941E+00            -0.202E-01
             0.959E+00            -0.154E-01
             0.977E+00            -0.117E-01
             0.994E+00            -0.876E-02
             0.101E+01            -0.653E-02
             0.103E+01            -0.484E-02
             0.105E+01            -0.356E-02
             0.106E+01            -0.260E-02
             0.108E+01            -0.188E-02
             0.110E+01            -0.135E-02
             0.112E+01            -0.968E-03
             0.113E+01            -0.687E-03
             0.115E+01            -0.484E-03
             0.117E+01            -0.339E-03
             0.119E+01            -0.236E-03
             0.121E+01            -0.163E-03
             0.122E+01            -0.112E-03
             0.124E+01            -0.760E-04
             0.126E+01            -0.515E-04
             0.128E+01            -0.346E-04
             0.129E+01            -0.231E-04
             0.131E+01            -0.153E-04
             0.133E+01            -0.101E-04
             0.135E+01            -0.660E-05
             0.136E+01            -0.429E-05
             0.138E+01            -0.277E-05
             0.140E+01            -0.178E-05
             0.142E+01            -0.113E-05
             0.143E+01            -0.718E-06
             0.145E+01            -0.452E-06
             0.147E+01            -0.282E-06
             0.149E+01            -0.175E-06
             0.150E+01            -0.108E-06
             0.152E+01            -0.663E-07
             0.154E+01            -0.404E-07
             0.156E+01            -0.245E-07
             0.157E+01            -0.147E-07
             0.159E+01            -0.879E-08
             0.161E+01            -0.522E-08
             0.163E+01            -0.308E-08
             0.165E+01            -0.180E-08
             0.166E+01            -0.105E-08
             0.168E+01            -0.608E-09
             0.170E+01            -0.350E-09
             0.172E+01            -0.200E-09
             0.173E+01            -0.114E-09
             0.175E+01            -0.642E-10
             0.177E+01            -0.360E-10
             0.179E+01            -0.201E-10
             0.180E+01            -0.111E-10
             0.182E+01            -0.612E-11
             0.184E+01            -0.334E-11
             0.186E+01            -0.182E-11
             0.187E+01            -0.984E-12
             0.189E+01            -0.528E-12
             0.191E+01            -0.282E-12
             0.193E+01            -0.148E-12
             0.194E+01            -0.799E-13
             0.196E+01            -0.396E-13
             0.198E+01            -0.207E-13
             0.200E+01            -0.112E-13
             0.201E+01            -0.563E-14
             0.203E+01            -0.456E-14
             0.205E+01            -0.353E-14
             0.207E+01            -0.312E-14
             0.209E+01            -0.443E-15
             0.210E+01             0.132E-14
             0.212E+01             0.311E-15
             0.214E+01            -0.126E-14
             0.216E+01            -0.117E-14
             0.217E+01             0.115E-14
             0.219E+01            -0.997E-15
             0.221E+01             0.407E-15
             0.223E+01            -0.538E-15
             0.224E+01            -0.589E-15
             0.226E+01             0.531E-16
             0.228E+01            -0.146E-14
             0.230E+01             0.111E-14
             0.231E+01             0.853E-15
             0.233E+01             0.159E-15
             0.235E+01             0.494E-15
             0.237E+01            -0.109E-14
             0.238E+01             0.189E-14
             0.240E+01            -0.217E-14
             0.242E+01             0.236E-14
             0.244E+01             0.190E-15
             0.245E+01            -0.551E-15
             0.247E+01            -0.337E-15
             0.249E+01             0.840E-15
             0.251E+01             0.152E-14
             0.252E+01             0.982E-15
             0.254E+01             0.891E-15
             0.256E+01            -0.154E-14
             0.258E+01             0.697E-15
             0.260E+01            -0.179E-14
             0.261E+01             0.141E-15
             0.263E+01            -0.117E-14
             0.265E+01             0.121E-15
             0.267E+01            -0.587E-15
             0.268E+01             0.173E-14
             0.270E+01            -0.441E-16
             0.272E+01             0.281E-15
             0.274E+01            -0.239E-14
             0.275E+01             0.683E-15
             0.277E+01            -0.122E-14
             0.279E+01             0.244E-16
             0.281E+01            -0.138E-15
             0.282E+01            -0.178E-14
             0.284E+01             0.181E-14
             0.286E+01            -0.102E-14
             0.288E+01             0.718E-15
             0.289E+01            -0.111E-16
             0.291E+01             0.272E-15
             0.293E+01             0.766E-15
             0.295E+01             0.529E-15
             0.296E+01             0.377E-14
             0.298E+01             0.675E-15
             0.300E+01            -0.746E-15
