            -0.299E+01            -0.155E-30
            -0.299E+01             0.236E-30
            -0.298E+01             0.210E-30
            -0.297E+01            -0.118E-30
            -0.297E+01            -0.476E-30
            -0.296E+01            -0.120E-30
            -0.295E+01             0.933E-31
            -0.295E+01            -0.741E-31
            -0.294E+01             0.457E-31
            -0.293E+01             0.222E-30
            -0.293E+01            -0.435E-31
            -0.292E+01            -0.350E-30
            -0.291E+01             0.189E-30
            -0.291E+01             0.178E-30
            -0.290E+01             0.208E-32
            -0.289E+01            -0.154E-30
            -0.289E+01             0.180E-30
            -0.288E+01            -0.782E-31
            -0.287E+01            -0.289E-30
            -0.287E+01            -0.164E-30
            -0.286E+01             0.109E-30
            -0.285E+01            -0.367E-31
            -0.285E+01            -0.167E-30
            -0.284E+01             0.150E-30
            -0.283E+01             0.449E-30
            -0.283E+01            -0.125E-30
            -0.282E+01            -0.380E-30
            -0.281E+01            -0.127E-30
            -0.281E+01            -0.330E-30
            -0.280E+01            -0.826E-31
            -0.279E+01            -0.614E-31
            -0.279E+01            -0.658E-30
            -0.278E+01            -0.963E-30
            -0.277E+01            -0.103E-29
            -0.277E+01            -0.216E-29
            -0.276E+01            -0.315E-29
            -0.275E+01            -0.411E-29
            -0.275E+01            -0.544E-29
            -0.274E+01            -0.806E-29
            -0.273E+01            -0.114E-28
            -0.273E+01            -0.165E-28
            -0.272E+01            -0.234E-28
            -0.271E+01            -0.335E-28
            -0.271E+01            -0.475E-28
            -0.270E+01            -0.677E-28
            -0.269E+01            -0.959E-28
            -0.269E+01            -0.136E-27
            -0.268E+01            -0.193E-27
            -0.267E+01            -0.273E-27
            -0.267E+01            -0.386E-27
            -0.266E+01            -0.547E-27
            -0.265E+01            -0.771E-27
            -0.265E+01            -0.109E-26
            -0.264E+01            -0.153E-26
            -0.263E+01            -0.216E-26
            -0.263E+01            -0.304E-26
            -0.262E+01            -0.427E-26
            -0.261E+01            -0.600E-26
            -0.261E+01            -0.842E-26
            -0.260E+01            -0.118E-25
            -0.259E+01            -0.165E-25
            -0.259E+01            -0.232E-25
            -0.258E+01            -0.324E-25
            -0.257E+01            -0.452E-25
            -0.257E+01            -0.631E-25
            -0.256E+01            -0.881E-25
            -0.255E+01            -0.123E-24
            -0.255E+01            -0.171E-24
            -0.254E+01            -0.238E-24
            -0.253E+01            -0.330E-24
            -0.253E+01            -0.458E-24
            -0.252E+01            -0.636E-24
            -0.251E+01            -0.881E-24
            -0.251E+01            -0.122E-23
            -0.250E+01            -0.169E-23
            -0.249E+01            -0.233E-23
            -0.249E+01            -0.322E-23
            -0.248E+01            -0.444E-23
            -0.247E+01            -0.612E-23
            -0.247E+01            -0.843E-23
            -0.246E+01            -0.116E-22
            -0.245E+01            -0.160E-22
            -0.245E+01            -0.219E-22
            -0.244E+01            -0.301E-22
            -0.243E+01            -0.412E-22
            -0.243E+01            -0.565E-22
            -0.242E+01            -0.773E-22
            -0.241E+01            -0.106E-21
            -0.241E+01            -0.144E-21
            -0.240E+01            -0.197E-21
            -0.239E+01            -0.269E-21
            -0.239E+01            -0.366E-21
            -0.238E+01            -0.498E-21
            -0.237E+01            -0.678E-21
            -0.237E+01            -0.921E-21
            -0.236E+01            -0.125E-20
            -0.235E+01            -0.169E-20
            -0.235E+01            -0.230E-20
            -0.234E+01            -0.311E-20
            -0.233E+01            -0.421E-20
            -0.233E+01            -0.568E-20
            -0.232E+01            -0.767E-20
            -0.231E+01            -0.104E-19
            -0.231E+01            -0.140E-19
            -0.230E+01            -0.188E-19
            -0.229E+01            -0.253E-19
            -0.229E+01            -0.340E-19
            -0.228E+01            -0.456E-19
            -0.227E+01            -0.612E-19
            -0.227E+01            -0.820E-19
            -0.226E+01            -0.110E-18
            -0.225E+01            -0.147E-18
            -0.225E+01            -0.197E-18
            -0.224E+01            -0.262E-18
            -0.223E+01            -0.350E-18
            -0.223E+01            -0.467E-18
            -0.222E+01            -0.622E-18
            -0.221E+01            -0.828E-18
            -0.221E+01            -0.110E-17
            -0.220E+01            -0.146E-17
            -0.219E+01            -0.194E-17
            -0.219E+01            -0.257E-17
            -0.218E+01            -0.341E-17
            -0.217E+01            -0.451E-17
            -0.217E+01            -0.597E-17
            -0.216E+01            -0.788E-17
            -0.215E+01            -0.104E-16
            -0.215E+01            -0.137E-16
            -0.214E+01            -0.181E-16
            -0.213E+01            -0.238E-16
            -0.213E+01            -0.313E-16
            -0.212E+01            -0.411E-16
            -0.211E+01            -0.540E-16
            -0.211E+01            -0.708E-16
            -0.210E+01            -0.928E-16
            -0.209E+01            -0.121E-15
            -0.209E+01            -0.159E-15
            -0.208E+01            -0.208E-15
            -0.207E+01            -0.271E-15
            -0.207E+01            -0.354E-15
            -0.206E+01            -0.461E-15
            -0.205E+01            -0.600E-15
            -0.205E+01            -0.781E-15
            -0.204E+01            -0.101E-14
            -0.203E+01            -0.132E-14
            -0.203E+01            -0.171E-14
            -0.202E+01            -0.222E-14
            -0.201E+01            -0.287E-14
            -0.201E+01            -0.371E-14
            -0.200E+01            -0.480E-14
            -0.199E+01            -0.620E-14
            -0.199E+01            -0.800E-14
            -0.198E+01            -0.103E-13
            -0.197E+01            -0.133E-13
            -0.197E+01            -0.171E-13
            -0.196E+01            -0.220E-13
            -0.195E+01            -0.282E-13
            -0.195E+01            -0.362E-13
            -0.194E+01            -0.464E-13
            -0.193E+01            -0.594E-13
            -0.193E+01            -0.761E-13
            -0.192E+01            -0.972E-13
            -0.191E+01            -0.124E-12
            -0.191E+01            -0.159E-12
            -0.190E+01            -0.202E-12
            -0.189E+01            -0.257E-12
            -0.189E+01            -0.328E-12
            -0.188E+01            -0.417E-12
            -0.187E+01            -0.529E-12
            -0.187E+01            -0.672E-12
            -0.186E+01            -0.852E-12
            -0.185E+01            -0.108E-11
            -0.185E+01            -0.137E-11
            -0.184E+01            -0.173E-11
            -0.183E+01            -0.218E-11
            -0.183E+01            -0.275E-11
            -0.182E+01            -0.347E-11
            -0.181E+01            -0.437E-11
            -0.181E+01            -0.550E-11
            -0.180E+01            -0.692E-11
            -0.179E+01            -0.870E-11
            -0.179E+01            -0.109E-10
            -0.178E+01            -0.137E-10
            -0.177E+01            -0.171E-10
            -0.177E+01            -0.215E-10
            -0.176E+01            -0.268E-10
            -0.175E+01            -0.335E-10
            -0.175E+01            -0.419E-10
            -0.174E+01            -0.522E-10
            -0.173E+01            -0.650E-10
            -0.173E+01            -0.809E-10
            -0.172E+01            -0.101E-09
            -0.171E+01            -0.125E-09
            -0.171E+01            -0.155E-09
            -0.170E+01            -0.193E-09
            -0.169E+01            -0.239E-09
            -0.169E+01            -0.295E-09
            -0.168E+01            -0.365E-09
            -0.167E+01            -0.451E-09
            -0.167E+01            -0.557E-09
            -0.166E+01            -0.687E-09
            -0.165E+01            -0.846E-09
            -0.165E+01            -0.104E-08
            -0.164E+01            -0.128E-08
            -0.163E+01            -0.157E-08
            -0.163E+01            -0.193E-08
            -0.162E+01            -0.237E-08
            -0.161E+01            -0.290E-08
            -0.161E+01            -0.355E-08
            -0.160E+01            -0.434E-08
            -0.159E+01            -0.531E-08
            -0.159E+01            -0.648E-08
            -0.158E+01            -0.790E-08
            -0.157E+01            -0.963E-08
            -0.157E+01            -0.117E-07
            -0.156E+01            -0.142E-07
            -0.155E+01            -0.173E-07
            -0.155E+01            -0.210E-07
            -0.154E+01            -0.255E-07
            -0.153E+01            -0.309E-07
            -0.153E+01            -0.373E-07
            -0.152E+01            -0.452E-07
            -0.151E+01            -0.546E-07
            -0.151E+01            -0.658E-07
            -0.150E+01            -0.794E-07
            -0.150E+01            -0.956E-07
            -0.149E+01            -0.115E-06
            -0.148E+01            -0.138E-06
            -0.148E+01            -0.166E-06
            -0.147E+01            -0.199E-06
            -0.146E+01            -0.239E-06
            -0.146E+01            -0.286E-06
            -0.145E+01            -0.343E-06
            -0.144E+01            -0.410E-06
            -0.144E+01            -0.489E-06
            -0.143E+01            -0.584E-06
            -0.142E+01            -0.696E-06
            -0.142E+01            -0.829E-06
            -0.141E+01            -0.987E-06
            -0.140E+01            -0.117E-05
            -0.140E+01            -0.139E-05
            -0.139E+01            -0.165E-05
            -0.138E+01            -0.196E-05
            -0.138E+01            -0.232E-05
            -0.137E+01            -0.274E-05
            -0.136E+01            -0.324E-05
            -0.136E+01            -0.383E-05
            -0.135E+01            -0.452E-05
            -0.134E+01            -0.532E-05
            -0.134E+01            -0.627E-05
            -0.133E+01            -0.737E-05
            -0.132E+01            -0.866E-05
            -0.132E+01            -0.102E-04
            -0.131E+01            -0.119E-04
            -0.130E+01            -0.140E-04
            -0.130E+01            -0.164E-04
            -0.129E+01            -0.191E-04
            -0.128E+01            -0.223E-04
            -0.128E+01            -0.261E-04
            -0.127E+01            -0.304E-04
            -0.126E+01            -0.354E-04
            -0.126E+01            -0.412E-04
            -0.125E+01            -0.479E-04
            -0.124E+01            -0.556E-04
            -0.124E+01            -0.646E-04
            -0.123E+01            -0.748E-04
            -0.122E+01            -0.866E-04
            -0.122E+01            -0.100E-03
            -0.121E+01            -0.116E-03
            -0.120E+01            -0.134E-03
            -0.120E+01            -0.154E-03
            -0.119E+01            -0.178E-03
            -0.118E+01            -0.205E-03
            -0.118E+01            -0.235E-03
            -0.117E+01            -0.270E-03
            -0.116E+01            -0.310E-03
            -0.116E+01            -0.356E-03
            -0.115E+01            -0.408E-03
            -0.114E+01            -0.467E-03
            -0.114E+01            -0.533E-03
            -0.113E+01            -0.609E-03
            -0.112E+01            -0.695E-03
            -0.112E+01            -0.792E-03
            -0.111E+01            -0.902E-03
            -0.110E+01            -0.103E-02
            -0.110E+01            -0.117E-02
            -0.109E+01            -0.132E-02
            -0.108E+01            -0.150E-02
            -0.108E+01            -0.170E-02
            -0.107E+01            -0.192E-02
            -0.106E+01            -0.218E-02
            -0.106E+01            -0.246E-02
            -0.105E+01            -0.277E-02
            -0.104E+01            -0.312E-02
            -0.104E+01            -0.352E-02
            -0.103E+01            -0.396E-02
            -0.102E+01            -0.445E-02
            -0.102E+01            -0.499E-02
            -0.101E+01            -0.560E-02
            -0.100E+01            -0.627E-02
            -0.996E+00            -0.702E-02
            -0.989E+00            -0.784E-02
            -0.982E+00            -0.876E-02
            -0.976E+00            -0.977E-02
            -0.969E+00            -0.109E-01
            -0.962E+00            -0.121E-01
            -0.956E+00            -0.135E-01
            -0.949E+00            -0.150E-01
            -0.942E+00            -0.166E-01
            -0.936E+00            -0.184E-01
            -0.929E+00            -0.204E-01
            -0.922E+00            -0.225E-01
            -0.916E+00            -0.249E-01
            -0.909E+00            -0.275E-01
            -0.902E+00            -0.303E-01
            -0.896E+00            -0.334E-01
            -0.889E+00            -0.367E-01
            -0.882E+00            -0.404E-01
            -0.876E+00            -0.443E-01
            -0.869E+00            -0.486E-01
            -0.862E+00            -0.532E-01
            -0.856E+00            -0.582E-01
            -0.849E+00            -0.636E-01
            -0.842E+00            -0.695E-01
            -0.836E+00            -0.758E-01
            -0.829E+00            -0.825E-01
            -0.822E+00            -0.898E-01
            -0.816E+00            -0.976E-01
            -0.809E+00            -0.106E+00
            -0.802E+00            -0.115E+00
            -0.796E+00            -0.124E+00
            -0.789E+00            -0.135E+00
            -0.782E+00            -0.145E+00
            -0.776E+00            -0.157E+00
            -0.769E+00            -0.169E+00
            -0.762E+00            -0.182E+00
            -0.756E+00            -0.196E+00
            -0.749E+00            -0.210E+00
            -0.743E+00            -0.226E+00
            -0.736E+00            -0.242E+00
            -0.729E+00            -0.259E+00
            -0.723E+00            -0.277E+00
            -0.716E+00            -0.296E+00
            -0.709E+00            -0.315E+00
            -0.703E+00            -0.336E+00
            -0.696E+00            -0.357E+00
            -0.689E+00            -0.379E+00
            -0.683E+00            -0.403E+00
            -0.676E+00            -0.427E+00
            -0.669E+00            -0.451E+00
            -0.663E+00            -0.477E+00
            -0.656E+00            -0.504E+00
            -0.649E+00            -0.531E+00
            -0.643E+00            -0.559E+00
            -0.636E+00            -0.587E+00
            -0.629E+00            -0.616E+00
            -0.623E+00            -0.646E+00
            -0.616E+00            -0.676E+00
            -0.609E+00            -0.707E+00
            -0.603E+00            -0.738E+00
            -0.596E+00            -0.769E+00
            -0.589E+00            -0.801E+00
            -0.583E+00            -0.832E+00
            -0.576E+00            -0.863E+00
            -0.569E+00            -0.894E+00
            -0.563E+00            -0.925E+00
            -0.556E+00            -0.955E+00
            -0.549E+00            -0.985E+00
            -0.543E+00            -0.101E+01
            -0.536E+00            -0.104E+01
            -0.529E+00            -0.107E+01
            -0.523E+00            -0.109E+01
            -0.516E+00            -0.112E+01
            -0.509E+00            -0.114E+01
            -0.503E+00            -0.116E+01
            -0.496E+00            -0.118E+01
            -0.489E+00            -0.120E+01
            -0.483E+00            -0.121E+01
            -0.476E+00            -0.122E+01
            -0.469E+00            -0.123E+01
            -0.463E+00            -0.124E+01
            -0.456E+00            -0.124E+01
            -0.450E+00            -0.124E+01
            -0.443E+00            -0.124E+01
            -0.436E+00            -0.123E+01
            -0.430E+00            -0.123E+01
            -0.423E+00            -0.121E+01
            -0.416E+00            -0.120E+01
            -0.410E+00            -0.118E+01
            -0.403E+00            -0.115E+01
            -0.396E+00            -0.112E+01
            -0.390E+00            -0.109E+01
            -0.383E+00            -0.106E+01
            -0.376E+00            -0.102E+01
            -0.370E+00            -0.976E+00
            -0.363E+00            -0.930E+00
            -0.356E+00            -0.880E+00
            -0.350E+00            -0.826E+00
            -0.343E+00            -0.770E+00
            -0.336E+00            -0.710E+00
            -0.330E+00            -0.647E+00
            -0.323E+00            -0.581E+00
            -0.316E+00            -0.513E+00
            -0.310E+00            -0.443E+00
            -0.303E+00            -0.371E+00
            -0.296E+00            -0.297E+00
            -0.290E+00            -0.222E+00
            -0.283E+00            -0.145E+00
            -0.276E+00            -0.682E-01
            -0.270E+00             0.919E-02
            -0.263E+00             0.865E-01
            -0.256E+00             0.163E+00
            -0.250E+00             0.240E+00
            -0.243E+00             0.314E+00
            -0.236E+00             0.388E+00
            -0.230E+00             0.459E+00
            -0.223E+00             0.528E+00
            -0.216E+00             0.594E+00
            -0.210E+00             0.657E+00
            -0.203E+00             0.716E+00
            -0.196E+00             0.771E+00
            -0.190E+00             0.823E+00
            -0.183E+00             0.869E+00
            -0.176E+00             0.911E+00
            -0.170E+00             0.948E+00
            -0.163E+00             0.979E+00
            -0.156E+00             0.100E+01
            -0.150E+00             0.102E+01
            -0.143E+00             0.104E+01
            -0.137E+00             0.105E+01
            -0.130E+00             0.105E+01
            -0.123E+00             0.104E+01
            -0.117E+00             0.103E+01
            -0.110E+00             0.102E+01
            -0.103E+00             0.993E+00
            -0.966E-01             0.965E+00
            -0.899E-01             0.930E+00
            -0.832E-01             0.890E+00
            -0.766E-01             0.844E+00
            -0.699E-01             0.793E+00
            -0.633E-01             0.738E+00
            -0.566E-01             0.678E+00
            -0.499E-01             0.613E+00
            -0.433E-01             0.545E+00
            -0.366E-01             0.474E+00
            -0.300E-01             0.399E+00
            -0.233E-01             0.322E+00
            -0.166E-01             0.244E+00
            -0.999E-02             0.163E+00
            -0.333E-02             0.819E-01
             0.333E-02             0.553E-14
             0.999E-02            -0.819E-01
             0.166E-01            -0.163E+00
             0.233E-01            -0.244E+00
             0.300E-01            -0.322E+00
             0.366E-01            -0.399E+00
             0.433E-01            -0.474E+00
             0.499E-01            -0.545E+00
             0.566E-01            -0.613E+00
             0.633E-01            -0.678E+00
             0.699E-01            -0.738E+00
             0.766E-01            -0.793E+00
             0.832E-01            -0.844E+00
             0.899E-01            -0.890E+00
             0.966E-01            -0.930E+00
             0.103E+00            -0.965E+00
             0.110E+00            -0.993E+00
             0.117E+00            -0.102E+01
             0.123E+00            -0.103E+01
             0.130E+00            -0.104E+01
             0.137E+00            -0.105E+01
             0.143E+00            -0.105E+01
             0.150E+00            -0.104E+01
             0.156E+00            -0.102E+01
             0.163E+00            -0.100E+01
             0.170E+00            -0.979E+00
             0.176E+00            -0.948E+00
             0.183E+00            -0.911E+00
             0.190E+00            -0.869E+00
             0.196E+00            -0.823E+00
             0.203E+00            -0.771E+00
             0.210E+00            -0.716E+00
             0.216E+00            -0.657E+00
             0.223E+00            -0.594E+00
             0.230E+00            -0.528E+00
             0.236E+00            -0.459E+00
             0.243E+00            -0.388E+00
             0.250E+00            -0.314E+00
             0.256E+00            -0.240E+00
             0.263E+00            -0.163E+00
             0.270E+00            -0.865E-01
             0.276E+00            -0.919E-02
             0.283E+00             0.682E-01
             0.290E+00             0.145E+00
             0.296E+00             0.222E+00
             0.303E+00             0.297E+00
             0.310E+00             0.371E+00
             0.316E+00             0.443E+00
             0.323E+00             0.513E+00
             0.330E+00             0.581E+00
             0.336E+00             0.647E+00
             0.343E+00             0.710E+00
             0.350E+00             0.770E+00
             0.356E+00             0.826E+00
             0.363E+00             0.880E+00
             0.370E+00             0.930E+00
             0.376E+00             0.976E+00
             0.383E+00             0.102E+01
             0.390E+00             0.106E+01
             0.396E+00             0.109E+01
             0.403E+00             0.112E+01
             0.410E+00             0.115E+01
             0.416E+00             0.118E+01
             0.423E+00             0.120E+01
             0.430E+00             0.121E+01
             0.436E+00             0.123E+01
             0.443E+00             0.123E+01
             0.450E+00             0.124E+01
             0.456E+00             0.124E+01
             0.463E+00             0.124E+01
             0.469E+00             0.124E+01
             0.476E+00             0.123E+01
             0.483E+00             0.122E+01
             0.489E+00             0.121E+01
             0.496E+00             0.120E+01
             0.503E+00             0.118E+01
             0.509E+00             0.116E+01
             0.516E+00             0.114E+01
             0.523E+00             0.112E+01
             0.529E+00             0.109E+01
             0.536E+00             0.107E+01
             0.543E+00             0.104E+01
             0.549E+00             0.101E+01
             0.556E+00             0.985E+00
             0.563E+00             0.955E+00
             0.569E+00             0.925E+00
             0.576E+00             0.894E+00
             0.583E+00             0.863E+00
             0.589E+00             0.832E+00
             0.596E+00             0.801E+00
             0.603E+00             0.769E+00
             0.609E+00             0.738E+00
             0.616E+00             0.707E+00
             0.623E+00             0.676E+00
             0.629E+00             0.646E+00
             0.636E+00             0.616E+00
             0.643E+00             0.587E+00
             0.649E+00             0.559E+00
             0.656E+00             0.531E+00
             0.663E+00             0.504E+00
             0.669E+00             0.477E+00
             0.676E+00             0.451E+00
             0.683E+00             0.427E+00
             0.689E+00             0.403E+00
             0.696E+00             0.379E+00
             0.703E+00             0.357E+00
             0.709E+00             0.336E+00
             0.716E+00             0.315E+00
             0.723E+00             0.296E+00
             0.729E+00             0.277E+00
             0.736E+00             0.259E+00
             0.743E+00             0.242E+00
             0.749E+00             0.226E+00
             0.756E+00             0.210E+00
             0.762E+00             0.196E+00
             0.769E+00             0.182E+00
             0.776E+00             0.169E+00
             0.782E+00             0.157E+00
             0.789E+00             0.145E+00
             0.796E+00             0.135E+00
             0.802E+00             0.124E+00
             0.809E+00             0.115E+00
             0.816E+00             0.106E+00
             0.822E+00             0.976E-01
             0.829E+00             0.898E-01
             0.836E+00             0.825E-01
             0.842E+00             0.758E-01
             0.849E+00             0.695E-01
             0.856E+00             0.636E-01
             0.862E+00             0.582E-01
             0.869E+00             0.532E-01
             0.876E+00             0.486E-01
             0.882E+00             0.443E-01
             0.889E+00             0.404E-01
             0.896E+00             0.367E-01
             0.902E+00             0.334E-01
             0.909E+00             0.303E-01
             0.916E+00             0.275E-01
             0.922E+00             0.249E-01
             0.929E+00             0.225E-01
             0.936E+00             0.204E-01
             0.942E+00             0.184E-01
             0.949E+00             0.166E-01
             0.956E+00             0.150E-01
             0.962E+00             0.135E-01
             0.969E+00             0.121E-01
             0.976E+00             0.109E-01
             0.982E+00             0.977E-02
             0.989E+00             0.876E-02
             0.996E+00             0.784E-02
             0.100E+01             0.702E-02
             0.101E+01             0.627E-02
             0.102E+01             0.560E-02
             0.102E+01             0.499E-02
             0.103E+01             0.445E-02
             0.104E+01             0.396E-02
             0.104E+01             0.352E-02
             0.105E+01             0.312E-02
             0.106E+01             0.277E-02
             0.106E+01             0.246E-02
             0.107E+01             0.218E-02
             0.108E+01             0.192E-02
             0.108E+01             0.170E-02
             0.109E+01             0.150E-02
             0.110E+01             0.132E-02
             0.110E+01             0.117E-02
             0.111E+01             0.103E-02
             0.112E+01             0.902E-03
             0.112E+01             0.792E-03
             0.113E+01             0.695E-03
             0.114E+01             0.609E-03
             0.114E+01             0.533E-03
             0.115E+01             0.467E-03
             0.116E+01             0.408E-03
             0.116E+01             0.356E-03
             0.117E+01             0.310E-03
             0.118E+01             0.270E-03
             0.118E+01             0.235E-03
             0.119E+01             0.205E-03
             0.120E+01             0.178E-03
             0.120E+01             0.154E-03
             0.121E+01             0.134E-03
             0.122E+01             0.116E-03
             0.122E+01             0.100E-03
             0.123E+01             0.866E-04
             0.124E+01             0.748E-04
             0.124E+01             0.646E-04
             0.125E+01             0.556E-04
             0.126E+01             0.479E-04
             0.126E+01             0.412E-04
             0.127E+01             0.354E-04
             0.128E+01             0.304E-04
             0.128E+01             0.261E-04
             0.129E+01             0.223E-04
             0.130E+01             0.191E-04
             0.130E+01             0.164E-04
             0.131E+01             0.140E-04
             0.132E+01             0.119E-04
             0.132E+01             0.102E-04
             0.133E+01             0.866E-05
             0.134E+01             0.737E-05
             0.134E+01             0.627E-05
             0.135E+01             0.532E-05
             0.136E+01             0.452E-05
             0.136E+01             0.383E-05
             0.137E+01             0.324E-05
             0.138E+01             0.274E-05
             0.138E+01             0.232E-05
             0.139E+01             0.196E-05
             0.140E+01             0.165E-05
             0.140E+01             0.139E-05
             0.141E+01             0.117E-05
             0.142E+01             0.987E-06
             0.142E+01             0.829E-06
             0.143E+01             0.696E-06
             0.144E+01             0.584E-06
             0.144E+01             0.489E-06
             0.145E+01             0.410E-06
             0.146E+01             0.343E-06
             0.146E+01             0.286E-06
             0.147E+01             0.239E-06
             0.148E+01             0.199E-06
             0.148E+01             0.166E-06
             0.149E+01             0.138E-06
             0.150E+01             0.115E-06
             0.150E+01             0.956E-07
             0.151E+01             0.794E-07
             0.151E+01             0.658E-07
             0.152E+01             0.546E-07
             0.153E+01             0.452E-07
             0.153E+01             0.373E-07
             0.154E+01             0.309E-07
             0.155E+01             0.255E-07
             0.155E+01             0.210E-07
             0.156E+01             0.173E-07
             0.157E+01             0.142E-07
             0.157E+01             0.117E-07
             0.158E+01             0.963E-08
             0.159E+01             0.790E-08
             0.159E+01             0.648E-08
             0.160E+01             0.531E-08
             0.161E+01             0.434E-08
             0.161E+01             0.355E-08
             0.162E+01             0.290E-08
             0.163E+01             0.237E-08
             0.163E+01             0.193E-08
             0.164E+01             0.157E-08
             0.165E+01             0.128E-08
             0.165E+01             0.104E-08
             0.166E+01             0.846E-09
             0.167E+01             0.687E-09
             0.167E+01             0.557E-09
             0.168E+01             0.451E-09
             0.169E+01             0.365E-09
             0.169E+01             0.295E-09
             0.170E+01             0.239E-09
             0.171E+01             0.193E-09
             0.171E+01             0.155E-09
             0.172E+01             0.125E-09
             0.173E+01             0.101E-09
             0.173E+01             0.809E-10
             0.174E+01             0.650E-10
             0.175E+01             0.522E-10
             0.175E+01             0.419E-10
             0.176E+01             0.335E-10
             0.177E+01             0.268E-10
             0.177E+01             0.215E-10
             0.178E+01             0.171E-10
             0.179E+01             0.137E-10
             0.179E+01             0.109E-10
             0.180E+01             0.870E-11
             0.181E+01             0.692E-11
             0.181E+01             0.550E-11
             0.182E+01             0.437E-11
             0.183E+01             0.347E-11
             0.183E+01             0.275E-11
             0.184E+01             0.218E-11
             0.185E+01             0.173E-11
             0.185E+01             0.136E-11
             0.186E+01             0.108E-11
             0.187E+01             0.844E-12
             0.187E+01             0.667E-12
             0.188E+01             0.528E-12
             0.189E+01             0.416E-12
             0.189E+01             0.328E-12
             0.190E+01             0.260E-12
             0.191E+01             0.202E-12
             0.191E+01             0.160E-12
             0.192E+01             0.127E-12
             0.193E+01             0.994E-13
             0.193E+01             0.753E-13
             0.194E+01             0.618E-13
             0.195E+01             0.474E-13
             0.195E+01             0.381E-13
             0.196E+01             0.241E-13
             0.197E+01             0.203E-13
             0.197E+01             0.203E-13
             0.198E+01             0.188E-13
             0.199E+01             0.107E-13
             0.199E+01             0.591E-14
             0.200E+01             0.427E-14
             0.201E+01             0.538E-14
             0.201E+01             0.365E-14
             0.202E+01             0.843E-15
             0.203E+01             0.497E-15
             0.203E+01            -0.249E-14
             0.204E+01            -0.300E-14
             0.205E+01             0.234E-14
             0.205E+01            -0.317E-14
             0.206E+01            -0.950E-15
             0.207E+01            -0.248E-14
             0.207E+01            -0.254E-14
             0.208E+01             0.192E-14
             0.209E+01             0.509E-15
             0.209E+01             0.310E-14
             0.210E+01             0.524E-14
             0.211E+01             0.416E-14
             0.211E+01             0.447E-14
             0.212E+01             0.408E-14
             0.213E+01             0.184E-14
             0.213E+01             0.285E-14
             0.214E+01             0.135E-14
             0.215E+01             0.165E-14
             0.215E+01             0.216E-14
             0.216E+01             0.463E-15
             0.217E+01            -0.260E-14
             0.217E+01            -0.158E-14
             0.218E+01             0.125E-14
             0.219E+01             0.317E-14
             0.219E+01             0.374E-14
             0.220E+01             0.610E-15
             0.221E+01             0.195E-14
             0.221E+01             0.323E-14
             0.222E+01            -0.453E-15
             0.223E+01            -0.371E-14
             0.223E+01            -0.250E-14
             0.224E+01             0.788E-16
             0.225E+01            -0.109E-14
             0.225E+01             0.278E-15
             0.226E+01            -0.192E-14
             0.227E+01            -0.324E-14
             0.227E+01            -0.154E-14
             0.228E+01            -0.395E-14
             0.229E+01            -0.274E-16
             0.229E+01            -0.323E-15
             0.230E+01             0.230E-14
             0.231E+01            -0.172E-14
             0.231E+01            -0.121E-14
             0.232E+01             0.797E-16
             0.233E+01            -0.487E-15
             0.233E+01             0.130E-14
             0.234E+01             0.759E-15
             0.235E+01             0.282E-14
             0.235E+01             0.880E-15
             0.236E+01            -0.160E-14
             0.237E+01             0.289E-14
             0.237E+01             0.757E-15
             0.238E+01             0.245E-14
             0.239E+01            -0.193E-14
             0.239E+01             0.625E-15
             0.240E+01            -0.287E-14
             0.241E+01            -0.115E-14
             0.241E+01            -0.255E-14
             0.242E+01            -0.214E-14
             0.243E+01            -0.298E-14
             0.243E+01             0.142E-14
             0.244E+01             0.403E-15
             0.245E+01             0.138E-14
             0.245E+01             0.120E-14
             0.246E+01             0.116E-14
             0.247E+01            -0.734E-15
             0.247E+01            -0.188E-14
             0.248E+01            -0.179E-14
             0.249E+01             0.857E-15
             0.249E+01            -0.266E-15
             0.250E+01             0.313E-14
             0.251E+01             0.173E-14
             0.251E+01             0.300E-14
             0.252E+01             0.119E-14
             0.253E+01            -0.791E-15
             0.253E+01            -0.694E-15
             0.254E+01            -0.312E-15
             0.255E+01             0.126E-14
             0.255E+01            -0.137E-15
             0.256E+01             0.131E-14
             0.257E+01             0.659E-15
             0.257E+01             0.245E-15
             0.258E+01            -0.116E-14
             0.259E+01            -0.306E-14
             0.259E+01            -0.153E-14
             0.260E+01             0.267E-15
             0.261E+01             0.228E-14
             0.261E+01            -0.137E-14
             0.262E+01            -0.186E-14
             0.263E+01            -0.186E-14
             0.263E+01             0.146E-14
             0.264E+01             0.385E-15
             0.265E+01             0.457E-16
             0.265E+01            -0.144E-14
             0.266E+01            -0.178E-14
             0.267E+01            -0.501E-15
             0.267E+01            -0.457E-15
             0.268E+01             0.366E-15
             0.269E+01            -0.141E-14
             0.269E+01            -0.576E-15
             0.270E+01            -0.237E-14
             0.271E+01            -0.224E-14
             0.271E+01            -0.138E-14
             0.272E+01            -0.269E-14
             0.273E+01             0.852E-15
             0.273E+01            -0.128E-14
             0.274E+01             0.127E-14
             0.275E+01            -0.433E-15
             0.275E+01             0.148E-14
             0.276E+01             0.140E-14
             0.277E+01             0.416E-14
             0.277E+01             0.129E-14
             0.278E+01            -0.170E-14
             0.279E+01             0.221E-14
             0.279E+01             0.602E-15
             0.280E+01             0.245E-14
             0.281E+01            -0.922E-15
             0.281E+01            -0.184E-14
             0.282E+01             0.591E-15
             0.283E+01            -0.659E-15
             0.283E+01            -0.219E-14
             0.284E+01            -0.621E-15
             0.285E+01            -0.478E-15
             0.285E+01            -0.111E-14
             0.286E+01            -0.484E-15
             0.287E+01             0.152E-15
             0.287E+01            -0.477E-14
             0.288E+01             0.434E-15
             0.289E+01            -0.548E-15
             0.289E+01             0.196E-14
             0.290E+01            -0.573E-15
             0.291E+01             0.268E-14
             0.291E+01            -0.270E-14
             0.292E+01            -0.622E-15
             0.293E+01             0.286E-14
             0.293E+01             0.767E-15
             0.294E+01            -0.171E-14
             0.295E+01            -0.163E-14
             0.295E+01            -0.106E-14
             0.296E+01            -0.157E-14
             0.297E+01             0.148E-14
             0.297E+01            -0.247E-15
             0.298E+01            -0.996E-15
             0.299E+01            -0.214E-14
             0.299E+01             0.114E-14
             0.300E+01             0.362E-15
