            -0.299E+01             0.654E-31
            -0.298E+01            -0.891E-31
            -0.298E+01            -0.991E-31
            -0.297E+01            -0.193E-30
            -0.296E+01             0.120E-31
            -0.295E+01             0.918E-31
            -0.294E+01             0.209E-30
            -0.294E+01             0.299E-31
            -0.293E+01             0.149E-30
            -0.292E+01             0.179E-30
            -0.291E+01             0.162E-30
            -0.291E+01             0.341E-30
            -0.290E+01            -0.872E-32
            -0.289E+01             0.434E-30
            -0.288E+01            -0.114E-30
            -0.287E+01            -0.121E-30
            -0.287E+01            -0.572E-31
            -0.286E+01            -0.342E-30
            -0.285E+01            -0.791E-31
            -0.284E+01            -0.615E-31
            -0.283E+01            -0.495E-31
            -0.283E+01             0.297E-30
            -0.282E+01            -0.745E-31
            -0.281E+01            -0.159E-30
            -0.280E+01            -0.231E-30
            -0.280E+01            -0.288E-30
            -0.279E+01            -0.668E-30
            -0.278E+01            -0.787E-30
            -0.277E+01            -0.152E-29
            -0.276E+01            -0.236E-29
            -0.276E+01            -0.376E-29
            -0.275E+01            -0.617E-29
            -0.274E+01            -0.840E-29
            -0.273E+01            -0.130E-28
            -0.272E+01            -0.199E-28
            -0.272E+01            -0.302E-28
            -0.271E+01            -0.459E-28
            -0.270E+01            -0.696E-28
            -0.269E+01            -0.105E-27
            -0.268E+01            -0.159E-27
            -0.268E+01            -0.240E-27
            -0.267E+01            -0.362E-27
            -0.266E+01            -0.544E-27
            -0.265E+01            -0.819E-27
            -0.265E+01            -0.123E-26
            -0.264E+01            -0.184E-26
            -0.263E+01            -0.276E-26
            -0.262E+01            -0.413E-26
            -0.261E+01            -0.618E-26
            -0.261E+01            -0.922E-26
            -0.260E+01            -0.137E-25
            -0.259E+01            -0.205E-25
            -0.258E+01            -0.304E-25
            -0.257E+01            -0.452E-25
            -0.257E+01            -0.670E-25
            -0.256E+01            -0.993E-25
            -0.255E+01            -0.147E-24
            -0.254E+01            -0.217E-24
            -0.253E+01            -0.320E-24
            -0.253E+01            -0.472E-24
            -0.252E+01            -0.695E-24
            -0.251E+01            -0.102E-23
            -0.250E+01            -0.150E-23
            -0.250E+01            -0.220E-23
            -0.249E+01            -0.322E-23
            -0.248E+01            -0.472E-23
            -0.247E+01            -0.689E-23
            -0.246E+01            -0.101E-22
            -0.246E+01            -0.147E-22
            -0.245E+01            -0.213E-22
            -0.244E+01            -0.310E-22
            -0.243E+01            -0.450E-22
            -0.242E+01            -0.653E-22
            -0.242E+01            -0.946E-22
            -0.241E+01            -0.137E-21
            -0.240E+01            -0.198E-21
            -0.239E+01            -0.285E-21
            -0.239E+01            -0.411E-21
            -0.238E+01            -0.592E-21
            -0.237E+01            -0.850E-21
            -0.236E+01            -0.122E-20
            -0.235E+01            -0.175E-20
            -0.235E+01            -0.251E-20
            -0.234E+01            -0.359E-20
            -0.233E+01            -0.512E-20
            -0.232E+01            -0.731E-20
            -0.231E+01            -0.104E-19
            -0.231E+01            -0.148E-19
            -0.230E+01            -0.211E-19
            -0.229E+01            -0.299E-19
            -0.228E+01            -0.424E-19
            -0.227E+01            -0.600E-19
            -0.227E+01            -0.849E-19
            -0.226E+01            -0.120E-18
            -0.225E+01            -0.169E-18
            -0.224E+01            -0.238E-18
            -0.224E+01            -0.335E-18
            -0.223E+01            -0.471E-18
            -0.222E+01            -0.661E-18
            -0.221E+01            -0.927E-18
            -0.220E+01            -0.130E-17
            -0.220E+01            -0.181E-17
            -0.219E+01            -0.253E-17
            -0.218E+01            -0.353E-17
            -0.217E+01            -0.492E-17
            -0.216E+01            -0.684E-17
            -0.216E+01            -0.951E-17
            -0.215E+01            -0.132E-16
            -0.214E+01            -0.183E-16
            -0.213E+01            -0.253E-16
            -0.212E+01            -0.350E-16
            -0.212E+01            -0.483E-16
            -0.211E+01            -0.666E-16
            -0.210E+01            -0.917E-16
            -0.209E+01            -0.126E-15
            -0.209E+01            -0.173E-15
            -0.208E+01            -0.238E-15
            -0.207E+01            -0.326E-15
            -0.206E+01            -0.445E-15
            -0.205E+01            -0.609E-15
            -0.205E+01            -0.831E-15
            -0.204E+01            -0.113E-14
            -0.203E+01            -0.154E-14
            -0.202E+01            -0.210E-14
            -0.201E+01            -0.285E-14
            -0.201E+01            -0.386E-14
            -0.200E+01            -0.523E-14
            -0.199E+01            -0.707E-14
            -0.198E+01            -0.956E-14
            -0.198E+01            -0.129E-13
            -0.197E+01            -0.174E-13
            -0.196E+01            -0.234E-13
            -0.195E+01            -0.314E-13
            -0.194E+01            -0.422E-13
            -0.194E+01            -0.566E-13
            -0.193E+01            -0.757E-13
            -0.192E+01            -0.101E-12
            -0.191E+01            -0.135E-12
            -0.190E+01            -0.180E-12
            -0.190E+01            -0.240E-12
            -0.189E+01            -0.320E-12
            -0.188E+01            -0.425E-12
            -0.187E+01            -0.564E-12
            -0.186E+01            -0.747E-12
            -0.186E+01            -0.989E-12
            -0.185E+01            -0.131E-11
            -0.184E+01            -0.172E-11
            -0.183E+01            -0.227E-11
            -0.183E+01            -0.299E-11
            -0.182E+01            -0.394E-11
            -0.181E+01            -0.517E-11
            -0.180E+01            -0.678E-11
            -0.179E+01            -0.889E-11
            -0.179E+01            -0.116E-10
            -0.178E+01            -0.152E-10
            -0.177E+01            -0.198E-10
            -0.176E+01            -0.258E-10
            -0.175E+01            -0.336E-10
            -0.175E+01            -0.437E-10
            -0.174E+01            -0.567E-10
            -0.173E+01            -0.735E-10
            -0.172E+01            -0.952E-10
            -0.171E+01            -0.123E-09
            -0.171E+01            -0.159E-09
            -0.170E+01            -0.205E-09
            -0.169E+01            -0.264E-09
            -0.168E+01            -0.340E-09
            -0.168E+01            -0.437E-09
            -0.167E+01            -0.560E-09
            -0.166E+01            -0.718E-09
            -0.165E+01            -0.919E-09
            -0.164E+01            -0.117E-08
            -0.164E+01            -0.150E-08
            -0.163E+01            -0.191E-08
            -0.162E+01            -0.243E-08
            -0.161E+01            -0.309E-08
            -0.160E+01            -0.393E-08
            -0.160E+01            -0.498E-08
            -0.159E+01            -0.630E-08
            -0.158E+01            -0.797E-08
            -0.157E+01            -0.101E-07
            -0.157E+01            -0.127E-07
            -0.156E+01            -0.160E-07
            -0.155E+01            -0.201E-07
            -0.154E+01            -0.253E-07
            -0.153E+01            -0.317E-07
            -0.153E+01            -0.398E-07
            -0.152E+01            -0.498E-07
            -0.151E+01            -0.622E-07
            -0.150E+01            -0.776E-07
            -0.149E+01            -0.968E-07
            -0.149E+01            -0.120E-06
            -0.148E+01            -0.150E-06
            -0.147E+01            -0.186E-06
            -0.146E+01            -0.231E-06
            -0.145E+01            -0.285E-06
            -0.145E+01            -0.353E-06
            -0.144E+01            -0.436E-06
            -0.143E+01            -0.538E-06
            -0.142E+01            -0.662E-06
            -0.142E+01            -0.815E-06
            -0.141E+01            -0.100E-05
            -0.140E+01            -0.123E-05
            -0.139E+01            -0.150E-05
            -0.138E+01            -0.184E-05
            -0.138E+01            -0.225E-05
            -0.137E+01            -0.274E-05
            -0.136E+01            -0.334E-05
            -0.135E+01            -0.407E-05
            -0.134E+01            -0.494E-05
            -0.134E+01            -0.600E-05
            -0.133E+01            -0.727E-05
            -0.132E+01            -0.880E-05
            -0.131E+01            -0.106E-04
            -0.130E+01            -0.128E-04
            -0.130E+01            -0.155E-04
            -0.129E+01            -0.186E-04
            -0.128E+01            -0.224E-04
            -0.127E+01            -0.269E-04
            -0.127E+01            -0.322E-04
            -0.126E+01            -0.386E-04
            -0.125E+01            -0.462E-04
            -0.124E+01            -0.551E-04
            -0.123E+01            -0.657E-04
            -0.123E+01            -0.783E-04
            -0.122E+01            -0.931E-04
            -0.121E+01            -0.111E-03
            -0.120E+01            -0.131E-03
            -0.119E+01            -0.155E-03
            -0.119E+01            -0.184E-03
            -0.118E+01            -0.217E-03
            -0.117E+01            -0.256E-03
            -0.116E+01            -0.301E-03
            -0.116E+01            -0.354E-03
            -0.115E+01            -0.416E-03
            -0.114E+01            -0.487E-03
            -0.113E+01            -0.571E-03
            -0.112E+01            -0.667E-03
            -0.112E+01            -0.780E-03
            -0.111E+01            -0.909E-03
            -0.110E+01            -0.106E-02
            -0.109E+01            -0.123E-02
            -0.108E+01            -0.143E-02
            -0.108E+01            -0.166E-02
            -0.107E+01            -0.192E-02
            -0.106E+01            -0.222E-02
            -0.105E+01            -0.256E-02
            -0.104E+01            -0.295E-02
            -0.104E+01            -0.340E-02
            -0.103E+01            -0.391E-02
            -0.102E+01            -0.449E-02
            -0.101E+01            -0.515E-02
            -0.101E+01            -0.589E-02
            -0.997E+00            -0.673E-02
            -0.989E+00            -0.768E-02
            -0.982E+00            -0.876E-02
            -0.974E+00            -0.997E-02
            -0.966E+00            -0.113E-01
            -0.958E+00            -0.129E-01
            -0.950E+00            -0.146E-01
            -0.942E+00            -0.165E-01
            -0.934E+00            -0.186E-01
            -0.926E+00            -0.210E-01
            -0.919E+00            -0.236E-01
            -0.911E+00            -0.266E-01
            -0.903E+00            -0.298E-01
            -0.895E+00            -0.335E-01
            -0.887E+00            -0.375E-01
            -0.879E+00            -0.419E-01
            -0.871E+00            -0.467E-01
            -0.863E+00            -0.521E-01
            -0.855E+00            -0.579E-01
            -0.848E+00            -0.644E-01
            -0.840E+00            -0.714E-01
            -0.832E+00            -0.790E-01
            -0.824E+00            -0.874E-01
            -0.816E+00            -0.965E-01
            -0.808E+00            -0.106E+00
            -0.800E+00            -0.117E+00
            -0.792E+00            -0.129E+00
            -0.784E+00            -0.141E+00
            -0.777E+00            -0.154E+00
            -0.769E+00            -0.169E+00
            -0.761E+00            -0.184E+00
            -0.753E+00            -0.201E+00
            -0.745E+00            -0.218E+00
            -0.737E+00            -0.237E+00
            -0.729E+00            -0.257E+00
            -0.721E+00            -0.278E+00
            -0.714E+00            -0.301E+00
            -0.706E+00            -0.324E+00
            -0.698E+00            -0.349E+00
            -0.690E+00            -0.375E+00
            -0.682E+00            -0.402E+00
            -0.674E+00            -0.431E+00
            -0.666E+00            -0.460E+00
            -0.658E+00            -0.491E+00
            -0.650E+00            -0.523E+00
            -0.643E+00            -0.556E+00
            -0.635E+00            -0.590E+00
            -0.627E+00            -0.625E+00
            -0.619E+00            -0.660E+00
            -0.611E+00            -0.696E+00
            -0.603E+00            -0.733E+00
            -0.595E+00            -0.770E+00
            -0.587E+00            -0.807E+00
            -0.580E+00            -0.844E+00
            -0.572E+00            -0.881E+00
            -0.564E+00            -0.917E+00
            -0.556E+00            -0.953E+00
            -0.548E+00            -0.988E+00
            -0.540E+00            -0.102E+01
            -0.532E+00            -0.105E+01
            -0.524E+00            -0.109E+01
            -0.516E+00            -0.111E+01
            -0.509E+00            -0.114E+01
            -0.501E+00            -0.117E+01
            -0.493E+00            -0.119E+01
            -0.485E+00            -0.121E+01
            -0.477E+00            -0.122E+01
            -0.469E+00            -0.123E+01
            -0.461E+00            -0.124E+01
            -0.453E+00            -0.124E+01
            -0.445E+00            -0.124E+01
            -0.438E+00            -0.124E+01
            -0.430E+00            -0.123E+01
            -0.422E+00            -0.121E+01
            -0.414E+00            -0.119E+01
            -0.406E+00            -0.117E+01
            -0.398E+00            -0.114E+01
            -0.390E+00            -0.110E+01
            -0.382E+00            -0.106E+01
            -0.375E+00            -0.101E+01
            -0.367E+00            -0.960E+00
            -0.359E+00            -0.903E+00
            -0.351E+00            -0.842E+00
            -0.343E+00            -0.775E+00
            -0.335E+00            -0.705E+00
            -0.327E+00            -0.630E+00
            -0.319E+00            -0.551E+00
            -0.311E+00            -0.469E+00
            -0.304E+00            -0.384E+00
            -0.296E+00            -0.296E+00
            -0.288E+00            -0.207E+00
            -0.280E+00            -0.116E+00
            -0.272E+00            -0.250E-01
            -0.264E+00             0.667E-01
            -0.256E+00             0.158E+00
            -0.248E+00             0.248E+00
            -0.240E+00             0.336E+00
            -0.233E+00             0.422E+00
            -0.225E+00             0.505E+00
            -0.217E+00             0.584E+00
            -0.209E+00             0.659E+00
            -0.201E+00             0.728E+00
            -0.193E+00             0.792E+00
            -0.185E+00             0.850E+00
            -0.177E+00             0.902E+00
            -0.170E+00             0.946E+00
            -0.162E+00             0.983E+00
            -0.154E+00             0.101E+01
            -0.146E+00             0.103E+01
            -0.138E+00             0.104E+01
            -0.130E+00             0.105E+01
            -0.122E+00             0.104E+01
            -0.114E+00             0.103E+01
            -0.106E+00             0.101E+01
            -0.986E-01             0.977E+00
            -0.907E-01             0.938E+00
            -0.828E-01             0.891E+00
            -0.749E-01             0.836E+00
            -0.670E-01             0.775E+00
            -0.591E-01             0.707E+00
            -0.512E-01             0.632E+00
            -0.434E-01             0.552E+00
            -0.355E-01             0.468E+00
            -0.276E-01             0.379E+00
            -0.197E-01             0.287E+00
            -0.118E-01             0.193E+00
            -0.394E-02             0.969E-01
             0.394E-02             0.497E-12
             0.118E-01            -0.969E-01
             0.197E-01            -0.193E+00
             0.276E-01            -0.287E+00
             0.355E-01            -0.379E+00
             0.434E-01            -0.468E+00
             0.512E-01            -0.552E+00
             0.591E-01            -0.632E+00
             0.670E-01            -0.707E+00
             0.749E-01            -0.775E+00
             0.828E-01            -0.836E+00
             0.907E-01            -0.891E+00
             0.986E-01            -0.938E+00
             0.106E+00            -0.977E+00
             0.114E+00            -0.101E+01
             0.122E+00            -0.103E+01
             0.130E+00            -0.104E+01
             0.138E+00            -0.105E+01
             0.146E+00            -0.104E+01
             0.154E+00            -0.103E+01
             0.162E+00            -0.101E+01
             0.170E+00            -0.983E+00
             0.177E+00            -0.946E+00
             0.185E+00            -0.902E+00
             0.193E+00            -0.850E+00
             0.201E+00            -0.792E+00
             0.209E+00            -0.728E+00
             0.217E+00            -0.659E+00
             0.225E+00            -0.584E+00
             0.233E+00            -0.505E+00
             0.240E+00            -0.422E+00
             0.248E+00            -0.336E+00
             0.256E+00            -0.248E+00
             0.264E+00            -0.158E+00
             0.272E+00            -0.667E-01
             0.280E+00             0.250E-01
             0.288E+00             0.116E+00
             0.296E+00             0.207E+00
             0.304E+00             0.296E+00
             0.311E+00             0.384E+00
             0.319E+00             0.469E+00
             0.327E+00             0.551E+00
             0.335E+00             0.630E+00
             0.343E+00             0.705E+00
             0.351E+00             0.775E+00
             0.359E+00             0.842E+00
             0.367E+00             0.903E+00
             0.375E+00             0.960E+00
             0.382E+00             0.101E+01
             0.390E+00             0.106E+01
             0.398E+00             0.110E+01
             0.406E+00             0.114E+01
             0.414E+00             0.117E+01
             0.422E+00             0.119E+01
             0.430E+00             0.121E+01
             0.438E+00             0.123E+01
             0.445E+00             0.124E+01
             0.453E+00             0.124E+01
             0.461E+00             0.124E+01
             0.469E+00             0.124E+01
             0.477E+00             0.123E+01
             0.485E+00             0.122E+01
             0.493E+00             0.121E+01
             0.501E+00             0.119E+01
             0.509E+00             0.117E+01
             0.516E+00             0.114E+01
             0.524E+00             0.111E+01
             0.532E+00             0.109E+01
             0.540E+00             0.105E+01
             0.548E+00             0.102E+01
             0.556E+00             0.988E+00
             0.564E+00             0.953E+00
             0.572E+00             0.917E+00
             0.580E+00             0.881E+00
             0.587E+00             0.844E+00
             0.595E+00             0.807E+00
             0.603E+00             0.770E+00
             0.611E+00             0.733E+00
             0.619E+00             0.696E+00
             0.627E+00             0.660E+00
             0.635E+00             0.625E+00
             0.643E+00             0.590E+00
             0.650E+00             0.556E+00
             0.658E+00             0.523E+00
             0.666E+00             0.491E+00
             0.674E+00             0.460E+00
             0.682E+00             0.431E+00
             0.690E+00             0.402E+00
             0.698E+00             0.375E+00
             0.706E+00             0.349E+00
             0.714E+00             0.324E+00
             0.721E+00             0.301E+00
             0.729E+00             0.278E+00
             0.737E+00             0.257E+00
             0.745E+00             0.237E+00
             0.753E+00             0.218E+00
             0.761E+00             0.201E+00
             0.769E+00             0.184E+00
             0.777E+00             0.169E+00
             0.784E+00             0.154E+00
             0.792E+00             0.141E+00
             0.800E+00             0.129E+00
             0.808E+00             0.117E+00
             0.816E+00             0.106E+00
             0.824E+00             0.965E-01
             0.832E+00             0.874E-01
             0.840E+00             0.790E-01
             0.848E+00             0.714E-01
             0.855E+00             0.644E-01
             0.863E+00             0.579E-01
             0.871E+00             0.521E-01
             0.879E+00             0.467E-01
             0.887E+00             0.419E-01
             0.895E+00             0.375E-01
             0.903E+00             0.335E-01
             0.911E+00             0.298E-01
             0.919E+00             0.266E-01
             0.926E+00             0.236E-01
             0.934E+00             0.210E-01
             0.942E+00             0.186E-01
             0.950E+00             0.165E-01
             0.958E+00             0.146E-01
             0.966E+00             0.129E-01
             0.974E+00             0.113E-01
             0.982E+00             0.997E-02
             0.989E+00             0.876E-02
             0.997E+00             0.768E-02
             0.101E+01             0.673E-02
             0.101E+01             0.589E-02
             0.102E+01             0.515E-02
             0.103E+01             0.449E-02
             0.104E+01             0.391E-02
             0.104E+01             0.340E-02
             0.105E+01             0.295E-02
             0.106E+01             0.256E-02
             0.107E+01             0.222E-02
             0.108E+01             0.192E-02
             0.108E+01             0.166E-02
             0.109E+01             0.143E-02
             0.110E+01             0.123E-02
             0.111E+01             0.106E-02
             0.112E+01             0.909E-03
             0.112E+01             0.780E-03
             0.113E+01             0.667E-03
             0.114E+01             0.571E-03
             0.115E+01             0.487E-03
             0.116E+01             0.416E-03
             0.116E+01             0.354E-03
             0.117E+01             0.301E-03
             0.118E+01             0.256E-03
             0.119E+01             0.217E-03
             0.119E+01             0.184E-03
             0.120E+01             0.155E-03
             0.121E+01             0.131E-03
             0.122E+01             0.111E-03
             0.123E+01             0.931E-04
             0.123E+01             0.783E-04
             0.124E+01             0.657E-04
             0.125E+01             0.551E-04
             0.126E+01             0.462E-04
             0.127E+01             0.386E-04
             0.127E+01             0.322E-04
             0.128E+01             0.269E-04
             0.129E+01             0.224E-04
             0.130E+01             0.186E-04
             0.130E+01             0.155E-04
             0.131E+01             0.128E-04
             0.132E+01             0.106E-04
             0.133E+01             0.880E-05
             0.134E+01             0.727E-05
             0.134E+01             0.600E-05
             0.135E+01             0.494E-05
             0.136E+01             0.407E-05
             0.137E+01             0.334E-05
             0.138E+01             0.274E-05
             0.138E+01             0.225E-05
             0.139E+01             0.184E-05
             0.140E+01             0.150E-05
             0.141E+01             0.123E-05
             0.142E+01             0.100E-05
             0.142E+01             0.815E-06
             0.143E+01             0.662E-06
             0.144E+01             0.538E-06
             0.145E+01             0.436E-06
             0.145E+01             0.353E-06
             0.146E+01             0.285E-06
             0.147E+01             0.231E-06
             0.148E+01             0.186E-06
             0.149E+01             0.150E-06
             0.149E+01             0.120E-06
             0.150E+01             0.968E-07
             0.151E+01             0.776E-07
             0.152E+01             0.622E-07
             0.153E+01             0.498E-07
             0.153E+01             0.398E-07
             0.154E+01             0.317E-07
             0.155E+01             0.253E-07
             0.156E+01             0.201E-07
             0.157E+01             0.160E-07
             0.157E+01             0.127E-07
             0.158E+01             0.101E-07
             0.159E+01             0.797E-08
             0.160E+01             0.630E-08
             0.160E+01             0.498E-08
             0.161E+01             0.393E-08
             0.162E+01             0.309E-08
             0.163E+01             0.243E-08
             0.164E+01             0.191E-08
             0.164E+01             0.150E-08
             0.165E+01             0.117E-08
             0.166E+01             0.919E-09
             0.167E+01             0.718E-09
             0.168E+01             0.560E-09
             0.168E+01             0.437E-09
             0.169E+01             0.340E-09
             0.170E+01             0.264E-09
             0.171E+01             0.205E-09
             0.171E+01             0.159E-09
             0.172E+01             0.123E-09
             0.173E+01             0.952E-10
             0.174E+01             0.736E-10
             0.175E+01             0.567E-10
             0.175E+01             0.437E-10
             0.176E+01             0.336E-10
             0.177E+01             0.258E-10
             0.178E+01             0.198E-10
             0.179E+01             0.152E-10
             0.179E+01             0.116E-10
             0.180E+01             0.888E-11
             0.181E+01             0.678E-11
             0.182E+01             0.518E-11
             0.183E+01             0.394E-11
             0.183E+01             0.299E-11
             0.184E+01             0.228E-11
             0.185E+01             0.172E-11
             0.186E+01             0.130E-11
             0.186E+01             0.984E-12
             0.187E+01             0.750E-12
             0.188E+01             0.567E-12
             0.189E+01             0.425E-12
             0.190E+01             0.319E-12
             0.190E+01             0.241E-12
             0.191E+01             0.180E-12
             0.192E+01             0.138E-12
             0.193E+01             0.102E-12
             0.194E+01             0.773E-13
             0.194E+01             0.569E-13
             0.195E+01             0.450E-13
             0.196E+01             0.329E-13
             0.197E+01             0.245E-13
             0.198E+01             0.188E-13
             0.198E+01             0.136E-13
             0.199E+01             0.816E-14
             0.200E+01             0.825E-14
             0.201E+01             0.645E-14
             0.201E+01             0.675E-14
             0.202E+01             0.130E-14
             0.203E+01             0.270E-14
             0.204E+01             0.744E-15
             0.205E+01             0.989E-15
             0.205E+01             0.102E-14
             0.206E+01             0.154E-14
             0.207E+01            -0.687E-15
             0.208E+01             0.199E-14
             0.209E+01            -0.401E-14
             0.209E+01            -0.312E-14
             0.210E+01            -0.728E-15
             0.211E+01            -0.213E-14
             0.212E+01            -0.283E-15
             0.212E+01             0.216E-14
             0.213E+01             0.904E-15
             0.214E+01             0.713E-15
             0.215E+01             0.323E-14
             0.216E+01            -0.115E-14
             0.216E+01             0.254E-14
             0.217E+01            -0.159E-14
             0.218E+01             0.283E-15
             0.219E+01             0.708E-15
             0.220E+01            -0.133E-14
             0.220E+01             0.316E-14
             0.221E+01             0.213E-14
             0.222E+01            -0.102E-14
             0.223E+01             0.163E-14
             0.224E+01            -0.626E-16
             0.224E+01            -0.313E-15
             0.225E+01            -0.201E-14
             0.226E+01            -0.599E-15
             0.227E+01             0.289E-14
             0.227E+01            -0.307E-15
             0.228E+01            -0.189E-15
             0.229E+01            -0.134E-14
             0.230E+01            -0.150E-14
             0.231E+01             0.436E-15
             0.231E+01            -0.237E-14
             0.232E+01             0.774E-15
             0.233E+01            -0.762E-15
             0.234E+01             0.102E-17
             0.235E+01             0.136E-14
             0.235E+01            -0.624E-15
             0.236E+01            -0.854E-15
             0.237E+01            -0.270E-16
             0.238E+01             0.652E-15
             0.239E+01            -0.345E-14
             0.239E+01             0.219E-14
             0.240E+01            -0.632E-15
             0.241E+01             0.728E-16
             0.242E+01             0.235E-14
             0.242E+01             0.896E-15
             0.243E+01            -0.211E-16
             0.244E+01            -0.478E-14
             0.245E+01             0.267E-14
             0.246E+01             0.157E-14
             0.246E+01             0.734E-16
             0.247E+01             0.174E-14
             0.248E+01            -0.165E-14
             0.249E+01             0.121E-14
             0.250E+01            -0.467E-15
             0.250E+01             0.138E-14
             0.251E+01            -0.948E-16
             0.252E+01            -0.214E-15
             0.253E+01             0.225E-15
             0.253E+01             0.894E-15
             0.254E+01             0.175E-14
             0.255E+01             0.240E-14
             0.256E+01            -0.327E-14
             0.257E+01             0.419E-14
             0.257E+01            -0.202E-14
             0.258E+01            -0.420E-15
             0.259E+01            -0.568E-15
             0.260E+01             0.979E-15
             0.261E+01            -0.142E-14
             0.261E+01             0.248E-14
             0.262E+01            -0.124E-14
             0.263E+01            -0.296E-14
             0.264E+01            -0.384E-15
             0.265E+01             0.558E-15
             0.265E+01            -0.673E-15
             0.266E+01             0.104E-14
             0.267E+01            -0.217E-14
             0.268E+01             0.101E-14
             0.268E+01            -0.982E-15
             0.269E+01             0.392E-15
             0.270E+01             0.729E-15
             0.271E+01             0.409E-15
             0.272E+01            -0.196E-14
             0.272E+01            -0.507E-14
             0.273E+01             0.295E-14
             0.274E+01            -0.178E-14
             0.275E+01             0.486E-15
             0.276E+01            -0.180E-14
             0.276E+01            -0.516E-15
             0.277E+01             0.794E-15
             0.278E+01             0.147E-14
             0.279E+01             0.154E-14
             0.280E+01             0.112E-14
             0.280E+01             0.118E-14
             0.281E+01             0.181E-14
             0.282E+01             0.356E-15
             0.283E+01            -0.332E-15
             0.283E+01             0.932E-15
             0.284E+01             0.384E-14
             0.285E+01            -0.804E-15
             0.286E+01            -0.231E-14
             0.287E+01             0.178E-14
             0.287E+01             0.701E-15
             0.288E+01            -0.162E-14
             0.289E+01            -0.181E-14
             0.290E+01             0.112E-15
             0.291E+01            -0.655E-15
             0.291E+01            -0.659E-15
             0.292E+01            -0.129E-14
             0.293E+01             0.126E-14
             0.294E+01             0.226E-14
             0.294E+01             0.127E-14
             0.295E+01             0.250E-15
             0.296E+01             0.100E-14
             0.297E+01            -0.344E-15
             0.298E+01            -0.385E-14
             0.298E+01             0.630E-16
             0.299E+01            -0.332E-15
             0.300E+01            -0.444E-15
