            -0.300E+01            -0.119E-37
            -0.299E+01            -0.246E-37
            -0.299E+01            -0.387E-37
            -0.298E+01            -0.551E-37
            -0.298E+01            -0.748E-37
            -0.298E+01            -0.989E-37
            -0.297E+01            -0.129E-36
            -0.297E+01            -0.166E-36
            -0.296E+01            -0.213E-36
            -0.296E+01            -0.273E-36
            -0.295E+01            -0.349E-36
            -0.295E+01            -0.444E-36
            -0.295E+01            -0.566E-36
            -0.294E+01            -0.720E-36
            -0.294E+01            -0.915E-36
            -0.293E+01            -0.116E-35
            -0.293E+01            -0.148E-35
            -0.293E+01            -0.188E-35
            -0.292E+01            -0.238E-35
            -0.292E+01            -0.302E-35
            -0.291E+01            -0.383E-35
            -0.291E+01            -0.486E-35
            -0.291E+01            -0.616E-35
            -0.290E+01            -0.780E-35
            -0.290E+01            -0.988E-35
            -0.289E+01            -0.125E-34
            -0.289E+01            -0.158E-34
            -0.289E+01            -0.200E-34
            -0.288E+01            -0.253E-34
            -0.288E+01            -0.321E-34
            -0.287E+01            -0.405E-34
            -0.287E+01            -0.512E-34
            -0.286E+01            -0.647E-34
            -0.286E+01            -0.817E-34
            -0.286E+01            -0.103E-33
            -0.285E+01            -0.130E-33
            -0.285E+01            -0.164E-33
            -0.284E+01            -0.207E-33
            -0.284E+01            -0.261E-33
            -0.284E+01            -0.329E-33
            -0.283E+01            -0.414E-33
            -0.283E+01            -0.522E-33
            -0.282E+01            -0.657E-33
            -0.282E+01            -0.827E-33
            -0.282E+01            -0.104E-32
            -0.281E+01            -0.131E-32
            -0.281E+01            -0.164E-32
            -0.280E+01            -0.207E-32
            -0.280E+01            -0.260E-32
            -0.279E+01            -0.326E-32
            -0.279E+01            -0.410E-32
            -0.279E+01            -0.514E-32
            -0.278E+01            -0.645E-32
            -0.278E+01            -0.809E-32
            -0.277E+01            -0.101E-31
            -0.277E+01            -0.127E-31
            -0.277E+01            -0.159E-31
            -0.276E+01            -0.200E-31
            -0.276E+01            -0.250E-31
            -0.275E+01            -0.313E-31
            -0.275E+01            -0.391E-31
            -0.275E+01            -0.490E-31
            -0.274E+01            -0.612E-31
            -0.274E+01            -0.766E-31
            -0.273E+01            -0.957E-31
            -0.273E+01            -0.120E-30
            -0.272E+01            -0.149E-30
            -0.272E+01            -0.186E-30
            -0.272E+01            -0.233E-30
            -0.271E+01            -0.290E-30
            -0.271E+01            -0.362E-30
            -0.270E+01            -0.451E-30
            -0.270E+01            -0.562E-30
            -0.270E+01            -0.700E-30
            -0.269E+01            -0.872E-30
            -0.269E+01            -0.109E-29
            -0.268E+01            -0.135E-29
            -0.268E+01            -0.168E-29
            -0.268E+01            -0.209E-29
            -0.267E+01            -0.260E-29
            -0.267E+01            -0.323E-29
            -0.266E+01            -0.402E-29
            -0.266E+01            -0.499E-29
            -0.266E+01            -0.619E-29
            -0.265E+01            -0.769E-29
            -0.265E+01            -0.954E-29
            -0.264E+01            -0.118E-28
            -0.264E+01            -0.147E-28
            -0.263E+01            -0.182E-28
            -0.263E+01            -0.225E-28
            -0.263E+01            -0.279E-28
            -0.262E+01            -0.346E-28
            -0.262E+01            -0.428E-28
            -0.261E+01            -0.530E-28
            -0.261E+01            -0.655E-28
            -0.261E+01            -0.810E-28
            -0.260E+01            -0.100E-27
            -0.260E+01            -0.124E-27
            -0.259E+01            -0.153E-27
            -0.259E+01            -0.189E-27
            -0.259E+01            -0.233E-27
            -0.258E+01            -0.288E-27
            -0.258E+01            -0.355E-27
            -0.257E+01            -0.438E-27
            -0.257E+01            -0.540E-27
            -0.256E+01            -0.665E-27
            -0.256E+01            -0.820E-27
            -0.256E+01            -0.101E-26
            -0.255E+01            -0.124E-26
            -0.255E+01            -0.153E-26
            -0.254E+01            -0.188E-26
            -0.254E+01            -0.231E-26
            -0.254E+01            -0.285E-26
            -0.253E+01            -0.350E-26
            -0.253E+01            -0.430E-26
            -0.252E+01            -0.528E-26
            -0.252E+01            -0.648E-26
            -0.252E+01            -0.796E-26
            -0.251E+01            -0.977E-26
            -0.251E+01            -0.120E-25
            -0.250E+01            -0.147E-25
            -0.250E+01            -0.180E-25
            -0.249E+01            -0.221E-25
            -0.249E+01            -0.270E-25
            -0.249E+01            -0.331E-25
            -0.248E+01            -0.405E-25
            -0.248E+01            -0.496E-25
            -0.247E+01            -0.607E-25
            -0.247E+01            -0.742E-25
            -0.247E+01            -0.907E-25
            -0.246E+01            -0.111E-24
            -0.246E+01            -0.135E-24
            -0.245E+01            -0.165E-24
            -0.245E+01            -0.202E-24
            -0.245E+01            -0.246E-24
            -0.244E+01            -0.301E-24
            -0.244E+01            -0.367E-24
            -0.243E+01            -0.447E-24
            -0.243E+01            -0.545E-24
            -0.243E+01            -0.664E-24
            -0.242E+01            -0.808E-24
            -0.242E+01            -0.984E-24
            -0.241E+01            -0.120E-23
            -0.241E+01            -0.146E-23
            -0.240E+01            -0.177E-23
            -0.240E+01            -0.216E-23
            -0.240E+01            -0.262E-23
            -0.239E+01            -0.318E-23
            -0.239E+01            -0.387E-23
            -0.238E+01            -0.470E-23
            -0.238E+01            -0.570E-23
            -0.238E+01            -0.692E-23
            -0.237E+01            -0.839E-23
            -0.237E+01            -0.102E-22
            -0.236E+01            -0.123E-22
            -0.236E+01            -0.149E-22
            -0.236E+01            -0.181E-22
            -0.235E+01            -0.219E-22
            -0.235E+01            -0.265E-22
            -0.234E+01            -0.321E-22
            -0.234E+01            -0.389E-22
            -0.233E+01            -0.470E-22
            -0.233E+01            -0.568E-22
            -0.233E+01            -0.686E-22
            -0.232E+01            -0.829E-22
            -0.232E+01            -0.100E-21
            -0.231E+01            -0.121E-21
            -0.231E+01            -0.146E-21
            -0.231E+01            -0.176E-21
            -0.230E+01            -0.212E-21
            -0.230E+01            -0.256E-21
            -0.229E+01            -0.309E-21
            -0.229E+01            -0.372E-21
            -0.229E+01            -0.448E-21
            -0.228E+01            -0.539E-21
            -0.228E+01            -0.649E-21
            -0.227E+01            -0.781E-21
            -0.227E+01            -0.939E-21
            -0.226E+01            -0.113E-20
            -0.226E+01            -0.136E-20
            -0.226E+01            -0.163E-20
            -0.225E+01            -0.196E-20
            -0.225E+01            -0.235E-20
            -0.224E+01            -0.282E-20
            -0.224E+01            -0.339E-20
            -0.224E+01            -0.406E-20
            -0.223E+01            -0.487E-20
            -0.223E+01            -0.584E-20
            -0.222E+01            -0.700E-20
            -0.222E+01            -0.838E-20
            -0.222E+01            -0.100E-19
            -0.221E+01            -0.120E-19
            -0.221E+01            -0.144E-19
            -0.220E+01            -0.172E-19
            -0.220E+01            -0.206E-19
            -0.220E+01            -0.246E-19
            -0.219E+01            -0.294E-19
            -0.219E+01            -0.351E-19
            -0.218E+01            -0.419E-19
            -0.218E+01            -0.501E-19
            -0.217E+01            -0.598E-19
            -0.217E+01            -0.713E-19
            -0.217E+01            -0.850E-19
            -0.216E+01            -0.101E-18
            -0.216E+01            -0.121E-18
            -0.215E+01            -0.144E-18
            -0.215E+01            -0.171E-18
            -0.215E+01            -0.204E-18
            -0.214E+01            -0.243E-18
            -0.214E+01            -0.289E-18
            -0.213E+01            -0.344E-18
            -0.213E+01            -0.409E-18
            -0.213E+01            -0.486E-18
            -0.212E+01            -0.577E-18
            -0.212E+01            -0.686E-18
            -0.211E+01            -0.814E-18
            -0.211E+01            -0.966E-18
            -0.210E+01            -0.115E-17
            -0.210E+01            -0.136E-17
            -0.210E+01            -0.161E-17
            -0.209E+01            -0.191E-17
            -0.209E+01            -0.227E-17
            -0.208E+01            -0.268E-17
            -0.208E+01            -0.318E-17
            -0.208E+01            -0.376E-17
            -0.207E+01            -0.445E-17
            -0.207E+01            -0.527E-17
            -0.206E+01            -0.623E-17
            -0.206E+01            -0.736E-17
            -0.206E+01            -0.870E-17
            -0.205E+01            -0.103E-16
            -0.205E+01            -0.121E-16
            -0.204E+01            -0.143E-16
            -0.204E+01            -0.169E-16
            -0.203E+01            -0.199E-16
            -0.203E+01            -0.235E-16
            -0.203E+01            -0.277E-16
            -0.202E+01            -0.327E-16
            -0.202E+01            -0.385E-16
            -0.201E+01            -0.453E-16
            -0.201E+01            -0.534E-16
            -0.201E+01            -0.628E-16
            -0.200E+01            -0.739E-16
            -0.200E+01            -0.869E-16
            -0.199E+01            -0.102E-15
            -0.199E+01            -0.120E-15
            -0.199E+01            -0.141E-15
            -0.198E+01            -0.166E-15
            -0.198E+01            -0.195E-15
            -0.197E+01            -0.228E-15
            -0.197E+01            -0.268E-15
            -0.197E+01            -0.314E-15
            -0.196E+01            -0.369E-15
            -0.196E+01            -0.432E-15
            -0.195E+01            -0.506E-15
            -0.195E+01            -0.593E-15
            -0.194E+01            -0.694E-15
            -0.194E+01            -0.813E-15
            -0.194E+01            -0.951E-15
            -0.193E+01            -0.111E-14
            -0.193E+01            -0.130E-14
            -0.192E+01            -0.152E-14
            -0.192E+01            -0.178E-14
            -0.192E+01            -0.208E-14
            -0.191E+01            -0.242E-14
            -0.191E+01            -0.283E-14
            -0.190E+01            -0.330E-14
            -0.190E+01            -0.385E-14
            -0.190E+01            -0.449E-14
            -0.189E+01            -0.524E-14
            -0.189E+01            -0.610E-14
            -0.188E+01            -0.711E-14
            -0.188E+01            -0.828E-14
            -0.187E+01            -0.964E-14
            -0.187E+01            -0.112E-13
            -0.187E+01            -0.130E-13
            -0.186E+01            -0.152E-13
            -0.186E+01            -0.176E-13
            -0.185E+01            -0.205E-13
            -0.185E+01            -0.238E-13
            -0.185E+01            -0.277E-13
            -0.184E+01            -0.321E-13
            -0.184E+01            -0.373E-13
            -0.183E+01            -0.432E-13
            -0.183E+01            -0.502E-13
            -0.183E+01            -0.581E-13
            -0.182E+01            -0.674E-13
            -0.182E+01            -0.781E-13
            -0.181E+01            -0.904E-13
            -0.181E+01            -0.105E-12
            -0.180E+01            -0.121E-12
            -0.180E+01            -0.140E-12
            -0.180E+01            -0.162E-12
            -0.179E+01            -0.188E-12
            -0.179E+01            -0.217E-12
            -0.178E+01            -0.250E-12
            -0.178E+01            -0.289E-12
            -0.178E+01            -0.334E-12
            -0.177E+01            -0.386E-12
            -0.177E+01            -0.445E-12
            -0.176E+01            -0.513E-12
            -0.176E+01            -0.592E-12
            -0.176E+01            -0.682E-12
            -0.175E+01            -0.786E-12
            -0.175E+01            -0.905E-12
            -0.174E+01            -0.104E-11
            -0.174E+01            -0.120E-11
            -0.174E+01            -0.138E-11
            -0.173E+01            -0.159E-11
            -0.173E+01            -0.183E-11
            -0.172E+01            -0.210E-11
            -0.172E+01            -0.241E-11
            -0.171E+01            -0.277E-11
            -0.171E+01            -0.318E-11
            -0.171E+01            -0.365E-11
            -0.170E+01            -0.419E-11
            -0.170E+01            -0.481E-11
            -0.169E+01            -0.552E-11
            -0.169E+01            -0.632E-11
            -0.169E+01            -0.725E-11
            -0.168E+01            -0.830E-11
            -0.168E+01            -0.951E-11
            -0.167E+01            -0.109E-10
            -0.167E+01            -0.125E-10
            -0.167E+01            -0.143E-10
            -0.166E+01            -0.163E-10
            -0.166E+01            -0.186E-10
            -0.165E+01            -0.213E-10
            -0.165E+01            -0.243E-10
            -0.164E+01            -0.278E-10
            -0.164E+01            -0.317E-10
            -0.164E+01            -0.362E-10
            -0.163E+01            -0.413E-10
            -0.163E+01            -0.471E-10
            -0.162E+01            -0.537E-10
            -0.162E+01            -0.612E-10
            -0.162E+01            -0.697E-10
            -0.161E+01            -0.794E-10
            -0.161E+01            -0.904E-10
            -0.160E+01            -0.103E-09
            -0.160E+01            -0.117E-09
            -0.160E+01            -0.133E-09
            -0.159E+01            -0.151E-09
            -0.159E+01            -0.172E-09
            -0.158E+01            -0.196E-09
            -0.158E+01            -0.222E-09
            -0.157E+01            -0.252E-09
            -0.157E+01            -0.286E-09
            -0.157E+01            -0.325E-09
            -0.156E+01            -0.369E-09
            -0.156E+01            -0.418E-09
            -0.155E+01            -0.474E-09
            -0.155E+01            -0.537E-09
            -0.155E+01            -0.608E-09
            -0.154E+01            -0.688E-09
            -0.154E+01            -0.779E-09
            -0.153E+01            -0.882E-09
            -0.153E+01            -0.997E-09
            -0.153E+01            -0.113E-08
            -0.152E+01            -0.127E-08
            -0.152E+01            -0.144E-08
            -0.151E+01            -0.163E-08
            -0.151E+01            -0.184E-08
            -0.151E+01            -0.207E-08
            -0.150E+01            -0.234E-08
            -0.150E+01            -0.264E-08
            -0.149E+01            -0.298E-08
            -0.149E+01            -0.336E-08
            -0.148E+01            -0.378E-08
            -0.148E+01            -0.426E-08
            -0.148E+01            -0.480E-08
            -0.147E+01            -0.540E-08
            -0.147E+01            -0.608E-08
            -0.146E+01            -0.684E-08
            -0.146E+01            -0.769E-08
            -0.146E+01            -0.864E-08
            -0.145E+01            -0.971E-08
            -0.145E+01            -0.109E-07
            -0.144E+01            -0.123E-07
            -0.144E+01            -0.138E-07
            -0.144E+01            -0.154E-07
            -0.143E+01            -0.173E-07
            -0.143E+01            -0.194E-07
            -0.142E+01            -0.218E-07
            -0.142E+01            -0.244E-07
            -0.141E+01            -0.273E-07
            -0.141E+01            -0.306E-07
            -0.141E+01            -0.343E-07
            -0.140E+01            -0.384E-07
            -0.140E+01            -0.429E-07
            -0.139E+01            -0.480E-07
            -0.139E+01            -0.537E-07
            -0.139E+01            -0.600E-07
            -0.138E+01            -0.670E-07
            -0.138E+01            -0.748E-07
            -0.137E+01            -0.835E-07
            -0.137E+01            -0.932E-07
            -0.137E+01            -0.104E-06
            -0.136E+01            -0.116E-06
            -0.136E+01            -0.129E-06
            -0.135E+01            -0.144E-06
            -0.135E+01            -0.161E-06
            -0.134E+01            -0.179E-06
            -0.134E+01            -0.199E-06
            -0.134E+01            -0.222E-06
            -0.133E+01            -0.247E-06
            -0.133E+01            -0.274E-06
            -0.132E+01            -0.305E-06
            -0.132E+01            -0.339E-06
            -0.132E+01            -0.376E-06
            -0.131E+01            -0.418E-06
            -0.131E+01            -0.464E-06
            -0.130E+01            -0.515E-06
            -0.130E+01            -0.572E-06
            -0.130E+01            -0.634E-06
            -0.129E+01            -0.703E-06
            -0.129E+01            -0.779E-06
            -0.128E+01            -0.863E-06
            -0.128E+01            -0.956E-06
            -0.128E+01            -0.106E-05
            -0.127E+01            -0.117E-05
            -0.127E+01            -0.130E-05
            -0.126E+01            -0.143E-05
            -0.126E+01            -0.159E-05
            -0.125E+01            -0.175E-05
            -0.125E+01            -0.194E-05
            -0.125E+01            -0.214E-05
            -0.124E+01            -0.236E-05
            -0.124E+01            -0.261E-05
            -0.123E+01            -0.287E-05
            -0.123E+01            -0.317E-05
            -0.123E+01            -0.350E-05
            -0.122E+01            -0.385E-05
            -0.122E+01            -0.425E-05
            -0.121E+01            -0.468E-05
            -0.121E+01            -0.515E-05
            -0.121E+01            -0.567E-05
            -0.120E+01            -0.624E-05
            -0.120E+01            -0.686E-05
            -0.119E+01            -0.754E-05
            -0.119E+01            -0.829E-05
            -0.118E+01            -0.911E-05
            -0.118E+01            -0.100E-04
            -0.118E+01            -0.110E-04
            -0.117E+01            -0.121E-04
            -0.117E+01            -0.132E-04
            -0.116E+01            -0.145E-04
            -0.116E+01            -0.159E-04
            -0.116E+01            -0.174E-04
            -0.115E+01            -0.191E-04
            -0.115E+01            -0.209E-04
            -0.114E+01            -0.229E-04
            -0.114E+01            -0.251E-04
            -0.114E+01            -0.274E-04
            -0.113E+01            -0.300E-04
            -0.113E+01            -0.328E-04
            -0.112E+01            -0.359E-04
            -0.112E+01            -0.392E-04
            -0.111E+01            -0.428E-04
            -0.111E+01            -0.467E-04
            -0.111E+01            -0.510E-04
            -0.110E+01            -0.556E-04
            -0.110E+01            -0.607E-04
            -0.109E+01            -0.662E-04
            -0.109E+01            -0.721E-04
            -0.109E+01            -0.786E-04
            -0.108E+01            -0.856E-04
            -0.108E+01            -0.932E-04
            -0.107E+01            -0.101E-03
            -0.107E+01            -0.110E-03
            -0.107E+01            -0.120E-03
            -0.106E+01            -0.131E-03
            -0.106E+01            -0.142E-03
            -0.105E+01            -0.154E-03
            -0.105E+01            -0.167E-03
            -0.105E+01            -0.182E-03
            -0.104E+01            -0.197E-03
            -0.104E+01            -0.214E-03
            -0.103E+01            -0.232E-03
            -0.103E+01            -0.252E-03
            -0.102E+01            -0.273E-03
            -0.102E+01            -0.296E-03
            -0.102E+01            -0.320E-03
            -0.101E+01            -0.347E-03
            -0.101E+01            -0.375E-03
            -0.100E+01            -0.406E-03
            -0.100E+01            -0.439E-03
            -0.996E+00            -0.474E-03
            -0.992E+00            -0.513E-03
            -0.988E+00            -0.554E-03
            -0.984E+00            -0.598E-03
            -0.979E+00            -0.646E-03
            -0.975E+00            -0.697E-03
            -0.971E+00            -0.752E-03
            -0.967E+00            -0.811E-03
            -0.963E+00            -0.874E-03
            -0.959E+00            -0.942E-03
            -0.955E+00            -0.102E-02
            -0.951E+00            -0.109E-02
            -0.947E+00            -0.118E-02
            -0.943E+00            -0.127E-02
            -0.938E+00            -0.136E-02
            -0.934E+00            -0.147E-02
            -0.930E+00            -0.158E-02
            -0.926E+00            -0.169E-02
            -0.922E+00            -0.182E-02
            -0.918E+00            -0.195E-02
            -0.914E+00            -0.210E-02
            -0.910E+00            -0.225E-02
            -0.906E+00            -0.241E-02
            -0.901E+00            -0.259E-02
            -0.897E+00            -0.277E-02
            -0.893E+00            -0.297E-02
            -0.889E+00            -0.318E-02
            -0.885E+00            -0.341E-02
            -0.881E+00            -0.365E-02
            -0.877E+00            -0.390E-02
            -0.873E+00            -0.418E-02
            -0.869E+00            -0.447E-02
            -0.864E+00            -0.477E-02
            -0.860E+00            -0.510E-02
            -0.856E+00            -0.545E-02
            -0.852E+00            -0.582E-02
            -0.848E+00            -0.621E-02
            -0.844E+00            -0.662E-02
            -0.840E+00            -0.706E-02
            -0.836E+00            -0.753E-02
            -0.832E+00            -0.803E-02
            -0.828E+00            -0.855E-02
            -0.823E+00            -0.911E-02
            -0.819E+00            -0.970E-02
            -0.815E+00            -0.103E-01
            -0.811E+00            -0.110E-01
            -0.807E+00            -0.117E-01
            -0.803E+00            -0.124E-01
            -0.799E+00            -0.132E-01
            -0.795E+00            -0.140E-01
            -0.791E+00            -0.149E-01
            -0.786E+00            -0.158E-01
            -0.782E+00            -0.168E-01
            -0.778E+00            -0.178E-01
            -0.774E+00            -0.189E-01
            -0.770E+00            -0.200E-01
            -0.766E+00            -0.212E-01
            -0.762E+00            -0.224E-01
            -0.758E+00            -0.238E-01
            -0.754E+00            -0.251E-01
            -0.749E+00            -0.266E-01
            -0.745E+00            -0.281E-01
            -0.741E+00            -0.298E-01
            -0.737E+00            -0.314E-01
            -0.733E+00            -0.332E-01
            -0.729E+00            -0.351E-01
            -0.725E+00            -0.370E-01
            -0.721E+00            -0.391E-01
            -0.717E+00            -0.412E-01
            -0.713E+00            -0.435E-01
            -0.708E+00            -0.458E-01
            -0.704E+00            -0.483E-01
            -0.700E+00            -0.509E-01
            -0.696E+00            -0.536E-01
            -0.692E+00            -0.564E-01
            -0.688E+00            -0.594E-01
            -0.684E+00            -0.624E-01
            -0.680E+00            -0.656E-01
            -0.676E+00            -0.690E-01
            -0.671E+00            -0.725E-01
            -0.667E+00            -0.761E-01
            -0.663E+00            -0.799E-01
            -0.659E+00            -0.839E-01
            -0.655E+00            -0.880E-01
            -0.651E+00            -0.923E-01
            -0.647E+00            -0.967E-01
            -0.643E+00            -0.101E+00
            -0.639E+00            -0.106E+00
            -0.634E+00            -0.111E+00
            -0.630E+00            -0.116E+00
            -0.626E+00            -0.122E+00
            -0.622E+00            -0.127E+00
            -0.618E+00            -0.133E+00
            -0.614E+00            -0.139E+00
            -0.610E+00            -0.145E+00
            -0.606E+00            -0.152E+00
            -0.602E+00            -0.158E+00
            -0.598E+00            -0.165E+00
            -0.593E+00            -0.173E+00
            -0.589E+00            -0.180E+00
            -0.585E+00            -0.187E+00
            -0.581E+00            -0.195E+00
            -0.577E+00            -0.203E+00
            -0.573E+00            -0.212E+00
            -0.569E+00            -0.220E+00
            -0.565E+00            -0.229E+00
            -0.561E+00            -0.238E+00
            -0.556E+00            -0.248E+00
            -0.552E+00            -0.258E+00
            -0.548E+00            -0.268E+00
            -0.544E+00            -0.278E+00
            -0.540E+00            -0.288E+00
            -0.536E+00            -0.299E+00
            -0.532E+00            -0.310E+00
            -0.528E+00            -0.321E+00
            -0.524E+00            -0.333E+00
            -0.520E+00            -0.345E+00
            -0.515E+00            -0.357E+00
            -0.511E+00            -0.370E+00
            -0.507E+00            -0.383E+00
            -0.503E+00            -0.396E+00
            -0.499E+00            -0.409E+00
            -0.495E+00            -0.423E+00
            -0.491E+00            -0.436E+00
            -0.487E+00            -0.451E+00
            -0.483E+00            -0.465E+00
            -0.478E+00            -0.480E+00
            -0.474E+00            -0.495E+00
            -0.470E+00            -0.510E+00
            -0.466E+00            -0.525E+00
            -0.462E+00            -0.541E+00
            -0.458E+00            -0.557E+00
            -0.454E+00            -0.573E+00
            -0.450E+00            -0.590E+00
            -0.446E+00            -0.606E+00
            -0.441E+00            -0.623E+00
            -0.437E+00            -0.640E+00
            -0.433E+00            -0.657E+00
            -0.429E+00            -0.675E+00
            -0.425E+00            -0.692E+00
            -0.421E+00            -0.710E+00
            -0.417E+00            -0.728E+00
            -0.413E+00            -0.746E+00
            -0.409E+00            -0.764E+00
            -0.405E+00            -0.782E+00
            -0.400E+00            -0.800E+00
            -0.396E+00            -0.819E+00
            -0.392E+00            -0.837E+00
            -0.388E+00            -0.855E+00
            -0.384E+00            -0.874E+00
            -0.380E+00            -0.892E+00
            -0.376E+00            -0.911E+00
            -0.372E+00            -0.929E+00
            -0.368E+00            -0.947E+00
            -0.363E+00            -0.965E+00
            -0.359E+00            -0.983E+00
            -0.355E+00            -0.100E+01
            -0.351E+00            -0.102E+01
            -0.347E+00            -0.104E+01
            -0.343E+00            -0.105E+01
            -0.339E+00            -0.107E+01
            -0.335E+00            -0.109E+01
            -0.331E+00            -0.111E+01
            -0.326E+00            -0.112E+01
            -0.322E+00            -0.114E+01
            -0.318E+00            -0.115E+01
            -0.314E+00            -0.117E+01
            -0.310E+00            -0.118E+01
            -0.306E+00            -0.120E+01
            -0.302E+00            -0.121E+01
            -0.298E+00            -0.123E+01
            -0.294E+00            -0.124E+01
            -0.290E+00            -0.125E+01
            -0.285E+00            -0.126E+01
            -0.281E+00            -0.128E+01
            -0.277E+00            -0.129E+01
            -0.273E+00            -0.130E+01
            -0.269E+00            -0.131E+01
            -0.265E+00            -0.132E+01
            -0.261E+00            -0.132E+01
            -0.257E+00            -0.133E+01
            -0.253E+00            -0.134E+01
            -0.248E+00            -0.134E+01
            -0.244E+00            -0.135E+01
            -0.240E+00            -0.135E+01
            -0.236E+00            -0.136E+01
            -0.232E+00            -0.136E+01
            -0.228E+00            -0.136E+01
            -0.224E+00            -0.136E+01
            -0.220E+00            -0.136E+01
            -0.216E+00            -0.136E+01
            -0.211E+00            -0.136E+01
            -0.207E+00            -0.136E+01
            -0.203E+00            -0.135E+01
            -0.199E+00            -0.135E+01
            -0.195E+00            -0.134E+01
            -0.191E+00            -0.134E+01
            -0.187E+00            -0.133E+01
            -0.183E+00            -0.132E+01
            -0.179E+00            -0.131E+01
            -0.175E+00            -0.130E+01
            -0.170E+00            -0.129E+01
            -0.166E+00            -0.127E+01
            -0.162E+00            -0.126E+01
            -0.158E+00            -0.125E+01
            -0.154E+00            -0.123E+01
            -0.150E+00            -0.121E+01
            -0.146E+00            -0.119E+01
            -0.142E+00            -0.117E+01
            -0.138E+00            -0.115E+01
            -0.133E+00            -0.113E+01
            -0.129E+00            -0.111E+01
            -0.125E+00            -0.109E+01
            -0.121E+00            -0.106E+01
            -0.117E+00            -0.104E+01
            -0.113E+00            -0.101E+01
            -0.109E+00            -0.985E+00
            -0.105E+00            -0.957E+00
            -0.101E+00            -0.928E+00
            -0.965E-01            -0.899E+00
            -0.924E-01            -0.868E+00
            -0.883E-01            -0.837E+00
            -0.842E-01            -0.804E+00
            -0.801E-01            -0.771E+00
            -0.760E-01            -0.738E+00
            -0.719E-01            -0.703E+00
            -0.678E-01            -0.668E+00
            -0.637E-01            -0.632E+00
            -0.595E-01            -0.596E+00
            -0.554E-01            -0.559E+00
            -0.513E-01            -0.521E+00
            -0.472E-01            -0.483E+00
            -0.431E-01            -0.445E+00
            -0.390E-01            -0.406E+00
            -0.349E-01            -0.366E+00
            -0.308E-01            -0.327E+00
            -0.267E-01            -0.286E+00
            -0.226E-01            -0.246E+00
            -0.185E-01            -0.205E+00
            -0.144E-01            -0.165E+00
            -0.103E-01            -0.124E+00
            -0.616E-02            -0.825E-01
            -0.205E-02            -0.413E-01
             0.205E-02            -0.139E-11
             0.616E-02             0.413E-01
             0.103E-01             0.825E-01
             0.144E-01             0.124E+00
             0.185E-01             0.165E+00
             0.226E-01             0.205E+00
             0.267E-01             0.246E+00
             0.308E-01             0.286E+00
             0.349E-01             0.327E+00
             0.390E-01             0.366E+00
             0.431E-01             0.406E+00
             0.472E-01             0.445E+00
             0.513E-01             0.483E+00
             0.554E-01             0.521E+00
             0.595E-01             0.559E+00
             0.637E-01             0.596E+00
             0.678E-01             0.632E+00
             0.719E-01             0.668E+00
             0.760E-01             0.703E+00
             0.801E-01             0.738E+00
             0.842E-01             0.771E+00
             0.883E-01             0.804E+00
             0.924E-01             0.837E+00
             0.965E-01             0.868E+00
             0.101E+00             0.899E+00
             0.105E+00             0.928E+00
             0.109E+00             0.957E+00
             0.113E+00             0.985E+00
             0.117E+00             0.101E+01
             0.121E+00             0.104E+01
             0.125E+00             0.106E+01
             0.129E+00             0.109E+01
             0.133E+00             0.111E+01
             0.138E+00             0.113E+01
             0.142E+00             0.115E+01
             0.146E+00             0.117E+01
             0.150E+00             0.119E+01
             0.154E+00             0.121E+01
             0.158E+00             0.123E+01
             0.162E+00             0.125E+01
             0.166E+00             0.126E+01
             0.170E+00             0.127E+01
             0.175E+00             0.129E+01
             0.179E+00             0.130E+01
             0.183E+00             0.131E+01
             0.187E+00             0.132E+01
             0.191E+00             0.133E+01
             0.195E+00             0.134E+01
             0.199E+00             0.134E+01
             0.203E+00             0.135E+01
             0.207E+00             0.135E+01
             0.211E+00             0.136E+01
             0.216E+00             0.136E+01
             0.220E+00             0.136E+01
             0.224E+00             0.136E+01
             0.228E+00             0.136E+01
             0.232E+00             0.136E+01
             0.236E+00             0.136E+01
             0.240E+00             0.136E+01
             0.244E+00             0.135E+01
             0.248E+00             0.135E+01
             0.253E+00             0.134E+01
             0.257E+00             0.134E+01
             0.261E+00             0.133E+01
             0.265E+00             0.132E+01
             0.269E+00             0.132E+01
             0.273E+00             0.131E+01
             0.277E+00             0.130E+01
             0.281E+00             0.129E+01
             0.285E+00             0.128E+01
             0.290E+00             0.126E+01
             0.294E+00             0.125E+01
             0.298E+00             0.124E+01
             0.302E+00             0.123E+01
             0.306E+00             0.121E+01
             0.310E+00             0.120E+01
             0.314E+00             0.118E+01
             0.318E+00             0.117E+01
             0.322E+00             0.115E+01
             0.326E+00             0.114E+01
             0.331E+00             0.112E+01
             0.335E+00             0.111E+01
             0.339E+00             0.109E+01
             0.343E+00             0.107E+01
             0.347E+00             0.105E+01
             0.351E+00             0.104E+01
             0.355E+00             0.102E+01
             0.359E+00             0.100E+01
             0.363E+00             0.983E+00
             0.368E+00             0.965E+00
             0.372E+00             0.947E+00
             0.376E+00             0.929E+00
             0.380E+00             0.911E+00
             0.384E+00             0.892E+00
             0.388E+00             0.874E+00
             0.392E+00             0.855E+00
             0.396E+00             0.837E+00
             0.400E+00             0.819E+00
             0.405E+00             0.800E+00
             0.409E+00             0.782E+00
             0.413E+00             0.764E+00
             0.417E+00             0.746E+00
             0.421E+00             0.728E+00
             0.425E+00             0.710E+00
             0.429E+00             0.692E+00
             0.433E+00             0.675E+00
             0.437E+00             0.657E+00
             0.441E+00             0.640E+00
             0.446E+00             0.623E+00
             0.450E+00             0.606E+00
             0.454E+00             0.590E+00
             0.458E+00             0.573E+00
             0.462E+00             0.557E+00
             0.466E+00             0.541E+00
             0.470E+00             0.525E+00
             0.474E+00             0.510E+00
             0.478E+00             0.495E+00
             0.483E+00             0.480E+00
             0.487E+00             0.465E+00
             0.491E+00             0.451E+00
             0.495E+00             0.436E+00
             0.499E+00             0.423E+00
             0.503E+00             0.409E+00
             0.507E+00             0.396E+00
             0.511E+00             0.383E+00
             0.515E+00             0.370E+00
             0.520E+00             0.357E+00
             0.524E+00             0.345E+00
             0.528E+00             0.333E+00
             0.532E+00             0.321E+00
             0.536E+00             0.310E+00
             0.540E+00             0.299E+00
             0.544E+00             0.288E+00
             0.548E+00             0.278E+00
             0.552E+00             0.268E+00
             0.556E+00             0.258E+00
             0.561E+00             0.248E+00
             0.565E+00             0.238E+00
             0.569E+00             0.229E+00
             0.573E+00             0.220E+00
             0.577E+00             0.212E+00
             0.581E+00             0.203E+00
             0.585E+00             0.195E+00
             0.589E+00             0.187E+00
             0.593E+00             0.180E+00
             0.598E+00             0.173E+00
             0.602E+00             0.165E+00
             0.606E+00             0.158E+00
             0.610E+00             0.152E+00
             0.614E+00             0.145E+00
             0.618E+00             0.139E+00
             0.622E+00             0.133E+00
             0.626E+00             0.127E+00
             0.630E+00             0.122E+00
             0.634E+00             0.116E+00
             0.639E+00             0.111E+00
             0.643E+00             0.106E+00
             0.647E+00             0.101E+00
             0.651E+00             0.967E-01
             0.655E+00             0.923E-01
             0.659E+00             0.880E-01
             0.663E+00             0.839E-01
             0.667E+00             0.799E-01
             0.671E+00             0.761E-01
             0.676E+00             0.725E-01
             0.680E+00             0.690E-01
             0.684E+00             0.656E-01
             0.688E+00             0.624E-01
             0.692E+00             0.594E-01
             0.696E+00             0.564E-01
             0.700E+00             0.536E-01
             0.704E+00             0.509E-01
             0.708E+00             0.483E-01
             0.713E+00             0.458E-01
             0.717E+00             0.435E-01
             0.721E+00             0.412E-01
             0.725E+00             0.391E-01
             0.729E+00             0.370E-01
             0.733E+00             0.351E-01
             0.737E+00             0.332E-01
             0.741E+00             0.314E-01
             0.745E+00             0.298E-01
             0.749E+00             0.281E-01
             0.754E+00             0.266E-01
             0.758E+00             0.251E-01
             0.762E+00             0.238E-01
             0.766E+00             0.224E-01
             0.770E+00             0.212E-01
             0.774E+00             0.200E-01
             0.778E+00             0.189E-01
             0.782E+00             0.178E-01
             0.786E+00             0.168E-01
             0.791E+00             0.158E-01
             0.795E+00             0.149E-01
             0.799E+00             0.140E-01
             0.803E+00             0.132E-01
             0.807E+00             0.124E-01
             0.811E+00             0.117E-01
             0.815E+00             0.110E-01
             0.819E+00             0.103E-01
             0.823E+00             0.970E-02
             0.828E+00             0.911E-02
             0.832E+00             0.855E-02
             0.836E+00             0.803E-02
             0.840E+00             0.753E-02
             0.844E+00             0.706E-02
             0.848E+00             0.662E-02
             0.852E+00             0.621E-02
             0.856E+00             0.582E-02
             0.860E+00             0.545E-02
             0.864E+00             0.510E-02
             0.869E+00             0.477E-02
             0.873E+00             0.447E-02
             0.877E+00             0.418E-02
             0.881E+00             0.390E-02
             0.885E+00             0.365E-02
             0.889E+00             0.341E-02
             0.893E+00             0.318E-02
             0.897E+00             0.297E-02
             0.901E+00             0.277E-02
             0.906E+00             0.259E-02
             0.910E+00             0.241E-02
             0.914E+00             0.225E-02
             0.918E+00             0.210E-02
             0.922E+00             0.195E-02
             0.926E+00             0.182E-02
             0.930E+00             0.169E-02
             0.934E+00             0.158E-02
             0.938E+00             0.147E-02
             0.943E+00             0.136E-02
             0.947E+00             0.127E-02
             0.951E+00             0.118E-02
             0.955E+00             0.109E-02
             0.959E+00             0.102E-02
             0.963E+00             0.942E-03
             0.967E+00             0.874E-03
             0.971E+00             0.811E-03
             0.975E+00             0.752E-03
             0.979E+00             0.697E-03
             0.984E+00             0.646E-03
             0.988E+00             0.598E-03
             0.992E+00             0.554E-03
             0.996E+00             0.513E-03
             0.100E+01             0.474E-03
             0.100E+01             0.439E-03
             0.101E+01             0.406E-03
             0.101E+01             0.375E-03
             0.102E+01             0.347E-03
             0.102E+01             0.320E-03
             0.102E+01             0.296E-03
             0.103E+01             0.273E-03
             0.103E+01             0.252E-03
             0.104E+01             0.232E-03
             0.104E+01             0.214E-03
             0.105E+01             0.197E-03
             0.105E+01             0.182E-03
             0.105E+01             0.167E-03
             0.106E+01             0.154E-03
             0.106E+01             0.142E-03
             0.107E+01             0.131E-03
             0.107E+01             0.120E-03
             0.107E+01             0.110E-03
             0.108E+01             0.101E-03
             0.108E+01             0.932E-04
             0.109E+01             0.856E-04
             0.109E+01             0.786E-04
             0.109E+01             0.721E-04
             0.110E+01             0.662E-04
             0.110E+01             0.607E-04
             0.111E+01             0.556E-04
             0.111E+01             0.510E-04
             0.111E+01             0.467E-04
             0.112E+01             0.428E-04
             0.112E+01             0.392E-04
             0.113E+01             0.359E-04
             0.113E+01             0.328E-04
             0.114E+01             0.300E-04
             0.114E+01             0.274E-04
             0.114E+01             0.251E-04
             0.115E+01             0.229E-04
             0.115E+01             0.209E-04
             0.116E+01             0.191E-04
             0.116E+01             0.174E-04
             0.116E+01             0.159E-04
             0.117E+01             0.145E-04
             0.117E+01             0.132E-04
             0.118E+01             0.121E-04
             0.118E+01             0.110E-04
             0.118E+01             0.100E-04
             0.119E+01             0.911E-05
             0.119E+01             0.829E-05
             0.120E+01             0.754E-05
             0.120E+01             0.686E-05
             0.121E+01             0.624E-05
             0.121E+01             0.567E-05
             0.121E+01             0.515E-05
             0.122E+01             0.468E-05
             0.122E+01             0.425E-05
             0.123E+01             0.385E-05
             0.123E+01             0.350E-05
             0.123E+01             0.317E-05
             0.124E+01             0.287E-05
             0.124E+01             0.261E-05
             0.125E+01             0.236E-05
             0.125E+01             0.214E-05
             0.125E+01             0.194E-05
             0.126E+01             0.175E-05
             0.126E+01             0.159E-05
             0.127E+01             0.143E-05
             0.127E+01             0.130E-05
             0.128E+01             0.117E-05
             0.128E+01             0.106E-05
             0.128E+01             0.956E-06
             0.129E+01             0.863E-06
             0.129E+01             0.779E-06
             0.130E+01             0.703E-06
             0.130E+01             0.634E-06
             0.130E+01             0.572E-06
             0.131E+01             0.515E-06
             0.131E+01             0.464E-06
             0.132E+01             0.418E-06
             0.132E+01             0.376E-06
             0.132E+01             0.339E-06
             0.133E+01             0.305E-06
             0.133E+01             0.274E-06
             0.134E+01             0.247E-06
             0.134E+01             0.222E-06
             0.134E+01             0.199E-06
             0.135E+01             0.179E-06
             0.135E+01             0.161E-06
             0.136E+01             0.144E-06
             0.136E+01             0.129E-06
             0.137E+01             0.116E-06
             0.137E+01             0.104E-06
             0.137E+01             0.932E-07
             0.138E+01             0.835E-07
             0.138E+01             0.748E-07
             0.139E+01             0.670E-07
             0.139E+01             0.600E-07
             0.139E+01             0.537E-07
             0.140E+01             0.480E-07
             0.140E+01             0.429E-07
             0.141E+01             0.384E-07
             0.141E+01             0.343E-07
             0.141E+01             0.306E-07
             0.142E+01             0.273E-07
             0.142E+01             0.244E-07
             0.143E+01             0.218E-07
             0.143E+01             0.194E-07
             0.144E+01             0.173E-07
             0.144E+01             0.154E-07
             0.144E+01             0.138E-07
             0.145E+01             0.123E-07
             0.145E+01             0.109E-07
             0.146E+01             0.971E-08
             0.146E+01             0.864E-08
             0.146E+01             0.769E-08
             0.147E+01             0.684E-08
             0.147E+01             0.608E-08
             0.148E+01             0.540E-08
             0.148E+01             0.480E-08
             0.148E+01             0.426E-08
             0.149E+01             0.378E-08
             0.149E+01             0.336E-08
             0.150E+01             0.298E-08
             0.150E+01             0.264E-08
             0.151E+01             0.234E-08
             0.151E+01             0.207E-08
             0.151E+01             0.184E-08
             0.152E+01             0.163E-08
             0.152E+01             0.144E-08
             0.153E+01             0.127E-08
             0.153E+01             0.113E-08
             0.153E+01             0.997E-09
             0.154E+01             0.882E-09
             0.154E+01             0.779E-09
             0.155E+01             0.688E-09
             0.155E+01             0.608E-09
             0.155E+01             0.537E-09
             0.156E+01             0.474E-09
             0.156E+01             0.418E-09
             0.157E+01             0.369E-09
             0.157E+01             0.325E-09
             0.157E+01             0.286E-09
             0.158E+01             0.252E-09
             0.158E+01             0.222E-09
             0.159E+01             0.196E-09
             0.159E+01             0.172E-09
             0.160E+01             0.151E-09
             0.160E+01             0.133E-09
             0.160E+01             0.117E-09
             0.161E+01             0.103E-09
             0.161E+01             0.904E-10
             0.162E+01             0.794E-10
             0.162E+01             0.697E-10
             0.162E+01             0.612E-10
             0.163E+01             0.537E-10
             0.163E+01             0.471E-10
             0.164E+01             0.413E-10
             0.164E+01             0.362E-10
             0.164E+01             0.317E-10
             0.165E+01             0.278E-10
             0.165E+01             0.243E-10
             0.166E+01             0.213E-10
             0.166E+01             0.186E-10
             0.167E+01             0.163E-10
             0.167E+01             0.142E-10
             0.167E+01             0.125E-10
             0.168E+01             0.109E-10
             0.168E+01             0.951E-11
             0.169E+01             0.831E-11
             0.169E+01             0.725E-11
             0.169E+01             0.632E-11
             0.170E+01             0.551E-11
             0.170E+01             0.481E-11
             0.171E+01             0.419E-11
             0.171E+01             0.365E-11
             0.171E+01             0.318E-11
             0.172E+01             0.277E-11
             0.172E+01             0.241E-11
             0.173E+01             0.210E-11
             0.173E+01             0.182E-11
             0.174E+01             0.159E-11
             0.174E+01             0.138E-11
             0.174E+01             0.120E-11
             0.175E+01             0.105E-11
             0.175E+01             0.906E-12
             0.176E+01             0.782E-12
             0.176E+01             0.679E-12
             0.176E+01             0.587E-12
             0.177E+01             0.517E-12
             0.177E+01             0.447E-12
             0.178E+01             0.391E-12
             0.178E+01             0.331E-12
             0.178E+01             0.292E-12
             0.179E+01             0.253E-12
             0.179E+01             0.219E-12
             0.180E+01             0.186E-12
             0.180E+01             0.160E-12
             0.180E+01             0.140E-12
             0.181E+01             0.117E-12
             0.181E+01             0.973E-13
             0.182E+01             0.904E-13
             0.182E+01             0.761E-13
             0.183E+01             0.686E-13
             0.183E+01             0.615E-13
             0.183E+01             0.488E-13
             0.184E+01             0.435E-13
             0.184E+01             0.380E-13
             0.185E+01             0.304E-13
             0.185E+01             0.266E-13
             0.185E+01             0.273E-13
             0.186E+01             0.240E-13
             0.186E+01             0.183E-13
             0.187E+01             0.138E-13
             0.187E+01             0.140E-13
             0.187E+01             0.165E-13
             0.188E+01             0.722E-14
             0.188E+01             0.665E-14
             0.189E+01             0.260E-14
             0.189E+01             0.819E-15
             0.190E+01             0.144E-14
             0.190E+01            -0.241E-14
             0.190E+01            -0.369E-14
             0.191E+01             0.125E-14
             0.191E+01             0.534E-15
             0.192E+01            -0.394E-14
             0.192E+01             0.216E-14
             0.192E+01             0.495E-15
             0.193E+01             0.246E-14
             0.193E+01             0.279E-14
             0.194E+01             0.399E-14
             0.194E+01             0.241E-14
             0.194E+01             0.134E-14
             0.195E+01             0.760E-14
             0.195E+01             0.226E-14
             0.196E+01             0.236E-14
             0.196E+01             0.825E-14
             0.197E+01             0.273E-14
             0.197E+01             0.307E-14
             0.197E+01            -0.781E-16
             0.198E+01            -0.680E-15
             0.198E+01            -0.336E-15
             0.199E+01            -0.126E-14
             0.199E+01             0.867E-15
             0.199E+01             0.234E-14
             0.200E+01            -0.898E-16
             0.200E+01             0.426E-14
             0.201E+01             0.149E-14
             0.201E+01             0.964E-18
             0.201E+01             0.510E-14
             0.202E+01            -0.232E-14
             0.202E+01             0.141E-14
             0.203E+01            -0.183E-14
             0.203E+01            -0.397E-14
             0.203E+01            -0.163E-14
             0.204E+01            -0.125E-14
             0.204E+01            -0.505E-15
             0.205E+01            -0.476E-14
             0.205E+01            -0.346E-14
             0.206E+01            -0.522E-14
             0.206E+01            -0.325E-14
             0.206E+01             0.175E-14
             0.207E+01            -0.135E-14
             0.207E+01            -0.316E-14
             0.208E+01            -0.200E-14
             0.208E+01            -0.780E-15
             0.208E+01             0.217E-15
             0.209E+01             0.107E-14
             0.209E+01             0.674E-14
             0.210E+01             0.611E-14
             0.210E+01             0.117E-14
             0.210E+01             0.465E-15
             0.211E+01            -0.450E-16
             0.211E+01             0.286E-14
             0.212E+01             0.296E-14
             0.212E+01            -0.324E-14
             0.213E+01             0.238E-15
             0.213E+01            -0.445E-15
             0.213E+01            -0.353E-14
             0.214E+01            -0.826E-14
             0.214E+01            -0.489E-14
             0.215E+01            -0.603E-14
             0.215E+01            -0.413E-14
             0.215E+01             0.276E-14
             0.216E+01            -0.314E-15
             0.216E+01             0.650E-14
             0.217E+01             0.538E-14
             0.217E+01             0.314E-14
             0.217E+01             0.189E-14
             0.218E+01            -0.380E-14
             0.218E+01             0.156E-14
             0.219E+01             0.889E-15
             0.219E+01            -0.310E-14
             0.220E+01             0.524E-15
             0.220E+01             0.288E-14
             0.220E+01             0.922E-15
             0.221E+01             0.486E-14
             0.221E+01             0.301E-14
             0.222E+01            -0.321E-14
             0.222E+01            -0.266E-14
             0.222E+01            -0.774E-14
             0.223E+01             0.146E-14
             0.223E+01            -0.242E-14
             0.224E+01             0.421E-15
             0.224E+01             0.560E-15
             0.224E+01             0.462E-14
             0.225E+01             0.236E-14
             0.225E+01             0.233E-14
             0.226E+01             0.902E-15
             0.226E+01            -0.449E-14
             0.226E+01            -0.114E-14
             0.227E+01            -0.112E-14
             0.227E+01             0.283E-14
             0.228E+01            -0.671E-15
             0.228E+01            -0.927E-16
             0.229E+01             0.214E-14
             0.229E+01             0.956E-17
             0.229E+01             0.718E-14
             0.230E+01            -0.820E-15
             0.230E+01             0.953E-15
             0.231E+01            -0.168E-14
             0.231E+01            -0.212E-14
             0.231E+01            -0.303E-14
             0.232E+01            -0.186E-14
             0.232E+01             0.126E-14
             0.233E+01            -0.607E-15
             0.233E+01             0.176E-14
             0.233E+01             0.237E-14
             0.234E+01             0.900E-15
             0.234E+01             0.330E-14
             0.235E+01            -0.264E-14
             0.235E+01             0.359E-14
             0.236E+01             0.176E-15
             0.236E+01            -0.362E-14
             0.236E+01             0.253E-14
             0.237E+01             0.156E-14
             0.237E+01             0.769E-15
             0.238E+01             0.497E-15
             0.238E+01            -0.917E-15
             0.238E+01            -0.268E-14
             0.239E+01            -0.667E-15
             0.239E+01            -0.191E-14
             0.240E+01            -0.258E-14
             0.240E+01            -0.662E-14
             0.240E+01            -0.131E-15
             0.241E+01             0.108E-14
             0.241E+01            -0.218E-14
             0.242E+01            -0.293E-14
             0.242E+01            -0.116E-14
             0.243E+01            -0.635E-15
             0.243E+01             0.120E-15
             0.243E+01            -0.564E-14
             0.244E+01            -0.326E-14
             0.244E+01            -0.860E-15
             0.245E+01             0.418E-14
             0.245E+01            -0.346E-14
             0.245E+01            -0.433E-14
             0.246E+01            -0.680E-15
             0.246E+01             0.611E-14
             0.247E+01            -0.235E-14
             0.247E+01            -0.340E-14
             0.247E+01            -0.161E-14
             0.248E+01            -0.211E-14
             0.248E+01             0.369E-14
             0.249E+01             0.175E-14
             0.249E+01             0.829E-14
             0.249E+01            -0.188E-14
             0.250E+01             0.344E-14
             0.250E+01             0.517E-14
             0.251E+01            -0.128E-14
             0.251E+01             0.380E-14
             0.252E+01            -0.325E-14
             0.252E+01            -0.182E-15
             0.252E+01            -0.354E-15
             0.253E+01            -0.239E-15
             0.253E+01            -0.145E-14
             0.254E+01             0.349E-14
             0.254E+01            -0.378E-14
             0.254E+01            -0.128E-14
             0.255E+01            -0.375E-14
             0.255E+01             0.394E-14
             0.256E+01            -0.338E-15
             0.256E+01             0.238E-14
             0.256E+01            -0.422E-15
             0.257E+01             0.433E-14
             0.257E+01             0.465E-14
             0.258E+01             0.174E-14
             0.258E+01             0.103E-14
             0.259E+01            -0.279E-14
             0.259E+01             0.388E-14
             0.259E+01             0.169E-14
             0.260E+01             0.779E-15
             0.260E+01             0.623E-16
             0.261E+01             0.197E-14
             0.261E+01            -0.672E-15
             0.261E+01             0.881E-15
             0.262E+01             0.586E-15
             0.262E+01             0.443E-14
             0.263E+01             0.294E-15
             0.263E+01             0.195E-14
             0.263E+01            -0.336E-14
             0.264E+01             0.274E-15
             0.264E+01            -0.221E-14
             0.265E+01            -0.809E-14
             0.265E+01            -0.281E-14
             0.266E+01            -0.434E-15
             0.266E+01             0.160E-14
             0.266E+01            -0.151E-14
             0.267E+01            -0.615E-15
             0.267E+01            -0.189E-14
             0.268E+01            -0.414E-14
             0.268E+01             0.172E-14
             0.268E+01            -0.110E-14
             0.269E+01             0.222E-14
             0.269E+01            -0.202E-14
             0.270E+01            -0.185E-14
             0.270E+01            -0.843E-15
             0.270E+01             0.373E-15
             0.271E+01             0.306E-14
             0.271E+01             0.372E-15
             0.272E+01             0.273E-14
             0.272E+01            -0.699E-15
             0.272E+01             0.221E-14
             0.273E+01             0.286E-14
             0.273E+01             0.110E-14
             0.274E+01             0.722E-15
             0.274E+01             0.892E-15
             0.275E+01             0.815E-15
             0.275E+01             0.352E-14
             0.275E+01            -0.117E-15
             0.276E+01            -0.261E-14
             0.276E+01             0.534E-14
             0.277E+01             0.386E-14
             0.277E+01            -0.181E-14
             0.277E+01            -0.126E-14
             0.278E+01            -0.386E-15
             0.278E+01             0.251E-14
             0.279E+01            -0.205E-14
             0.279E+01            -0.125E-14
             0.279E+01             0.169E-14
             0.280E+01             0.140E-14
             0.280E+01            -0.570E-14
             0.281E+01            -0.195E-14
             0.281E+01             0.130E-14
             0.282E+01            -0.168E-14
             0.282E+01            -0.217E-14
             0.282E+01             0.277E-14
             0.283E+01             0.294E-14
             0.283E+01             0.207E-14
             0.284E+01            -0.377E-14
             0.284E+01             0.142E-14
             0.284E+01             0.971E-15
             0.285E+01            -0.430E-16
             0.285E+01            -0.681E-14
             0.286E+01             0.124E-14
             0.286E+01            -0.118E-15
             0.286E+01            -0.202E-15
             0.287E+01            -0.129E-14
             0.287E+01             0.185E-14
             0.288E+01             0.182E-16
             0.288E+01             0.144E-14
             0.289E+01            -0.328E-15
             0.289E+01            -0.149E-14
             0.289E+01            -0.263E-14
             0.290E+01             0.415E-15
             0.290E+01            -0.125E-14
             0.291E+01            -0.675E-15
             0.291E+01            -0.244E-14
             0.291E+01            -0.632E-15
             0.292E+01            -0.291E-14
             0.292E+01             0.986E-15
             0.293E+01            -0.126E-14
             0.293E+01            -0.353E-14
             0.293E+01             0.894E-15
             0.294E+01            -0.371E-14
             0.294E+01             0.540E-15
             0.295E+01            -0.187E-14
             0.295E+01             0.118E-14
             0.295E+01            -0.158E-14
             0.296E+01            -0.842E-15
             0.296E+01            -0.139E-14
             0.297E+01            -0.228E-14
             0.297E+01             0.205E-14
             0.298E+01             0.607E-15
             0.298E+01             0.862E-15
             0.298E+01            -0.620E-15
             0.299E+01             0.683E-14
             0.299E+01             0.156E-14
             0.300E+01             0.228E-14
             0.300E+01             0.311E-14
