            -0.299E+01            -0.983E-31
            -0.298E+01            -0.864E-31
            -0.296E+01            -0.721E-31
            -0.295E+01             0.219E-30
            -0.294E+01             0.131E-30
            -0.293E+01            -0.324E-30
            -0.291E+01            -0.712E-32
            -0.290E+01             0.524E-31
            -0.289E+01             0.240E-30
            -0.288E+01             0.123E-30
            -0.286E+01            -0.566E-31
            -0.285E+01            -0.513E-31
            -0.284E+01             0.389E-31
            -0.283E+01             0.109E-30
            -0.281E+01             0.230E-30
            -0.280E+01            -0.111E-30
            -0.279E+01             0.169E-30
            -0.278E+01            -0.886E-31
            -0.276E+01             0.478E-30
            -0.275E+01             0.681E-30
            -0.274E+01             0.116E-29
            -0.273E+01             0.216E-29
            -0.271E+01             0.441E-29
            -0.270E+01             0.876E-29
            -0.269E+01             0.173E-28
            -0.268E+01             0.324E-28
            -0.266E+01             0.621E-28
            -0.265E+01             0.118E-27
            -0.264E+01             0.225E-27
            -0.263E+01             0.425E-27
            -0.261E+01             0.803E-27
            -0.260E+01             0.151E-26
            -0.259E+01             0.283E-26
            -0.258E+01             0.530E-26
            -0.256E+01             0.989E-26
            -0.255E+01             0.184E-25
            -0.254E+01             0.341E-25
            -0.253E+01             0.630E-25
            -0.251E+01             0.116E-24
            -0.250E+01             0.213E-24
            -0.249E+01             0.390E-24
            -0.248E+01             0.713E-24
            -0.246E+01             0.130E-23
            -0.245E+01             0.235E-23
            -0.244E+01             0.426E-23
            -0.243E+01             0.768E-23
            -0.241E+01             0.138E-22
            -0.240E+01             0.248E-22
            -0.239E+01             0.443E-22
            -0.238E+01             0.789E-22
            -0.236E+01             0.140E-21
            -0.235E+01             0.248E-21
            -0.234E+01             0.438E-21
            -0.233E+01             0.772E-21
            -0.231E+01             0.135E-20
            -0.230E+01             0.237E-20
            -0.229E+01             0.413E-20
            -0.228E+01             0.719E-20
            -0.226E+01             0.125E-19
            -0.225E+01             0.215E-19
            -0.224E+01             0.371E-19
            -0.223E+01             0.638E-19
            -0.221E+01             0.109E-18
            -0.220E+01             0.186E-18
            -0.219E+01             0.317E-18
            -0.218E+01             0.539E-18
            -0.216E+01             0.911E-18
            -0.215E+01             0.154E-17
            -0.214E+01             0.258E-17
            -0.213E+01             0.433E-17
            -0.211E+01             0.724E-17
            -0.210E+01             0.121E-16
            -0.209E+01             0.200E-16
            -0.208E+01             0.332E-16
            -0.206E+01             0.547E-16
            -0.205E+01             0.900E-16
            -0.204E+01             0.148E-15
            -0.203E+01             0.242E-15
            -0.201E+01             0.394E-15
            -0.200E+01             0.640E-15
            -0.199E+01             0.104E-14
            -0.198E+01             0.167E-14
            -0.196E+01             0.270E-14
            -0.195E+01             0.433E-14
            -0.194E+01             0.693E-14
            -0.193E+01             0.110E-13
            -0.191E+01             0.176E-13
            -0.190E+01             0.279E-13
            -0.189E+01             0.440E-13
            -0.188E+01             0.693E-13
            -0.186E+01             0.109E-12
            -0.185E+01             0.171E-12
            -0.184E+01             0.266E-12
            -0.183E+01             0.414E-12
            -0.181E+01             0.642E-12
            -0.180E+01             0.993E-12
            -0.179E+01             0.153E-11
            -0.178E+01             0.235E-11
            -0.177E+01             0.360E-11
            -0.175E+01             0.550E-11
            -0.174E+01             0.837E-11
            -0.173E+01             0.127E-10
            -0.172E+01             0.192E-10
            -0.170E+01             0.290E-10
            -0.169E+01             0.435E-10
            -0.168E+01             0.652E-10
            -0.167E+01             0.974E-10
            -0.165E+01             0.145E-09
            -0.164E+01             0.215E-09
            -0.163E+01             0.318E-09
            -0.162E+01             0.469E-09
            -0.160E+01             0.690E-09
            -0.159E+01             0.101E-08
            -0.158E+01             0.148E-08
            -0.157E+01             0.215E-08
            -0.155E+01             0.312E-08
            -0.154E+01             0.452E-08
            -0.153E+01             0.651E-08
            -0.152E+01             0.936E-08
            -0.150E+01             0.134E-07
            -0.149E+01             0.192E-07
            -0.148E+01             0.273E-07
            -0.147E+01             0.387E-07
            -0.145E+01             0.548E-07
            -0.144E+01             0.773E-07
            -0.143E+01             0.109E-06
            -0.142E+01             0.152E-06
            -0.140E+01             0.212E-06
            -0.139E+01             0.296E-06
            -0.138E+01             0.410E-06
            -0.137E+01             0.568E-06
            -0.135E+01             0.783E-06
            -0.134E+01             0.108E-05
            -0.133E+01             0.147E-05
            -0.132E+01             0.201E-05
            -0.130E+01             0.274E-05
            -0.129E+01             0.371E-05
            -0.128E+01             0.502E-05
            -0.127E+01             0.676E-05
            -0.125E+01             0.908E-05
            -0.124E+01             0.122E-04
            -0.123E+01             0.162E-04
            -0.122E+01             0.216E-04
            -0.120E+01             0.286E-04
            -0.119E+01             0.378E-04
            -0.118E+01             0.497E-04
            -0.117E+01             0.653E-04
            -0.115E+01             0.854E-04
            -0.114E+01             0.111E-03
            -0.113E+01             0.145E-03
            -0.112E+01             0.187E-03
            -0.110E+01             0.242E-03
            -0.109E+01             0.311E-03
            -0.108E+01             0.399E-03
            -0.107E+01             0.510E-03
            -0.105E+01             0.649E-03
            -0.104E+01             0.824E-03
            -0.103E+01             0.104E-02
            -0.102E+01             0.131E-02
            -0.100E+01             0.165E-02
            -0.992E+00             0.207E-02
            -0.979E+00             0.258E-02
            -0.967E+00             0.320E-02
            -0.954E+00             0.397E-02
            -0.942E+00             0.490E-02
            -0.929E+00             0.603E-02
            -0.917E+00             0.740E-02
            -0.904E+00             0.904E-02
            -0.892E+00             0.110E-01
            -0.879E+00             0.134E-01
            -0.867E+00             0.162E-01
            -0.854E+00             0.195E-01
            -0.842E+00             0.234E-01
            -0.830E+00             0.280E-01
            -0.817E+00             0.333E-01
            -0.805E+00             0.396E-01
            -0.792E+00             0.468E-01
            -0.780E+00             0.552E-01
            -0.767E+00             0.649E-01
            -0.755E+00             0.760E-01
            -0.742E+00             0.886E-01
            -0.730E+00             0.103E+00
            -0.717E+00             0.119E+00
            -0.705E+00             0.137E+00
            -0.692E+00             0.158E+00
            -0.680E+00             0.180E+00
            -0.667E+00             0.206E+00
            -0.655E+00             0.234E+00
            -0.642E+00             0.264E+00
            -0.630E+00             0.297E+00
            -0.617E+00             0.334E+00
            -0.605E+00             0.373E+00
            -0.593E+00             0.415E+00
            -0.580E+00             0.460E+00
            -0.568E+00             0.507E+00
            -0.555E+00             0.557E+00
            -0.543E+00             0.609E+00
            -0.530E+00             0.664E+00
            -0.518E+00             0.719E+00
            -0.505E+00             0.776E+00
            -0.493E+00             0.834E+00
            -0.480E+00             0.891E+00
            -0.468E+00             0.948E+00
            -0.455E+00             0.100E+01
            -0.443E+00             0.106E+01
            -0.430E+00             0.111E+01
            -0.418E+00             0.115E+01
            -0.405E+00             0.119E+01
            -0.393E+00             0.123E+01
            -0.380E+00             0.125E+01
            -0.368E+00             0.127E+01
            -0.356E+00             0.129E+01
            -0.343E+00             0.129E+01
            -0.331E+00             0.128E+01
            -0.318E+00             0.126E+01
            -0.306E+00             0.123E+01
            -0.293E+00             0.119E+01
            -0.281E+00             0.113E+01
            -0.268E+00             0.107E+01
            -0.256E+00             0.988E+00
            -0.243E+00             0.899E+00
            -0.231E+00             0.800E+00
            -0.218E+00             0.691E+00
            -0.206E+00             0.573E+00
            -0.193E+00             0.448E+00
            -0.181E+00             0.318E+00
            -0.168E+00             0.183E+00
            -0.156E+00             0.455E-01
            -0.143E+00            -0.925E-01
            -0.131E+00            -0.229E+00
            -0.119E+00            -0.363E+00
            -0.106E+00            -0.491E+00
            -0.936E-01            -0.612E+00
            -0.811E-01            -0.723E+00
            -0.686E-01            -0.824E+00
            -0.561E-01            -0.913E+00
            -0.437E-01            -0.987E+00
            -0.312E-01            -0.105E+01
            -0.187E-01            -0.109E+01
            -0.624E-02            -0.112E+01
             0.624E-02            -0.112E+01
             0.187E-01            -0.112E+01
             0.312E-01            -0.109E+01
             0.437E-01            -0.105E+01
             0.561E-01            -0.987E+00
             0.686E-01            -0.913E+00
             0.811E-01            -0.824E+00
             0.936E-01            -0.723E+00
             0.106E+00            -0.612E+00
             0.119E+00            -0.491E+00
             0.131E+00            -0.363E+00
             0.143E+00            -0.229E+00
             0.156E+00            -0.925E-01
             0.168E+00             0.455E-01
             0.181E+00             0.183E+00
             0.193E+00             0.318E+00
             0.206E+00             0.448E+00
             0.218E+00             0.573E+00
             0.231E+00             0.691E+00
             0.243E+00             0.800E+00
             0.256E+00             0.899E+00
             0.268E+00             0.988E+00
             0.281E+00             0.107E+01
             0.293E+00             0.113E+01
             0.306E+00             0.119E+01
             0.318E+00             0.123E+01
             0.331E+00             0.126E+01
             0.343E+00             0.128E+01
             0.356E+00             0.129E+01
             0.368E+00             0.129E+01
             0.380E+00             0.127E+01
             0.393E+00             0.125E+01
             0.405E+00             0.123E+01
             0.418E+00             0.119E+01
             0.430E+00             0.115E+01
             0.443E+00             0.111E+01
             0.455E+00             0.106E+01
             0.468E+00             0.100E+01
             0.480E+00             0.948E+00
             0.493E+00             0.891E+00
             0.505E+00             0.834E+00
             0.518E+00             0.776E+00
             0.530E+00             0.719E+00
             0.543E+00             0.664E+00
             0.555E+00             0.609E+00
             0.568E+00             0.557E+00
             0.580E+00             0.507E+00
             0.593E+00             0.460E+00
             0.605E+00             0.415E+00
             0.617E+00             0.373E+00
             0.630E+00             0.334E+00
             0.642E+00             0.297E+00
             0.655E+00             0.264E+00
             0.667E+00             0.234E+00
             0.680E+00             0.206E+00
             0.692E+00             0.180E+00
             0.705E+00             0.158E+00
             0.717E+00             0.137E+00
             0.730E+00             0.119E+00
             0.742E+00             0.103E+00
             0.755E+00             0.886E-01
             0.767E+00             0.760E-01
             0.780E+00             0.649E-01
             0.792E+00             0.552E-01
             0.805E+00             0.468E-01
             0.817E+00             0.396E-01
             0.830E+00             0.333E-01
             0.842E+00             0.280E-01
             0.854E+00             0.234E-01
             0.867E+00             0.195E-01
             0.879E+00             0.162E-01
             0.892E+00             0.134E-01
             0.904E+00             0.110E-01
             0.917E+00             0.904E-02
             0.929E+00             0.740E-02
             0.942E+00             0.603E-02
             0.954E+00             0.490E-02
             0.967E+00             0.397E-02
             0.979E+00             0.320E-02
             0.992E+00             0.258E-02
             0.100E+01             0.207E-02
             0.102E+01             0.165E-02
             0.103E+01             0.131E-02
             0.104E+01             0.104E-02
             0.105E+01             0.824E-03
             0.107E+01             0.649E-03
             0.108E+01             0.510E-03
             0.109E+01             0.399E-03
             0.110E+01             0.311E-03
             0.112E+01             0.242E-03
             0.113E+01             0.187E-03
             0.114E+01             0.145E-03
             0.115E+01             0.111E-03
             0.117E+01             0.854E-04
             0.118E+01             0.653E-04
             0.119E+01             0.497E-04
             0.120E+01             0.378E-04
             0.122E+01             0.286E-04
             0.123E+01             0.216E-04
             0.124E+01             0.162E-04
             0.125E+01             0.122E-04
             0.127E+01             0.908E-05
             0.128E+01             0.676E-05
             0.129E+01             0.502E-05
             0.130E+01             0.371E-05
             0.132E+01             0.274E-05
             0.133E+01             0.201E-05
             0.134E+01             0.147E-05
             0.135E+01             0.108E-05
             0.137E+01             0.783E-06
             0.138E+01             0.568E-06
             0.139E+01             0.410E-06
             0.140E+01             0.296E-06
             0.142E+01             0.212E-06
             0.143E+01             0.152E-06
             0.144E+01             0.109E-06
             0.145E+01             0.773E-07
             0.147E+01             0.548E-07
             0.148E+01             0.387E-07
             0.149E+01             0.273E-07
             0.150E+01             0.192E-07
             0.152E+01             0.134E-07
             0.153E+01             0.936E-08
             0.154E+01             0.651E-08
             0.155E+01             0.452E-08
             0.157E+01             0.312E-08
             0.158E+01             0.215E-08
             0.159E+01             0.148E-08
             0.160E+01             0.101E-08
             0.162E+01             0.690E-09
             0.163E+01             0.469E-09
             0.164E+01             0.318E-09
             0.165E+01             0.215E-09
             0.167E+01             0.145E-09
             0.168E+01             0.974E-10
             0.169E+01             0.652E-10
             0.170E+01             0.435E-10
             0.172E+01             0.290E-10
             0.173E+01             0.192E-10
             0.174E+01             0.127E-10
             0.175E+01             0.837E-11
             0.177E+01             0.550E-11
             0.178E+01             0.360E-11
             0.179E+01             0.236E-11
             0.180E+01             0.153E-11
             0.181E+01             0.994E-12
             0.183E+01             0.641E-12
             0.184E+01             0.411E-12
             0.185E+01             0.263E-12
             0.186E+01             0.169E-12
             0.188E+01             0.106E-12
             0.189E+01             0.693E-13
             0.190E+01             0.460E-13
             0.191E+01             0.326E-13
             0.193E+01             0.227E-13
             0.194E+01             0.125E-13
             0.195E+01             0.898E-14
             0.196E+01             0.401E-14
             0.198E+01             0.285E-15
             0.199E+01             0.874E-15
             0.200E+01             0.225E-14
             0.201E+01             0.110E-14
             0.203E+01            -0.521E-15
             0.204E+01            -0.276E-14
             0.205E+01             0.452E-15
             0.206E+01            -0.265E-14
             0.208E+01             0.684E-15
             0.209E+01            -0.105E-14
             0.210E+01            -0.121E-15
             0.211E+01            -0.108E-14
             0.213E+01             0.212E-14
             0.214E+01             0.567E-15
             0.215E+01             0.188E-14
             0.216E+01             0.176E-14
             0.218E+01             0.724E-15
             0.219E+01             0.641E-15
             0.220E+01            -0.694E-15
             0.221E+01            -0.418E-15
             0.223E+01            -0.217E-14
             0.224E+01            -0.260E-14
             0.225E+01             0.585E-15
             0.226E+01            -0.758E-16
             0.228E+01            -0.691E-15
             0.229E+01             0.546E-15
             0.230E+01             0.276E-14
             0.231E+01            -0.103E-15
             0.233E+01            -0.131E-14
             0.234E+01             0.243E-15
             0.235E+01             0.677E-15
             0.236E+01            -0.724E-15
             0.238E+01             0.654E-15
             0.239E+01            -0.225E-14
             0.240E+01            -0.559E-15
             0.241E+01            -0.108E-14
             0.243E+01            -0.150E-15
             0.244E+01            -0.583E-15
             0.245E+01            -0.148E-14
             0.246E+01             0.770E-15
             0.248E+01             0.125E-14
             0.249E+01             0.218E-14
             0.250E+01            -0.154E-14
             0.251E+01            -0.536E-15
             0.253E+01             0.504E-15
             0.254E+01             0.400E-15
             0.255E+01            -0.310E-15
             0.256E+01             0.256E-14
             0.258E+01             0.146E-14
             0.259E+01            -0.363E-15
             0.260E+01            -0.421E-15
             0.261E+01            -0.319E-15
             0.263E+01            -0.114E-14
             0.264E+01            -0.229E-14
             0.265E+01             0.177E-15
             0.266E+01            -0.402E-15
             0.268E+01            -0.106E-14
             0.269E+01            -0.719E-15
             0.270E+01            -0.199E-14
             0.271E+01             0.144E-14
             0.273E+01            -0.976E-15
             0.274E+01            -0.332E-14
             0.275E+01            -0.157E-14
             0.276E+01             0.227E-15
             0.278E+01             0.118E-14
             0.279E+01             0.111E-14
             0.280E+01             0.672E-16
             0.281E+01            -0.747E-15
             0.283E+01            -0.104E-14
             0.284E+01             0.125E-15
             0.285E+01             0.101E-14
             0.286E+01            -0.184E-15
             0.288E+01             0.183E-14
             0.289E+01            -0.109E-14
             0.290E+01            -0.275E-15
             0.291E+01            -0.157E-14
             0.293E+01             0.233E-14
             0.294E+01             0.451E-15
             0.295E+01             0.728E-15
             0.296E+01            -0.287E-14
             0.298E+01             0.104E-14
             0.299E+01            -0.714E-16
             0.300E+01            -0.888E-15
