            -0.698E+01             0.229E-15
            -0.697E+01            -0.147E-15
            -0.695E+01            -0.100E-15
            -0.694E+01             0.220E-15
            -0.692E+01             0.505E-15
            -0.691E+01            -0.124E-15
            -0.689E+01             0.188E-15
            -0.688E+01            -0.255E-15
            -0.686E+01            -0.121E-15
            -0.684E+01            -0.121E-15
            -0.683E+01             0.388E-16
            -0.681E+01             0.726E-16
            -0.680E+01             0.170E-15
            -0.678E+01             0.635E-16
            -0.677E+01            -0.377E-15
            -0.675E+01            -0.189E-15
            -0.674E+01            -0.209E-15
            -0.672E+01            -0.269E-16
            -0.670E+01            -0.780E-16
            -0.669E+01             0.225E-16
            -0.667E+01             0.246E-16
            -0.666E+01            -0.111E-15
            -0.664E+01             0.180E-16
            -0.663E+01             0.497E-16
            -0.661E+01            -0.633E-16
            -0.660E+01             0.281E-16
            -0.658E+01            -0.198E-16
            -0.656E+01             0.888E-17
            -0.655E+01             0.720E-17
            -0.653E+01             0.359E-17
            -0.652E+01            -0.241E-17
            -0.650E+01             0.201E-18
            -0.649E+01            -0.238E-19
            -0.647E+01             0.223E-18
            -0.646E+01            -0.382E-19
            -0.644E+01             0.216E-19
            -0.643E+01             0.186E-19
            -0.641E+01             0.278E-19
            -0.639E+01            -0.342E-19
            -0.638E+01             0.235E-19
            -0.636E+01             0.945E-20
            -0.635E+01             0.702E-20
            -0.633E+01            -0.728E-21
            -0.632E+01             0.448E-21
            -0.630E+01            -0.264E-21
            -0.629E+01             0.652E-22
            -0.627E+01             0.184E-21
            -0.625E+01            -0.602E-22
            -0.624E+01            -0.810E-22
            -0.622E+01             0.127E-22
            -0.621E+01            -0.103E-23
            -0.619E+01             0.233E-23
            -0.618E+01             0.103E-23
            -0.616E+01            -0.151E-23
            -0.615E+01            -0.118E-24
            -0.613E+01             0.165E-24
            -0.611E+01            -0.361E-26
            -0.610E+01             0.101E-25
            -0.608E+01            -0.186E-25
            -0.607E+01            -0.276E-26
            -0.605E+01            -0.489E-26
            -0.604E+01            -0.445E-27
            -0.602E+01            -0.442E-27
            -0.601E+01             0.121E-27
            -0.599E+01            -0.853E-28
            -0.597E+01             0.464E-28
            -0.596E+01            -0.196E-29
            -0.594E+01             0.532E-30
            -0.593E+01            -0.134E-29
            -0.591E+01            -0.209E-30
            -0.590E+01            -0.299E-31
            -0.588E+01            -0.318E-31
            -0.587E+01            -0.375E-30
            -0.585E+01             0.326E-31
            -0.583E+01             0.243E-30
            -0.582E+01             0.792E-31
            -0.580E+01             0.864E-31
            -0.579E+01            -0.630E-31
            -0.577E+01            -0.191E-30
            -0.576E+01            -0.232E-30
            -0.574E+01            -0.205E-30
            -0.573E+01            -0.426E-31
            -0.571E+01             0.149E-30
            -0.569E+01            -0.473E-30
            -0.568E+01            -0.686E-31
            -0.566E+01            -0.344E-31
            -0.565E+01             0.210E-31
            -0.563E+01            -0.108E-30
            -0.562E+01             0.113E-31
            -0.560E+01             0.350E-31
            -0.559E+01            -0.260E-30
            -0.557E+01             0.182E-30
            -0.555E+01            -0.369E-30
            -0.554E+01             0.759E-31
            -0.552E+01            -0.123E-30
            -0.551E+01             0.243E-30
            -0.549E+01             0.166E-31
            -0.548E+01             0.532E-31
            -0.546E+01            -0.371E-31
            -0.545E+01             0.859E-31
            -0.543E+01             0.643E-30
            -0.542E+01            -0.750E-31
            -0.540E+01             0.320E-31
            -0.538E+01            -0.962E-31
            -0.537E+01             0.413E-30
            -0.535E+01            -0.537E-31
            -0.534E+01            -0.362E-31
            -0.532E+01            -0.223E-30
            -0.531E+01            -0.846E-31
            -0.529E+01             0.873E-31
            -0.528E+01            -0.464E-31
            -0.526E+01            -0.465E-31
            -0.524E+01            -0.146E-30
            -0.523E+01             0.170E-31
            -0.521E+01             0.813E-31
            -0.520E+01            -0.789E-31
            -0.518E+01            -0.907E-32
            -0.517E+01            -0.838E-31
            -0.515E+01            -0.102E-30
            -0.514E+01            -0.315E-31
            -0.512E+01             0.216E-31
            -0.510E+01            -0.876E-31
            -0.509E+01            -0.140E-30
            -0.507E+01            -0.154E-31
            -0.506E+01             0.955E-31
            -0.504E+01             0.300E-32
            -0.503E+01             0.410E-32
            -0.501E+01             0.993E-31
            -0.500E+01             0.123E-32
            -0.498E+01             0.150E-31
            -0.496E+01            -0.177E-30
            -0.495E+01            -0.385E-31
            -0.493E+01             0.288E-30
            -0.492E+01            -0.271E-30
            -0.490E+01             0.120E-32
            -0.489E+01            -0.979E-31
            -0.487E+01            -0.360E-31
            -0.486E+01            -0.180E-31
            -0.484E+01            -0.205E-30
            -0.482E+01            -0.143E-30
            -0.481E+01            -0.212E-31
            -0.479E+01            -0.381E-31
            -0.478E+01             0.183E-31
            -0.476E+01             0.391E-31
            -0.475E+01             0.512E-31
            -0.473E+01            -0.724E-31
            -0.472E+01             0.714E-31
            -0.470E+01            -0.203E-30
            -0.468E+01            -0.660E-31
            -0.467E+01             0.825E-31
            -0.465E+01             0.523E-32
            -0.464E+01             0.157E-30
            -0.462E+01            -0.126E-30
            -0.461E+01             0.868E-31
            -0.459E+01             0.185E-31
            -0.458E+01            -0.875E-31
            -0.456E+01             0.217E-31
            -0.454E+01            -0.139E-31
            -0.453E+01            -0.116E-31
            -0.451E+01            -0.528E-31
            -0.450E+01            -0.329E-31
            -0.448E+01            -0.277E-31
            -0.447E+01             0.188E-31
            -0.445E+01             0.446E-32
            -0.444E+01            -0.893E-32
            -0.442E+01            -0.111E-30
            -0.441E+01             0.240E-30
            -0.439E+01            -0.952E-31
            -0.437E+01             0.236E-30
            -0.436E+01             0.110E-30
            -0.434E+01             0.161E-30
            -0.433E+01             0.229E-32
            -0.431E+01            -0.849E-31
            -0.430E+01             0.451E-31
            -0.428E+01            -0.650E-31
            -0.427E+01             0.896E-32
            -0.425E+01            -0.150E-30
            -0.423E+01             0.211E-32
            -0.422E+01            -0.100E-31
            -0.420E+01             0.235E-31
            -0.419E+01            -0.447E-31
            -0.417E+01            -0.383E-32
            -0.416E+01            -0.791E-31
            -0.414E+01            -0.317E-31
            -0.413E+01            -0.221E-31
            -0.411E+01             0.621E-32
            -0.409E+01            -0.484E-30
            -0.408E+01            -0.800E-31
            -0.406E+01            -0.345E-31
            -0.405E+01             0.862E-31
            -0.403E+01            -0.729E-31
            -0.402E+01             0.657E-31
            -0.400E+01             0.946E-31
            -0.399E+01             0.189E-30
            -0.397E+01             0.105E-30
            -0.395E+01             0.142E-30
            -0.394E+01             0.243E-30
            -0.392E+01            -0.252E-31
            -0.391E+01             0.109E-30
            -0.389E+01            -0.854E-31
            -0.388E+01            -0.898E-31
            -0.386E+01             0.838E-31
            -0.385E+01             0.518E-31
            -0.383E+01            -0.163E-31
            -0.381E+01            -0.535E-31
            -0.380E+01            -0.896E-32
            -0.378E+01             0.825E-30
            -0.377E+01             0.853E-31
            -0.375E+01             0.135E-30
            -0.374E+01             0.106E-29
            -0.372E+01             0.236E-30
            -0.371E+01             0.333E-30
            -0.369E+01             0.863E-31
            -0.367E+01             0.138E-30
            -0.366E+01             0.146E-30
            -0.364E+01             0.485E-30
            -0.363E+01             0.315E-30
            -0.361E+01             0.233E-30
            -0.360E+01            -0.229E-30
            -0.358E+01            -0.374E-30
            -0.357E+01            -0.633E-30
            -0.355E+01            -0.498E-31
            -0.353E+01            -0.788E-31
            -0.352E+01             0.133E-30
            -0.350E+01            -0.103E-30
            -0.349E+01             0.374E-30
            -0.347E+01             0.314E-30
            -0.346E+01            -0.186E-30
            -0.344E+01             0.324E-30
            -0.343E+01            -0.472E-30
            -0.341E+01             0.141E-30
            -0.340E+01            -0.517E-30
            -0.338E+01             0.592E-30
            -0.336E+01             0.611E-30
            -0.335E+01             0.519E-30
            -0.333E+01             0.115E-29
            -0.332E+01             0.465E-30
            -0.330E+01             0.123E-29
            -0.329E+01             0.160E-30
            -0.327E+01            -0.361E-30
            -0.326E+01            -0.503E-30
            -0.324E+01            -0.613E-30
            -0.322E+01            -0.501E-30
            -0.321E+01            -0.140E-30
            -0.319E+01            -0.530E-30
            -0.318E+01             0.148E-30
            -0.316E+01             0.123E-30
            -0.315E+01            -0.179E-31
            -0.313E+01             0.643E-30
            -0.312E+01             0.247E-30
            -0.310E+01            -0.114E-29
            -0.308E+01            -0.155E-30
            -0.307E+01            -0.410E-30
            -0.305E+01            -0.371E-30
            -0.304E+01            -0.515E-30
            -0.302E+01            -0.373E-31
            -0.301E+01             0.666E-30
            -0.299E+01             0.538E-30
            -0.298E+01            -0.168E-30
            -0.296E+01             0.465E-30
            -0.294E+01             0.926E-30
            -0.293E+01            -0.295E-30
            -0.291E+01            -0.927E-30
            -0.290E+01            -0.318E-30
            -0.288E+01            -0.314E-30
            -0.287E+01            -0.549E-30
            -0.285E+01             0.349E-30
            -0.284E+01             0.161E-30
            -0.282E+01            -0.990E-32
            -0.280E+01            -0.123E-30
            -0.279E+01            -0.957E-30
            -0.277E+01            -0.152E-29
            -0.276E+01            -0.596E-30
            -0.274E+01             0.137E-30
            -0.273E+01            -0.550E-31
            -0.271E+01            -0.782E-30
            -0.270E+01            -0.109E-29
            -0.268E+01            -0.262E-29
            -0.266E+01            -0.512E-29
            -0.265E+01            -0.131E-28
            -0.263E+01            -0.294E-28
            -0.262E+01            -0.666E-28
            -0.260E+01            -0.147E-27
            -0.259E+01            -0.324E-27
            -0.257E+01            -0.705E-27
            -0.256E+01            -0.153E-26
            -0.254E+01            -0.330E-26
            -0.252E+01            -0.710E-26
            -0.251E+01            -0.152E-25
            -0.249E+01            -0.324E-25
            -0.248E+01            -0.686E-25
            -0.246E+01            -0.145E-24
            -0.245E+01            -0.304E-24
            -0.243E+01            -0.637E-24
            -0.242E+01            -0.133E-23
            -0.240E+01            -0.275E-23
            -0.239E+01            -0.567E-23
            -0.237E+01            -0.116E-22
            -0.235E+01            -0.238E-22
            -0.234E+01            -0.484E-22
            -0.232E+01            -0.981E-22
            -0.231E+01            -0.198E-21
            -0.229E+01            -0.397E-21
            -0.228E+01            -0.794E-21
            -0.226E+01            -0.158E-20
            -0.225E+01            -0.313E-20
            -0.223E+01            -0.616E-20
            -0.221E+01            -0.121E-19
            -0.220E+01            -0.236E-19
            -0.218E+01            -0.458E-19
            -0.217E+01            -0.887E-19
            -0.215E+01            -0.171E-18
            -0.214E+01            -0.327E-18
            -0.212E+01            -0.625E-18
            -0.211E+01            -0.119E-17
            -0.209E+01            -0.224E-17
            -0.207E+01            -0.422E-17
            -0.206E+01            -0.790E-17
            -0.204E+01            -0.147E-16
            -0.203E+01            -0.273E-16
            -0.201E+01            -0.504E-16
            -0.200E+01            -0.927E-16
            -0.198E+01            -0.170E-15
            -0.197E+01            -0.309E-15
            -0.195E+01            -0.560E-15
            -0.193E+01            -0.101E-14
            -0.192E+01            -0.181E-14
            -0.190E+01            -0.324E-14
            -0.189E+01            -0.576E-14
            -0.187E+01            -0.102E-13
            -0.186E+01            -0.180E-13
            -0.184E+01            -0.315E-13
            -0.183E+01            -0.550E-13
            -0.181E+01            -0.956E-13
            -0.179E+01            -0.165E-12
            -0.178E+01            -0.285E-12
            -0.176E+01            -0.487E-12
            -0.175E+01            -0.831E-12
            -0.173E+01            -0.141E-11
            -0.172E+01            -0.238E-11
            -0.170E+01            -0.400E-11
            -0.169E+01            -0.669E-11
            -0.167E+01            -0.111E-10
            -0.165E+01            -0.185E-10
            -0.164E+01            -0.304E-10
            -0.162E+01            -0.499E-10
            -0.161E+01            -0.816E-10
            -0.159E+01            -0.133E-09
            -0.158E+01            -0.214E-09
            -0.156E+01            -0.345E-09
            -0.155E+01            -0.553E-09
            -0.153E+01            -0.882E-09
            -0.151E+01            -0.140E-08
            -0.150E+01            -0.221E-08
            -0.148E+01            -0.347E-08
            -0.147E+01            -0.543E-08
            -0.145E+01            -0.846E-08
            -0.144E+01            -0.131E-07
            -0.142E+01            -0.202E-07
            -0.141E+01            -0.310E-07
            -0.139E+01            -0.473E-07
            -0.138E+01            -0.719E-07
            -0.136E+01            -0.109E-06
            -0.134E+01            -0.164E-06
            -0.133E+01            -0.245E-06
            -0.131E+01            -0.365E-06
            -0.130E+01            -0.541E-06
            -0.128E+01            -0.799E-06
            -0.127E+01            -0.117E-05
            -0.125E+01            -0.171E-05
            -0.124E+01            -0.249E-05
            -0.122E+01            -0.361E-05
            -0.120E+01            -0.520E-05
            -0.119E+01            -0.745E-05
            -0.117E+01            -0.106E-04
            -0.116E+01            -0.151E-04
            -0.114E+01            -0.213E-04
            -0.113E+01            -0.299E-04
            -0.111E+01            -0.418E-04
            -0.110E+01            -0.581E-04
            -0.108E+01            -0.804E-04
            -0.106E+01            -0.111E-03
            -0.105E+01            -0.152E-03
            -0.103E+01            -0.207E-03
            -0.102E+01            -0.281E-03
            -0.100E+01            -0.379E-03
            -0.987E+00            -0.510E-03
            -0.971E+00            -0.681E-03
            -0.956E+00            -0.906E-03
            -0.940E+00            -0.120E-02
            -0.925E+00            -0.158E-02
            -0.909E+00            -0.207E-02
            -0.893E+00            -0.269E-02
            -0.878E+00            -0.349E-02
            -0.862E+00            -0.451E-02
            -0.847E+00            -0.578E-02
            -0.831E+00            -0.738E-02
            -0.816E+00            -0.938E-02
            -0.800E+00            -0.119E-01
            -0.785E+00            -0.149E-01
            -0.769E+00            -0.186E-01
            -0.754E+00            -0.232E-01
            -0.738E+00            -0.287E-01
            -0.723E+00            -0.354E-01
            -0.707E+00            -0.433E-01
            -0.691E+00            -0.528E-01
            -0.676E+00            -0.640E-01
            -0.660E+00            -0.771E-01
            -0.645E+00            -0.925E-01
            -0.629E+00            -0.110E+00
            -0.614E+00            -0.131E+00
            -0.598E+00            -0.154E+00
            -0.583E+00            -0.181E+00
            -0.567E+00            -0.212E+00
            -0.552E+00            -0.245E+00
            -0.536E+00            -0.283E+00
            -0.521E+00            -0.325E+00
            -0.505E+00            -0.371E+00
            -0.489E+00            -0.421E+00
            -0.474E+00            -0.475E+00
            -0.458E+00            -0.532E+00
            -0.443E+00            -0.593E+00
            -0.427E+00            -0.658E+00
            -0.412E+00            -0.724E+00
            -0.396E+00            -0.793E+00
            -0.381E+00            -0.862E+00
            -0.365E+00            -0.932E+00
            -0.350E+00            -0.100E+01
            -0.334E+00            -0.107E+01
            -0.319E+00            -0.113E+01
            -0.303E+00            -0.119E+01
            -0.287E+00            -0.124E+01
            -0.272E+00            -0.128E+01
            -0.256E+00            -0.132E+01
            -0.241E+00            -0.135E+01
            -0.225E+00            -0.136E+01
            -0.210E+00            -0.136E+01
            -0.194E+00            -0.135E+01
            -0.179E+00            -0.132E+01
            -0.163E+00            -0.128E+01
            -0.148E+00            -0.123E+01
            -0.132E+00            -0.116E+01
            -0.117E+00            -0.107E+01
            -0.101E+00            -0.972E+00
            -0.855E-01            -0.859E+00
            -0.699E-01            -0.735E+00
            -0.544E-01            -0.601E+00
            -0.388E-01            -0.459E+00
            -0.233E-01            -0.309E+00
            -0.777E-02            -0.156E+00
             0.777E-02             0.177E-12
             0.233E-01             0.156E+00
             0.388E-01             0.309E+00
             0.544E-01             0.459E+00
             0.699E-01             0.601E+00
             0.855E-01             0.735E+00
             0.101E+00             0.859E+00
             0.117E+00             0.972E+00
             0.132E+00             0.107E+01
             0.148E+00             0.116E+01
             0.163E+00             0.123E+01
             0.179E+00             0.128E+01
             0.194E+00             0.132E+01
             0.210E+00             0.135E+01
             0.225E+00             0.136E+01
             0.241E+00             0.136E+01
             0.256E+00             0.135E+01
             0.272E+00             0.132E+01
             0.287E+00             0.128E+01
             0.303E+00             0.124E+01
             0.319E+00             0.119E+01
             0.334E+00             0.113E+01
             0.350E+00             0.107E+01
             0.365E+00             0.100E+01
             0.381E+00             0.932E+00
             0.396E+00             0.862E+00
             0.412E+00             0.793E+00
             0.427E+00             0.724E+00
             0.443E+00             0.658E+00
             0.458E+00             0.593E+00
             0.474E+00             0.532E+00
             0.489E+00             0.475E+00
             0.505E+00             0.421E+00
             0.521E+00             0.371E+00
             0.536E+00             0.325E+00
             0.552E+00             0.283E+00
             0.567E+00             0.245E+00
             0.583E+00             0.212E+00
             0.598E+00             0.181E+00
             0.614E+00             0.154E+00
             0.629E+00             0.131E+00
             0.645E+00             0.110E+00
             0.660E+00             0.925E-01
             0.676E+00             0.771E-01
             0.691E+00             0.640E-01
             0.707E+00             0.528E-01
             0.723E+00             0.433E-01
             0.738E+00             0.354E-01
             0.754E+00             0.287E-01
             0.769E+00             0.232E-01
             0.785E+00             0.186E-01
             0.800E+00             0.149E-01
             0.816E+00             0.119E-01
             0.831E+00             0.938E-02
             0.847E+00             0.738E-02
             0.862E+00             0.578E-02
             0.878E+00             0.451E-02
             0.893E+00             0.349E-02
             0.909E+00             0.269E-02
             0.925E+00             0.207E-02
             0.940E+00             0.158E-02
             0.956E+00             0.120E-02
             0.971E+00             0.906E-03
             0.987E+00             0.681E-03
             0.100E+01             0.510E-03
             0.102E+01             0.379E-03
             0.103E+01             0.281E-03
             0.105E+01             0.207E-03
             0.106E+01             0.152E-03
             0.108E+01             0.111E-03
             0.110E+01             0.804E-04
             0.111E+01             0.581E-04
             0.113E+01             0.418E-04
             0.114E+01             0.299E-04
             0.116E+01             0.213E-04
             0.117E+01             0.151E-04
             0.119E+01             0.106E-04
             0.120E+01             0.745E-05
             0.122E+01             0.520E-05
             0.124E+01             0.361E-05
             0.125E+01             0.249E-05
             0.127E+01             0.171E-05
             0.128E+01             0.117E-05
             0.130E+01             0.799E-06
             0.131E+01             0.541E-06
             0.133E+01             0.365E-06
             0.134E+01             0.245E-06
             0.136E+01             0.164E-06
             0.138E+01             0.109E-06
             0.139E+01             0.719E-07
             0.141E+01             0.473E-07
             0.142E+01             0.310E-07
             0.144E+01             0.202E-07
             0.145E+01             0.131E-07
             0.147E+01             0.846E-08
             0.148E+01             0.543E-08
             0.150E+01             0.347E-08
             0.151E+01             0.221E-08
             0.153E+01             0.140E-08
             0.155E+01             0.882E-09
             0.156E+01             0.553E-09
             0.158E+01             0.345E-09
             0.159E+01             0.214E-09
             0.161E+01             0.133E-09
             0.162E+01             0.816E-10
             0.164E+01             0.499E-10
             0.165E+01             0.304E-10
             0.167E+01             0.185E-10
             0.169E+01             0.111E-10
             0.170E+01             0.669E-11
             0.172E+01             0.400E-11
             0.173E+01             0.238E-11
             0.175E+01             0.141E-11
             0.176E+01             0.835E-12
             0.178E+01             0.488E-12
             0.179E+01             0.284E-12
             0.181E+01             0.162E-12
             0.183E+01             0.925E-13
             0.184E+01             0.528E-13
             0.186E+01             0.267E-13
             0.187E+01             0.174E-13
             0.189E+01             0.725E-14
             0.190E+01             0.627E-14
             0.192E+01            -0.140E-15
             0.193E+01            -0.321E-14
             0.195E+01            -0.129E-14
             0.197E+01            -0.278E-14
             0.198E+01            -0.305E-14
             0.200E+01            -0.208E-14
             0.201E+01             0.171E-14
             0.203E+01            -0.218E-14
             0.204E+01             0.548E-15
             0.206E+01            -0.357E-14
             0.207E+01             0.256E-14
             0.209E+01             0.447E-15
             0.211E+01             0.455E-14
             0.212E+01             0.552E-15
             0.214E+01            -0.174E-14
             0.215E+01             0.868E-17
             0.217E+01            -0.168E-14
             0.218E+01            -0.399E-14
             0.220E+01            -0.604E-14
             0.221E+01            -0.369E-14
             0.223E+01             0.350E-15
             0.225E+01             0.324E-14
             0.226E+01             0.861E-15
             0.228E+01            -0.497E-14
             0.229E+01            -0.348E-14
             0.231E+01            -0.164E-14
             0.232E+01            -0.401E-14
             0.234E+01            -0.770E-15
             0.235E+01             0.374E-14
             0.237E+01            -0.107E-14
             0.239E+01            -0.301E-14
             0.240E+01            -0.500E-14
             0.242E+01            -0.631E-15
             0.243E+01             0.173E-14
             0.245E+01            -0.815E-15
             0.246E+01            -0.116E-14
             0.248E+01            -0.486E-14
             0.249E+01            -0.377E-14
             0.251E+01            -0.314E-15
             0.252E+01             0.677E-15
             0.254E+01             0.551E-16
             0.256E+01             0.147E-14
             0.257E+01             0.935E-15
             0.259E+01             0.333E-15
             0.260E+01             0.241E-14
             0.262E+01             0.691E-15
             0.263E+01             0.326E-15
             0.265E+01             0.547E-15
             0.266E+01             0.336E-14
             0.268E+01             0.449E-15
             0.270E+01            -0.119E-14
             0.271E+01            -0.131E-14
             0.273E+01             0.448E-15
             0.274E+01            -0.646E-15
             0.276E+01             0.125E-14
             0.277E+01             0.829E-15
             0.279E+01             0.180E-14
             0.280E+01            -0.361E-15
             0.282E+01             0.197E-14
             0.284E+01             0.877E-15
             0.285E+01             0.120E-14
             0.287E+01             0.162E-14
             0.288E+01             0.279E-14
             0.290E+01             0.241E-15
             0.291E+01            -0.138E-14
             0.293E+01            -0.313E-15
             0.294E+01            -0.967E-15
             0.296E+01            -0.707E-15
             0.298E+01            -0.621E-15
             0.299E+01            -0.113E-14
             0.301E+01            -0.173E-14
             0.302E+01             0.252E-15
             0.304E+01             0.122E-14
             0.305E+01             0.944E-16
             0.307E+01            -0.245E-14
             0.308E+01            -0.169E-14
             0.310E+01             0.138E-15
             0.312E+01            -0.289E-15
             0.313E+01             0.474E-15
             0.315E+01            -0.235E-14
             0.316E+01             0.132E-15
             0.318E+01             0.131E-15
             0.319E+01            -0.158E-14
             0.321E+01            -0.120E-15
             0.322E+01             0.991E-15
             0.324E+01             0.231E-14
             0.326E+01            -0.108E-15
             0.327E+01            -0.126E-14
             0.329E+01             0.582E-16
             0.330E+01            -0.131E-14
             0.332E+01            -0.116E-14
             0.333E+01             0.152E-14
             0.335E+01             0.191E-15
             0.336E+01             0.636E-16
             0.338E+01            -0.308E-14
             0.340E+01            -0.277E-14
             0.341E+01            -0.150E-14
             0.343E+01             0.104E-15
             0.344E+01            -0.818E-15
             0.346E+01            -0.108E-14
             0.347E+01            -0.945E-15
             0.349E+01            -0.731E-16
             0.350E+01             0.145E-14
             0.352E+01             0.917E-15
             0.353E+01             0.153E-14
             0.355E+01            -0.848E-15
             0.357E+01            -0.196E-14
             0.358E+01            -0.123E-14
             0.360E+01             0.713E-15
             0.361E+01            -0.135E-15
             0.363E+01             0.713E-15
             0.364E+01             0.351E-15
             0.366E+01             0.616E-15
             0.367E+01             0.240E-15
             0.369E+01             0.166E-14
             0.371E+01            -0.106E-14
             0.372E+01            -0.672E-15
             0.374E+01            -0.212E-14
             0.375E+01             0.801E-15
             0.377E+01             0.183E-14
             0.378E+01             0.708E-15
             0.380E+01            -0.782E-15
             0.381E+01             0.147E-14
             0.383E+01            -0.458E-15
             0.385E+01             0.641E-15
             0.386E+01             0.182E-14
             0.388E+01             0.723E-15
             0.389E+01            -0.504E-15
             0.391E+01            -0.155E-14
             0.392E+01             0.116E-15
             0.394E+01             0.162E-14
             0.395E+01            -0.342E-15
             0.397E+01            -0.523E-15
             0.399E+01             0.155E-15
             0.400E+01             0.913E-15
             0.402E+01             0.122E-14
             0.403E+01             0.743E-15
             0.405E+01            -0.162E-15
             0.406E+01            -0.110E-14
             0.408E+01            -0.835E-15
             0.409E+01             0.582E-15
             0.411E+01            -0.466E-15
             0.413E+01             0.950E-15
             0.414E+01             0.971E-15
             0.416E+01             0.552E-15
             0.417E+01            -0.558E-16
             0.419E+01            -0.725E-15
             0.420E+01            -0.131E-14
             0.422E+01            -0.811E-15
             0.423E+01             0.735E-15
             0.425E+01             0.540E-15
             0.427E+01             0.169E-14
             0.428E+01             0.131E-15
             0.430E+01            -0.450E-15
             0.431E+01            -0.155E-15
             0.433E+01            -0.635E-15
             0.434E+01            -0.393E-17
             0.436E+01            -0.617E-15
             0.437E+01            -0.127E-14
             0.439E+01            -0.868E-15
             0.441E+01             0.213E-15
             0.442E+01             0.874E-15
             0.444E+01            -0.941E-15
             0.445E+01            -0.109E-14
             0.447E+01             0.526E-15
             0.448E+01            -0.122E-14
             0.450E+01            -0.248E-15
             0.451E+01            -0.948E-15
             0.453E+01             0.108E-14
             0.454E+01             0.169E-15
             0.456E+01             0.387E-15
             0.458E+01            -0.349E-15
             0.459E+01            -0.370E-15
             0.461E+01            -0.821E-17
             0.462E+01             0.225E-14
             0.464E+01             0.196E-14
             0.465E+01            -0.616E-15
             0.467E+01             0.992E-15
             0.468E+01             0.869E-15
             0.470E+01             0.848E-15
             0.472E+01            -0.700E-15
             0.473E+01             0.471E-15
             0.475E+01             0.406E-17
             0.476E+01            -0.416E-15
             0.478E+01             0.403E-15
             0.479E+01            -0.351E-15
             0.481E+01             0.302E-15
             0.482E+01            -0.660E-15
             0.484E+01             0.245E-15
             0.486E+01            -0.148E-14
             0.487E+01             0.127E-14
             0.489E+01            -0.108E-14
             0.490E+01            -0.137E-15
             0.492E+01            -0.956E-15
             0.493E+01             0.724E-15
             0.495E+01             0.475E-15
             0.496E+01             0.507E-15
             0.498E+01            -0.121E-14
             0.500E+01             0.893E-15
             0.501E+01            -0.331E-15
             0.503E+01             0.192E-14
             0.504E+01            -0.281E-14
             0.506E+01             0.206E-14
             0.507E+01            -0.890E-15
             0.509E+01             0.680E-15
             0.510E+01            -0.192E-15
             0.512E+01             0.578E-15
             0.514E+01             0.378E-15
             0.515E+01            -0.135E-15
             0.517E+01             0.452E-15
             0.518E+01            -0.172E-14
             0.520E+01             0.120E-14
             0.521E+01            -0.140E-14
             0.523E+01             0.892E-15
             0.524E+01            -0.175E-14
             0.526E+01             0.522E-15
             0.528E+01             0.949E-15
             0.529E+01            -0.517E-15
             0.531E+01             0.479E-15
             0.532E+01             0.243E-15
             0.534E+01            -0.759E-16
             0.535E+01             0.206E-14
             0.537E+01            -0.162E-14
             0.538E+01             0.561E-15
             0.540E+01             0.387E-15
             0.542E+01             0.233E-15
             0.543E+01             0.966E-15
             0.545E+01            -0.203E-14
             0.546E+01            -0.184E-14
             0.548E+01             0.167E-14
             0.549E+01            -0.124E-14
             0.551E+01             0.135E-14
             0.552E+01            -0.844E-15
             0.554E+01            -0.169E-14
             0.555E+01             0.370E-15
             0.557E+01            -0.119E-14
             0.559E+01            -0.190E-14
             0.560E+01            -0.235E-15
             0.562E+01            -0.196E-14
             0.563E+01             0.692E-15
             0.565E+01            -0.186E-14
             0.566E+01             0.694E-15
             0.568E+01            -0.149E-14
             0.569E+01             0.107E-14
             0.571E+01            -0.144E-15
             0.573E+01             0.661E-15
             0.574E+01             0.212E-14
             0.576E+01            -0.184E-14
             0.577E+01             0.634E-15
             0.579E+01            -0.233E-15
             0.580E+01            -0.433E-15
             0.582E+01             0.139E-14
             0.583E+01            -0.789E-15
             0.585E+01             0.161E-14
             0.587E+01            -0.784E-15
             0.588E+01             0.427E-15
             0.590E+01            -0.132E-14
             0.591E+01             0.141E-14
             0.593E+01            -0.259E-15
             0.594E+01             0.816E-15
             0.596E+01             0.212E-14
             0.597E+01            -0.272E-15
             0.599E+01            -0.839E-15
             0.601E+01            -0.787E-15
             0.602E+01            -0.592E-15
             0.604E+01            -0.212E-16
             0.605E+01            -0.138E-14
             0.607E+01             0.233E-14
             0.608E+01            -0.192E-14
             0.610E+01             0.324E-14
             0.611E+01            -0.110E-14
             0.613E+01             0.212E-14
             0.615E+01             0.178E-14
             0.616E+01            -0.244E-14
             0.618E+01             0.144E-14
             0.619E+01            -0.189E-15
             0.621E+01            -0.245E-14
             0.622E+01             0.376E-14
             0.624E+01            -0.171E-14
             0.625E+01             0.349E-15
             0.627E+01             0.535E-15
             0.629E+01             0.366E-15
             0.630E+01            -0.121E-14
             0.632E+01            -0.172E-14
             0.633E+01             0.208E-14
             0.635E+01            -0.288E-14
             0.636E+01            -0.865E-15
             0.638E+01            -0.585E-15
             0.639E+01            -0.181E-14
             0.641E+01             0.171E-14
             0.643E+01            -0.382E-14
             0.644E+01             0.133E-14
             0.646E+01             0.150E-14
             0.647E+01            -0.843E-15
             0.649E+01             0.150E-14
             0.650E+01             0.826E-15
             0.652E+01            -0.122E-14
             0.653E+01             0.165E-14
             0.655E+01            -0.400E-15
             0.656E+01             0.138E-15
             0.658E+01             0.119E-15
             0.660E+01            -0.642E-15
             0.661E+01             0.174E-15
             0.663E+01             0.919E-15
             0.664E+01            -0.377E-15
             0.666E+01            -0.727E-15
             0.667E+01             0.561E-15
             0.669E+01            -0.128E-14
             0.670E+01            -0.260E-14
             0.672E+01             0.127E-15
             0.674E+01             0.422E-15
             0.675E+01            -0.737E-15
             0.677E+01             0.230E-14
             0.678E+01            -0.308E-15
             0.680E+01            -0.190E-14
             0.681E+01             0.632E-15
             0.683E+01             0.132E-14
             0.684E+01            -0.157E-14
             0.686E+01             0.122E-14
             0.688E+01             0.478E-15
             0.689E+01            -0.193E-14
             0.691E+01            -0.822E-15
             0.692E+01             0.364E-15
             0.694E+01             0.448E-15
             0.695E+01            -0.644E-15
             0.697E+01            -0.872E-15
             0.698E+01            -0.196E-15
             0.700E+01             0.985E-15
