  341             0.293E-01             0.176E+04
  481             0.208E-01             0.981E+03
  621             0.161E-01             0.271E+03
  761             0.131E-01             0.103E+03
  901             0.111E-01             0.443E+02
 1041             0.961E-02             0.210E+02
 1181             0.847E-02             0.110E+02
 1321             0.757E-02             0.656E+01
 1461             0.684E-02             0.465E+01
 1601             0.625E-02             0.396E+01
